1	  0.000000	  0.000000	  0.374692	  0.625308	  0.000000	   0.0	   0.0	 477.4	 523.7	   0.0	  0.000000	  0.000000	  0.374692	  0.625308	  0.000000
2	  0.000000	  0.000000	  0.315504	  0.680685	  0.003811	   0.0	   0.0	 480.4	 532.0	 601.8	  0.000000	  0.000000	  0.315504	  0.680685	  0.003811
3	  0.000000	  0.000000	  0.000000	  1.000000	  0.000000	   0.0	   0.0	   0.0	 565.8	   0.0	  0.000000	  0.000000	  0.000000	  1.000000	  0.000000
4	  1.000000	  0.000000	  0.000000	  0.000000	  0.000000	 272.8	   0.0	   0.0	   0.0	   0.0	  1.000000	  0.000000	  0.000000	  0.000000	  0.000000
5	  1.000000	  0.000000	  0.000000	  0.000000	  0.000000	 239.0	   0.0	   0.0	   0.0	   0.0	  1.000000	  0.000000	  0.000000	  0.000000	  0.000000
6	  1.000000	  0.000000	  0.000000	  0.000000	  0.000000	 282.6	   0.0	   0.0	   0.0	   0.0	  1.000000	  0.000000	  0.000000	  0.000000	  0.000000
7	  0.000000	  0.145028	  0.854972	  0.000000	  0.000000	   0.0	 387.5	 422.4	   0.0	   0.0	  0.000000	  0.145028	  0.854972	  0.000000	  0.000000
8	  0.000000	  0.000000	  1.000000	  0.000000	  0.000000	   0.0	   0.0	 456.3	   0.0	   0.0	  0.000000	  0.000000	  1.000000	  0.000000	  0.000000
9	  0.000000	  0.098020	  0.688492	  0.213488	  0.000000	   0.0	 387.9	 440.3	 527.0	   0.0	  0.000000	  0.098020	  0.688492	  0.213488	  0.000000
10	  0.000000	  0.199227	  0.653418	  0.147354	  0.000000	   0.0	 387.0	 437.7	 519.7	   0.0	  0.000000	  0.199227	  0.653418	  0.147354	  0.000000
11	  0.000000	  0.034892	  0.522949	  0.442159	  0.000000	   0.0	 395.4	 444.5	 536.3	   0.0	  0.000000	  0.034892	  0.522949	  0.442159	  0.000000
12	  0.324591	  0.675409	  0.000000	  0.000000	  0.000000	 285.4	 317.0	   0.0	   0.0	   0.0	  0.324591	  0.675409	  0.000000	  0.000000	  0.000000
13	  0.800648	  0.199352	  0.000000	  0.000000	  0.000000	 254.5	 314.3	   0.0	   0.0	   0.0	  0.800648	  0.199352	  0.000000	  0.000000	  0.000000
14	  0.703444	  0.296556	  0.000000	  0.000000	  0.000000	 262.8	 316.9	   0.0	   0.0	   0.0	  0.703444	  0.296556	  0.000000	  0.000000	  0.000000
15	  0.000000	  1.000000	  0.000000	  0.000000	  0.000000	   0.0	 334.9	   0.0	   0.0	   0.0	  0.000000	  1.000000	  0.000000	  0.000000	  0.000000
16	  0.000000	  1.000000	  0.000000	  0.000000	  0.000000	   0.0	 349.6	   0.0	   0.0	   0.0	  0.000000	  1.000000	  0.000000	  0.000000	  0.000000
17	  0.000000	  0.960528	  0.039472	  0.000000	  0.000000	   0.0	 357.7	 423.3	   0.0	   0.0	  0.000000	  0.960528	  0.039472	  0.000000	  0.000000
18	  0.000000	  0.428351	  0.571649	  0.000000	  0.000000	   0.0	 370.8	 426.5	   0.0	   0.0	  0.000000	  0.428351	  0.571649	  0.000000	  0.000000
19	  0.000000	  0.220312	  0.779688	  0.000000	  0.000000	   0.0	 369.4	 439.2	   0.0	   0.0	  0.000000	  0.220312	  0.779688	  0.000000	  0.000000
20	  0.000000	  0.766108	  0.233892	  0.000000	  0.000000	   0.0	 358.5	 433.0	   0.0	   0.0	  0.000000	  0.766108	  0.233892	  0.000000	  0.000000
21	  0.000000	  0.723209	  0.229879	  0.046912	  0.000000	   0.0	 360.2	 431.1	 530.5	   0.0	  0.000000	  0.723209	  0.229879	  0.046912	  0.000000
22	  0.000000	  0.355763	  0.572902	  0.071336	  0.000000	   0.0	 375.9	 439.7	 524.1	   0.0	  0.000000	  0.355763	  0.572902	  0.071336	  0.000000
23	  0.000000	  0.000000	  1.000000	  0.000000	  0.000000	   0.0	   0.0	 468.9	   0.0	   0.0	  0.000000	  0.000000	  1.000000	  0.000000	  0.000000
24	  0.443369	  0.556631	  0.000000	  0.000000	  0.000000	 281.6	 319.1	   0.0	   0.0	   0.0	  0.443369	  0.556631	  0.000000	  0.000000	  0.000000
25	  0.570980	  0.429020	  0.000000	  0.000000	  0.000000	 258.0	 324.1	   0.0	   0.0	   0.0	  0.570980	  0.429020	  0.000000	  0.000000	  0.000000
26	  0.118367	  0.881633	  0.000000	  0.000000	  0.000000	 283.2	 338.3	   0.0	   0.0	   0.0	  0.118367	  0.881633	  0.000000	  0.000000	  0.000000
27	  0.113582	  0.886418	  0.000000	  0.000000	  0.000000	 286.1	 329.4	   0.0	   0.0	   0.0	  0.113582	  0.886418	  0.000000	  0.000000	  0.000000
28	  0.000000	  0.992090	  0.007910	  0.000000	  0.000000	   0.0	 344.9	 414.1	   0.0	   0.0	  0.000000	  0.992090	  0.007910	  0.000000	  0.000000
29	  0.000000	  0.972038	  0.027962	  0.000000	  0.000000	   0.0	 347.3	 422.3	   0.0	   0.0	  0.000000	  0.972038	  0.027962	  0.000000	  0.000000
30	  0.000000	  0.729061	  0.270939	  0.000000	  0.000000	   0.0	 364.2	 443.7	   0.0	   0.0	  0.000000	  0.729061	  0.270939	  0.000000	  0.000000
31	  0.000000	  0.596582	  0.403418	  0.000000	  0.000000	   0.0	 361.3	 455.7	   0.0	   0.0	  0.000000	  0.596582	  0.403418	  0.000000	  0.000000
32	  0.000000	  1.000000	  0.000000	  0.000000	  0.000000	   0.0	 345.4	   0.0	   0.0	   0.0	  0.000000	  1.000000	  0.000000	  0.000000	  0.000000
33	  0.000000	  0.997993	  0.002007	  0.000000	  0.000000	   0.0	 365.4	 408.1	   0.0	   0.0	  0.000000	  0.997993	  0.002007	  0.000000	  0.000000
34	  0.000000	  0.512206	  0.410841	  0.076952	  0.000000	   0.0	 379.2	 439.6	 527.1	   0.0	  0.000000	  0.512206	  0.410841	  0.076952	  0.000000
35	  0.233623	  0.766377	  0.000000	  0.000000	  0.000000	 274.0	 333.8	   0.0	   0.0	   0.0	  0.233623	  0.766377	  0.000000	  0.000000	  0.000000
36	  0.586188	  0.413812	  0.000000	  0.000000	  0.000000	 267.9	 317.6	   0.0	   0.0	   0.0	  0.586188	  0.413812	  0.000000	  0.000000	  0.000000
37	  0.454910	  0.545090	  0.000000	  0.000000	  0.000000	 274.2	 319.9	   0.0	   0.0	   0.0	  0.454910	  0.545090	  0.000000	  0.000000	  0.000000
38	  0.079599	  0.920401	  0.000000	  0.000000	  0.000000	 289.9	 332.4	   0.0	   0.0	   0.0	  0.079599	  0.920401	  0.000000	  0.000000	  0.000000
39	  0.032286	  0.967714	  0.000000	  0.000000	  0.000000	 293.5	 341.1	   0.0	   0.0	   0.0	  0.032286	  0.967714	  0.000000	  0.000000	  0.000000
40	  0.063096	  0.936904	  0.000000	  0.000000	  0.000000	 293.1	 346.0	   0.0	   0.0	   0.0	  0.063096	  0.936904	  0.000000	  0.000000	  0.000000
41	  0.213919	  0.786081	  0.000000	  0.000000	  0.000000	 290.2	 331.9	   0.0	   0.0	   0.0	  0.213919	  0.786081	  0.000000	  0.000000	  0.000000
42	  0.002731	  0.997269	  0.000000	  0.000000	  0.000000	 298.3	 342.6	   0.0	   0.0	   0.0	  0.002731	  0.997269	  0.000000	  0.000000	  0.000000
43	  0.000000	  0.765469	  0.234531	  0.000000	  0.000000	   0.0	 375.1	 434.1	   0.0	   0.0	  0.000000	  0.765469	  0.234531	  0.000000	  0.000000
44	  0.000000	  0.985323	  0.014677	  0.000000	  0.000000	   0.0	 359.0	 403.0	   0.0	   0.0	  0.000000	  0.985323	  0.014677	  0.000000	  0.000000
45	  0.000000	  0.989373	  0.010627	  0.000000	  0.000000	   0.0	 369.0	 401.2	   0.0	   0.0	  0.000000	  0.989373	  0.010627	  0.000000	  0.000000
46	  0.000000	  0.876057	  0.123943	  0.000000	  0.000000	   0.0	 379.0	 413.1	   0.0	   0.0	  0.000000	  0.876057	  0.123943	  0.000000	  0.000000
47	  0.000000	  0.574046	  0.405724	  0.020231	  0.000000	   0.0	 383.7	 433.8	 510.8	   0.0	  0.000000	  0.574046	  0.405724	  0.020231	  0.000000
48	  0.000000	  0.125212	  0.864005	  0.010783	  0.000000	   0.0	 390.3	 431.8	 510.2	   0.0	  0.000000	  0.125212	  0.864005	  0.010783	  0.000000
49	  0.000000	  1.000000	  0.000000	  0.000000	  0.000000	   0.0	 347.3	   0.0	   0.0	   0.0	  0.000000	  1.000000	  0.000000	  0.000000	  0.000000
50	  0.136780	  0.863220	  0.000000	  0.000000	  0.000000	 286.7	 324.9	   0.0	   0.0	   0.0	  0.136780	  0.863220	  0.000000	  0.000000	  0.000000
51	  0.149605	  0.850395	  0.000000	  0.000000	  0.000000	 277.7	 332.0	   0.0	   0.0	   0.0	  0.149605	  0.850395	  0.000000	  0.000000	  0.000000
52	  0.475977	  0.524023	  0.000000	  0.000000	  0.000000	 275.1	 324.1	   0.0	   0.0	   0.0	  0.475977	  0.524023	  0.000000	  0.000000	  0.000000
53	  0.219140	  0.780860	  0.000000	  0.000000	  0.000000	 280.4	 335.9	   0.0	   0.0	   0.0	  0.219140	  0.780860	  0.000000	  0.000000	  0.000000
54	  0.192888	  0.807112	  0.000000	  0.000000	  0.000000	 285.2	 339.1	   0.0	   0.0	   0.0	  0.192888	  0.807112	  0.000000	  0.000000	  0.000000
55	  0.054920	  0.945080	  0.000000	  0.000000	  0.000000	 293.1	 350.6	   0.0	   0.0	   0.0	  0.054920	  0.945080	  0.000000	  0.000000	  0.000000
56	  0.146254	  0.853746	  0.000000	  0.000000	  0.000000	 296.1	 341.8	   0.0	   0.0	   0.0	  0.146254	  0.853746	  0.000000	  0.000000	  0.000000
57	  0.000000	  0.987797	  0.012203	  0.000000	  0.000000	   0.0	 350.4	 409.6	   0.0	   0.0	  0.000000	  0.987797	  0.012203	  0.000000	  0.000000
58	  0.000000	  0.995875	  0.004125	  0.000000	  0.000000	   0.0	 351.8	 401.3	   0.0	   0.0	  0.000000	  0.995875	  0.004125	  0.000000	  0.000000
59	  0.000000	  0.932335	  0.067665	  0.000000	  0.000000	   0.0	 383.0	 402.3	   0.0	   0.0	  0.000000	  0.932335	  0.067665	  0.000000	  0.000000
60	  0.000000	  0.790168	  0.209832	  0.000000	  0.000000	   0.0	 383.7	 405.5	   0.0	   0.0	  0.000000	  0.790168	  0.209832	  0.000000	  0.000000
61	  0.000000	  0.372027	  0.627973	  0.000000	  0.000000	   0.0	 384.4	 412.0	   0.0	   0.0	  0.000000	  0.372027	  0.627973	  0.000000	  0.000000
62	  0.000000	  0.225712	  0.774042	  0.000246	  0.000000	   0.0	 393.3	 413.1	 500.0	   0.0	  0.000000	  0.225712	  0.774042	  0.000246	  0.000000
63	  0.000000	  1.000000	  0.000000	  0.000000	  0.000000	   0.0	 352.1	   0.0	   0.0	   0.0	  0.000000	  1.000000	  0.000000	  0.000000	  0.000000
64	  0.147696	  0.852304	  0.000000	  0.000000	  0.000000	 282.5	 337.9	   0.0	   0.0	   0.0	  0.147696	  0.852304	  0.000000	  0.000000	  0.000000
65	  0.112552	  0.887448	  0.000000	  0.000000	  0.000000	 289.1	 335.6	   0.0	   0.0	   0.0	  0.112552	  0.887448	  0.000000	  0.000000	  0.000000
66	  0.036657	  0.963343	  0.000000	  0.000000	  0.000000	 296.6	 336.4	   0.0	   0.0	   0.0	  0.036657	  0.963343	  0.000000	  0.000000	  0.000000
67	  0.000000	  1.000000	  0.000000	  0.000000	  0.000000	   0.0	 350.3	   0.0	   0.0	   0.0	  0.000000	  1.000000	  0.000000	  0.000000	  0.000000
68	  0.000000	  1.000000	  0.000000	  0.000000	  0.000000	   0.0	 366.8	   0.0	   0.0	   0.0	  0.000000	  1.000000	  0.000000	  0.000000	  0.000000
69	  0.000000	  0.963371	  0.036629	  0.000000	  0.000000	   0.0	 362.2	 405.6	   0.0	   0.0	  0.000000	  0.963371	  0.036629	  0.000000	  0.000000
70	  0.000000	  0.995318	  0.004682	  0.000000	  0.000000	   0.0	 358.1	 401.9	   0.0	   0.0	  0.000000	  0.995318	  0.004682	  0.000000	  0.000000
71	  0.000000	  0.996990	  0.003010	  0.000000	  0.000000	   0.0	 362.0	 401.4	   0.0	   0.0	  0.000000	  0.996990	  0.003010	  0.000000	  0.000000
72	  0.000000	  0.971054	  0.028946	  0.000000	  0.000000	   0.0	 379.8	 401.7	   0.0	   0.0	  0.000000	  0.971054	  0.028946	  0.000000	  0.000000
73	  0.000000	  0.395195	  0.604805	  0.000000	  0.000000	   0.0	 387.9	 407.9	   0.0	   0.0	  0.000000	  0.395195	  0.604805	  0.000000	  0.000000
74	  0.000000	  0.000000	  0.986052	  0.013948	  0.000000	   0.0	   0.0	 424.5	 504.8	   0.0	  0.000000	  0.000000	  0.986052	  0.013948	  0.000000
75	  0.000000	  1.000000	  0.000000	  0.000000	  0.000000	   0.0	 353.6	   0.0	   0.0	   0.0	  0.000000	  1.000000	  0.000000	  0.000000	  0.000000
76	  0.000000	  1.000000	  0.000000	  0.000000	  0.000000	   0.0	 345.3	   0.0	   0.0	   0.0	  0.000000	  1.000000	  0.000000	  0.000000	  0.000000
77	  0.000000	  1.000000	  0.000000	  0.000000	  0.000000	   0.0	 355.7	   0.0	   0.0	   0.0	  0.000000	  1.000000	  0.000000	  0.000000	  0.000000
78	  0.000000	  1.000000	  0.000000	  0.000000	  0.000000	   0.0	 363.3	   0.0	   0.0	   0.0	  0.000000	  1.000000	  0.000000	  0.000000	  0.000000
79	  0.000000	  0.600211	  0.399789	  0.000000	  0.000000	   0.0	 380.7	 416.3	   0.0	   0.0	  0.000000	  0.600211	  0.399789	  0.000000	  0.000000
80	  0.000000	  0.290931	  0.709069	  0.000000	  0.000000	   0.0	 388.6	 415.3	   0.0	   0.0	  0.000000	  0.290931	  0.709069	  0.000000	  0.000000
81	  0.000000	  0.425382	  0.574618	  0.000000	  0.000000	   0.0	 387.8	 412.6	   0.0	   0.0	  0.000000	  0.425382	  0.574618	  0.000000	  0.000000
82	  0.000000	  0.998997	  0.001003	  0.000000	  0.000000	   0.0	 374.0	 402.8	   0.0	   0.0	  0.000000	  0.998997	  0.001003	  0.000000	  0.000000
83	  0.000000	  0.977129	  0.022871	  0.000000	  0.000000	   0.0	 379.9	 401.0	   0.0	   0.0	  0.000000	  0.977129	  0.022871	  0.000000	  0.000000
84	  0.000000	  0.425653	  0.574347	  0.000000	  0.000000	   0.0	 393.7	 404.8	   0.0	   0.0	  0.000000	  0.425653	  0.574347	  0.000000	  0.000000
85	  0.000000	  0.000000	  1.000000	  0.000000	  0.000000	   0.0	   0.0	 415.0	   0.0	   0.0	  0.000000	  0.000000	  1.000000	  0.000000	  0.000000
86	  0.000000	  0.000000	  1.000000	  0.000000	  0.000000	   0.0	   0.0	 428.1	   0.0	   0.0	  0.000000	  0.000000	  1.000000	  0.000000	  0.000000
87	  0.000000	  0.000000	  1.000000	  0.000000	  0.000000	   0.0	   0.0	 431.5	   0.0	   0.0	  0.000000	  0.000000	  1.000000	  0.000000	  0.000000
88	  0.000000	  0.213451	  0.786549	  0.000000	  0.000000	   0.0	 395.9	 414.7	   0.0	   0.0	  0.000000	  0.213451	  0.786549	  0.000000	  0.000000
89	  0.000000	  0.888164	  0.111836	  0.000000	  0.000000	   0.0	 383.7	 410.0	   0.0	   0.0	  0.000000	  0.888164	  0.111836	  0.000000	  0.000000
90	  0.000000	  0.916640	  0.083360	  0.000000	  0.000000	   0.0	 390.2	 401.6	   0.0	   0.0	  0.000000	  0.916640	  0.083360	  0.000000	  0.000000
91	  0.000000	  0.385576	  0.614424	  0.000000	  0.000000	   0.0	 393.1	 408.8	   0.0	   0.0	  0.000000	  0.385576	  0.614424	  0.000000	  0.000000
92	  0.000000	  0.000000	  1.000000	  0.000000	  0.000000	   0.0	   0.0	 416.2	   0.0	   0.0	  0.000000	  0.000000	  1.000000	  0.000000	  0.000000
