35.84375	-94.34375	0.071917	150623.9929	27.18227182	0.97266575	1.73501366	469.4409156	5
35.84375	-94.28125	0.438713	156446.0297	27.18227182	0.97266575	1.73501366	469.4409156	5
35.84375	-94.21875	0.007202	160262.7563	27.18227182	0.97266575	1.73501366	469.4409156	5
35.90625	-94.96875	0.078176	2236.318827	58.54822792	0.92435369	2.51091159	3300.590305	1
35.90625	-94.90625	0.396555	0	58.54822792	0.92435369	2.51091159	3300.590305	1
35.90625	-94.84375	0.009693	7918.263435	58.54822792	0.92435369	2.51091159	3300.590305	1
35.90625	-94.46875	0.185136	112524.1013	31.78662762	0.64890848	1.43980156	3992.50422	2
35.90625	-94.40625	0.069085	143626.9836	27.18227182	0.97266575	1.73501366	469.4409156	5
35.90625	-94.34375	1.301992	141098.9838	27.18227182	0.97266575	1.73501366	469.4409156	5
35.90625	-94.28125	1.589398	141708.8623	27.18227182	0.97266575	1.73501366	469.4409156	5
35.90625	-94.21875	0.47253	145291.0004	27.18227182	0.97266575	1.73501366	469.4409156	5
35.96875	-94.96875	0.380981	3091.169357	58.54822792	0.92435369	2.51091159	3300.590305	1
35.96875	-94.90625	1.585568	1787.703991	58.54822792	0.92435369	2.51091159	3300.590305	1
35.96875	-94.84375	0.964577	7955.499172	58.54822792	0.92435369	2.51091159	3300.590305	1
35.96875	-94.78125	0.006101	19591.02249	58.54822792	0.92435369	2.51091159	3300.590305	1
35.96875	-94.59375	0.052137	101103.2562	31.78662762	0.64890848	1.43980156	3992.50422	2
35.96875	-94.53125	0.647892	100954.2923	31.78662762	0.64890848	1.43980156	3992.50422	2
35.96875	-94.46875	1.552597	105510.9711	27.18227182	0.97266575	1.73501366	469.4409156	5
35.96875	-94.40625	1.51382	116706.8558	27.18227182	0.97266575	1.73501366	469.4409156	5
35.96875	-94.34375	1.588142	132378.9825	27.18227182	0.97266575	1.73501366	469.4409156	5
35.96875	-94.28125	1.588142	133858.017	27.18227182	0.97266575	1.73501366	469.4409156	5
35.96875	-94.21875	1.158683	140579.01	27.18227182	0.97266575	1.73501366	469.4409156	5
35.96875	-94.15625	0.001911	150608.5205	27.18227182	0.97266575	1.73501366	469.4409156	5
36.03125	-94.96875	0.130597	25074.76807	58.54822792	0.92435369	2.51091159	3300.590305	1
36.03125	-94.90625	1.485043	15893.7788	58.54822792	0.92435369	2.51091159	3300.590305	1
36.03125	-94.84375	1.586884	15960.98518	58.54822792	0.92435369	2.51091159	3300.590305	1
36.03125	-94.78125	0.919157	19566.19453	58.54822792	0.92435369	2.51091159	3300.590305	1
36.03125	-94.59375	0.644065	91894.46259	31.78662762	0.64890848	1.43980156	3992.50422	2
36.03125	-94.53125	1.586884	91341.84265	31.78662762	0.64890848	1.43980156	3992.50422	2
36.03125	-94.46875	1.586884	94278.31268	27.18227182	0.97266575	1.73501366	469.4409156	5
36.03125	-94.40625	1.586884	101239.3799	27.18227182	0.97266575	1.73501366	469.4409156	5
36.03125	-94.34375	1.586884	123393.2953	27.18227182	0.97266575	1.73501366	469.4409156	5
36.03125	-94.28125	1.586884	126743.0725	27.18227182	0.97266575	1.73501366	469.4409156	5
36.03125	-94.21875	1.078055	134779.7089	27.18227182	0.97266575	1.73501366	469.4409156	5
36.09375	-94.90625	0.685079	32902.21787	58.54822792	0.92435369	2.51091159	3300.590305	1
36.09375	-94.84375	1.585624	34575.53482	58.54822792	0.92435369	2.51091159	3300.590305	1
36.09375	-94.78125	1.584743	43037.78839	58.54822792	0.92435369	2.51091159	3300.590305	1
36.09375	-94.71875	1.16925	52589.45084	58.54822792	0.92435369	2.51091159	3300.590305	1
36.09375	-94.65625	0.779594	68804.61884	31.78662762	0.64890848	1.43980156	3992.50422	2
36.09375	-94.59375	1.554615	74888.59558	31.78662762	0.64890848	1.43980156	3992.50422	2
36.09375	-94.53125	1.585624	81966.52222	31.78662762	0.64890848	1.43980156	3992.50422	2
36.09375	-94.46875	1.585624	91049.04175	31.78662762	0.64890848	1.43980156	3992.50422	2
36.09375	-94.40625	1.585624	99207.81708	27.18227182	0.97266575	1.73501366	469.4409156	5
36.09375	-94.34375	1.585624	115325.7294	27.18227182	0.97266575	1.73501366	469.4409156	5
36.09375	-94.28125	1.585624	121852.5543	27.18227182	0.97266575	1.73501366	469.4409156	5
36.09375	-94.21875	1.561285	129848.8922	27.18227182	0.97266575	1.73501366	469.4409156	5
36.09375	-94.15625	1.357556	137521.698	31.78662762	0.64890848	1.43980156	3992.50422	2
36.09375	-94.09375	0.661857	146132.9193	31.78662762	0.64890848	1.43980156	3992.50422	2
36.15625	-94.90625	0.015753	50142.13181	58.54822792	0.92435369	2.51091159	3300.590305	1
36.15625	-94.84375	0.801908	46156.18134	58.54822792	0.92435369	2.51091159	3300.590305	1
36.15625	-94.78125	1.582294	46562.10709	33.41309834	0.999	5	3907.263665	3
36.15625	-94.71875	1.584362	52662.08649	33.41309834	0.999	5	3907.263665	3
36.15625	-94.65625	1.584362	64086.99036	33.41309834	0.999	5	3907.263665	3
36.15625	-94.59375	1.584362	73221.74072	33.41309834	0.999	5	3907.263665	3
36.15625	-94.53125	1.584362	81743.08014	33.41309834	0.999	5	3907.263665	3
36.15625	-94.46875	1.584362	91271.63696	33.41309834	0.999	5	3907.263665	3
36.15625	-94.40625	1.584362	101091.713	31.78662762	0.64890848	1.43980156	3992.50422	2
36.15625	-94.34375	1.584362	108664.0472	31.78662762	0.64890848	1.43980156	3992.50422	2
36.15625	-94.28125	1.584362	118029.9454	31.78662762	0.64890848	1.43980156	3992.50422	2
36.15625	-94.21875	1.584362	126398.3536	31.78662762	0.64890848	1.43980156	3992.50422	2
36.15625	-94.15625	1.584362	134406.1432	1	0.02264615	0.83554803	1909.91451	4
36.15625	-94.09375	1.078262	144945.1447	1	0.02264615	0.83554803	1909.91451	4
36.21875	-94.78125	0.385279	54846.37451	33.41309834	0.999	5	3907.263665	3
36.21875	-94.71875	1.309767	61251.54114	33.41309834	0.999	5	3907.263665	3
36.21875	-94.65625	1.583098	66195.1828	33.41309834	0.999	5	3907.263665	3
36.21875	-94.59375	1.583098	74163.45978	33.41309834	0.999	5	3907.263665	3
36.21875	-94.53125	1.583098	82355.19409	33.41309834	0.999	5	3907.263665	3
36.21875	-94.46875	1.583098	90361.5799	33.41309834	0.999	5	3907.263665	3
36.21875	-94.40625	1.583098	98215.14893	33.41309834	0.999	5	3907.263665	3
36.21875	-94.34375	1.583098	109997.4365	31.78662762	0.64890848	1.43980156	3992.50422	2
36.21875	-94.28125	1.583098	117856.2546	1	0.02264615	0.83554803	1909.91451	4
36.21875	-94.21875	1.583098	126114.1129	1	0.02264615	0.83554803	1909.91451	4
36.21875	-94.15625	1.583098	134451.5839	1	0.02264615	0.83554803	1909.91451	4
36.21875	-94.09375	0.528812	143662.384	1	0.02264615	0.83554803	1909.91451	4
36.28125	-94.71875	0.042987	71173.05756	33.41309834	0.999	5	3907.263665	3
36.28125	-94.65625	0.348115	71852.80609	33.41309834	0.999	5	3907.263665	3
36.28125	-94.59375	0.66893	76511.78742	33.41309834	0.999	5	3907.263665	3
36.28125	-94.53125	0.936776	83947.14356	33.41309834	0.999	5	3907.263665	3
36.28125	-94.46875	1.334743	91104.26331	33.41309834	0.999	5	3907.263665	3
36.28125	-94.40625	1.490356	98128.25012	33.41309834	0.999	5	3907.263665	3
36.28125	-94.34375	1.559972	106133.7814	1	0.02264615	0.83554803	1909.91451	4
36.28125	-94.28125	1.581832	122900.9857	1	0.02264615	0.83554803	1909.91451	4
36.28125	-94.21875	1.581832	128852.066	1	0.02264615	0.83554803	1909.91451	4
36.28125	-94.15625	1.537463	135763.1989	1	0.02264615	0.83554803	1909.91451	4
36.28125	-94.09375	0.339027	144602.0966	1	0.02264615	0.83554803	1909.91451	4
36.34375	-94.46875	0.003744	98740.37933	33.41309834	0.999	5	3907.263665	3
36.34375	-94.40625	0.048292	107406.3873	33.41309834	0.999	5	3907.263665	3
36.34375	-94.34375	0.391815	139232.6965	1	0.02264615	0.83554803	1909.91451	4
36.34375	-94.28125	1.265922	134580.9631	1	0.02264615	0.83554803	1909.91451	4
36.34375	-94.21875	1.286165	137103.8055	1	0.02264615	0.83554803	1909.91451	4
36.34375	-94.15625	1.195262	140749.0997	1	0.02264615	0.83554803	1909.91451	4
36.34375	-94.09375	0.2863	149188.8886	1	0.02264615	0.83554803	1909.91451	4
