1998	1	1	0.00000000
1998	1	2	0.00000200
1998	1	3	3.60011083
1998	1	4	19.72994533
1998	1	5	30.68314558
1998	1	6	15.00165778
1998	1	7	6.23894337
1998	1	8	8.34239466
1998	1	9	5.43191801
1998	1	10	0.80167855
1998	1	11	0.30716404
1998	1	12	0.37906629
1998	1	13	0.31993738
1998	1	14	0.21572143
1998	1	15	0.31760299
1998	1	16	0.13241128
1998	1	17	0.03312538
1998	1	18	0.02247627
1998	1	19	0.00903154
1998	1	20	0.00133723
1998	1	21	0.00968656
1998	1	22	0.04102876
1998	1	23	0.03847756
1998	1	24	0.00549886
1998	1	25	1.84213304
1998	1	26	7.40083956
1998	1	27	5.19026859
1998	1	28	0.77660338
1998	1	29	0.03141815
1998	1	30	0.00006864
1998	1	31	0.45150922
1998	2	1	1.52185250
1998	2	2	0.29131371
1998	2	3	0.01912337
1998	2	4	0.00104297
1998	2	5	0.00000107
1998	2	6	0.00000000
1998	2	7	0.00000000
1998	2	8	0.00441315
1998	2	9	0.41950943
1998	2	10	3.93740485
1998	2	11	10.32485664
1998	2	12	6.29648848
1998	2	13	0.69596806
1998	2	14	0.00888316
1998	2	15	0.63346674
1998	2	16	2.62585276
1998	2	17	2.10441134
1998	2	18	0.36535745
1998	2	19	0.12254307
1998	2	20	0.09876299
1998	2	21	0.10680933
1998	2	22	0.16838147
1998	2	23	0.02438919
1998	2	24	0.00635833
1998	2	25	2.94960000
1998	2	26	12.27715080
1998	2	27	10.21248951
1998	2	28	3.02165086
1998	3	1	0.23360725
1998	3	2	0.00024037
1998	3	3	0.00534630
1998	3	4	0.02640531
1998	3	5	0.71042422
1998	3	6	2.65494367
1998	3	7	5.36996585
1998	3	8	14.82915651
1998	3	9	9.22686163
1998	3	10	1.12907462
1998	3	11	0.03061288
1998	3	12	0.00003071
1998	3	13	0.33676434
1998	3	14	2.15025683
1998	3	15	6.15140984
1998	3	16	12.35978312
1998	3	17	13.80381529
1998	3	18	9.74686420
1998	3	19	13.91221600
1998	3	20	9.23258903
1998	3	21	2.60877402
1998	3	22	0.17958323
1998	3	23	0.11132155
1998	3	24	0.36496965
1998	3	25	0.04057398
1998	3	26	0.00161312
1998	3	27	0.86118489
1998	3	28	2.85516367
1998	3	29	0.44140047
1998	3	30	2.73036281
1998	3	31	10.36648577
1998	4	1	5.70588772
1998	4	2	0.79431379
1998	4	3	0.86396874
1998	4	4	0.09142248
1998	4	5	0.00824477
1998	4	6	0.36911794
1998	4	7	1.14975749
1998	4	8	0.20321686
1998	4	9	0.08458459
1998	4	10	0.00689210
1998	4	11	0.00000710
1998	4	12	0.00173395
1998	4	13	0.00564469
1998	4	14	0.00046599
1998	4	15	0.34853403
1998	4	16	1.16667330
1998	4	17	0.20473251
1998	4	18	0.03226084
1998	4	19	0.00189004
1998	4	20	0.00064496
1998	4	21	0.00435271
1998	4	22	0.03645261
1998	4	23	0.09507266
1998	4	24	0.00868687
1998	4	25	0.00000896
1998	4	26	1.21559653
1998	4	27	4.51924577
1998	4	28	2.16563546
1998	4	29	0.18797051
1998	4	30	0.01175209
1998	5	1	0.04440226
1998	5	2	0.08159655
1998	5	3	0.16811128
1998	5	4	0.10699334
1998	5	5	0.46638158
1998	5	6	1.89448836
1998	5	7	1.45521615
1998	5	8	0.18194981
1998	5	9	0.22812473
1998	5	10	0.61902518
1998	5	11	0.19977180
1998	5	12	0.01884620
1998	5	13	0.00001944
1998	5	14	0.00000000
1998	5	15	0.00000000
1998	5	16	0.00000000
1998	5	17	0.00000000
1998	5	18	0.00000000
1998	5	19	0.00000000
1998	5	20	0.00000000
1998	5	21	0.00000000
1998	5	22	0.00000000
1998	5	23	0.00000000
1998	5	24	0.39234567
1998	5	25	2.18572390
1998	5	26	3.87183738
1998	5	27	2.94451722
1998	5	28	0.43123107
1998	5	29	0.20187558
1998	5	30	0.62269342
1998	5	31	0.10920044
1998	6	1	0.00899295
1998	6	2	0.00000926
1998	6	3	0.00000000
1998	6	4	0.24523329
1998	6	5	0.81600749
1998	6	6	0.16349661
1998	6	7	0.13922822
1998	6	8	0.56796604
1998	6	9	2.14847403
1998	6	10	1.36526572
1998	6	11	0.32934864
1998	6	12	0.32194236
1998	6	13	0.06137598
1998	6	14	0.00554343
1998	6	15	0.00012104
1998	6	16	0.00042178
1998	6	17	0.19614803
1998	6	18	0.64767118
1998	6	19	0.16547202
1998	6	20	0.27109248
1998	6	21	0.19836281
1998	6	22	0.55168749
1998	6	23	0.06673616
1998	6	24	0.00081587
1998	6	25	0.00000078
1998	6	26	0.00000000
1998	6	27	0.00000000
1998	6	28	0.00000000
1998	6	29	0.04029462
1998	6	30	0.17102225
1998	7	1	0.43915137
1998	7	2	1.00322806
1998	7	3	0.14726115
1998	7	4	0.01073215
1998	7	5	0.00066193
1998	7	6	0.00000068
1998	7	7	0.22083812
1998	7	8	0.75461481
1998	7	9	0.17795712
1998	7	10	0.02029998
1998	7	11	0.32708429
1998	7	12	1.28357197
1998	7	13	0.87219747
1998	7	14	0.10730203
1998	7	15	0.00091249
1998	7	16	0.00000084
1998	7	17	0.00000000
1998	7	18	0.00000000
1998	7	19	0.00000000
1998	7	20	0.00000000
1998	7	21	0.00000000
1998	7	22	0.00000000
1998	7	23	0.00116146
1998	7	24	0.00395148
1998	7	25	0.00087247
1998	7	26	0.00007268
1998	7	27	0.00000886
1998	7	28	0.00000075
1998	7	29	0.00000000
1998	7	30	0.00003838
1998	7	31	0.00014801
1998	8	1	0.00008573
1998	8	2	0.00309027
1998	8	3	0.01055054
1998	8	4	0.24485955
1998	8	5	0.80814339
1998	8	6	0.12654463
1998	8	7	0.00497303
1998	8	8	0.00000505
1998	8	9	0.09866098
1998	8	10	0.33141438
1998	8	11	0.07853227
1998	8	12	0.07513824
1998	8	13	0.14679227
1998	8	14	0.39289522
1998	8	15	0.17618630
1998	8	16	0.02763478
1998	8	17	0.00134275
1998	8	18	0.00856618
1998	8	19	0.08408853
1998	8	20	0.20436916
1998	8	21	0.07659116
1998	8	22	0.00316012
1998	8	23	0.00000321
1998	8	24	0.00000000
1998	8	25	0.11938873
1998	8	26	0.41060413
1998	8	27	0.11685067
1998	8	28	0.05066807
1998	8	29	0.00586567
1998	8	30	0.00032091
1998	8	31	0.00000691
1998	9	1	0.00000001
1998	9	2	0.00000000
1998	9	3	0.00000000
1998	9	4	0.00601194
1998	9	5	0.01981277
1998	9	6	0.00239082
1998	9	7	0.00006692
1998	9	8	0.00000007
1998	9	9	0.00000000
1998	9	10	0.00000000
1998	9	11	0.00000000
1998	9	12	0.32197180
1998	9	13	2.30637767
1998	9	14	5.50034187
1998	9	15	5.06497077
1998	9	16	1.85749241
1998	9	17	0.38707506
1998	9	18	0.03365317
1998	9	19	0.00090643
1998	9	20	0.00000091
1998	9	21	0.96206722
1998	9	22	3.45782143
1998	9	23	1.32338590
1998	9	24	0.10918782
1998	9	25	0.01296800
1998	9	26	0.00150044
1998	9	27	0.00000155
1998	9	28	0.00000000
1998	9	29	0.00000000
1998	9	30	0.08938416
1998	10	1	0.29968178
1998	10	2	0.17563713
1998	10	3	0.41293398
1998	10	4	0.11614935
1998	10	5	4.72008523
1998	10	6	18.54802761
1998	10	7	13.53664215
1998	10	8	1.29800257
1998	10	9	0.00133904
1998	10	10	0.00000000
1998	10	11	0.00000000
1998	10	12	0.00000000
1998	10	13	0.00000000
1998	10	14	0.00000000
1998	10	15	0.00000000
1998	10	16	0.13071570
1998	10	17	0.51272924
1998	10	18	0.36722897
1998	10	19	0.18169219
1998	10	20	0.01488130
1998	10	21	0.00057761
1998	10	22	0.00010602
1998	10	23	0.00000232
1998	10	24	0.00000000
1998	10	25	0.00000000
1998	10	26	0.00000000
1998	10	27	0.00000000
1998	10	28	0.00607072
1998	10	29	0.02069382
1998	10	30	0.04001034
1998	10	31	0.11644834
1998	11	1	0.81525662
1998	11	2	3.04162379
1998	11	3	1.62430571
1998	11	4	0.17394605
1998	11	5	0.07433189
1998	11	6	0.06170874
1998	11	7	0.70061456
1998	11	8	2.41797193
1998	11	9	2.64319853
1998	11	10	1.53167978
1998	11	11	0.25048132
1998	11	12	0.00997954
1998	11	13	0.00022327
1998	11	14	0.00073796
1998	11	15	0.00019778
1998	11	16	0.00000300
1998	11	17	0.00000000
1998	11	18	0.05285087
1998	11	19	0.30135786
1998	11	20	0.45512400
1998	11	21	0.10011328
1998	11	22	0.00616546
1998	11	23	0.00000632
1998	11	24	0.00000000
1998	11	25	0.00000000
1998	11	26	0.00000000
1998	11	27	0.00000000
1998	11	28	0.00000000
1998	11	29	0.97974787
1998	11	30	3.71981006
1998	12	1	1.99858017
1998	12	2	0.17571278
1998	12	3	0.46308220
1998	12	4	1.65627891
1998	12	5	0.61656312
1998	12	6	0.20183584
1998	12	7	0.49760249
1998	12	8	0.06540094
1998	12	9	0.00086211
1998	12	10	0.00000083
1998	12	11	0.26654716
1998	12	12	1.69201349
1998	12	13	3.02167002
1998	12	14	1.20151268
1998	12	15	0.49606431
1998	12	16	0.23441005
1998	12	17	0.04447852
1998	12	18	0.14730839
1998	12	19	0.52307861
1998	12	20	0.34187948
1998	12	21	0.22009689
1998	12	22	0.10628737
1998	12	23	0.01023495
1998	12	24	0.00004563
1998	12	25	0.00143126
1998	12	26	0.00485874
1998	12	27	0.00126566
1998	12	28	0.00008512
1998	12	29	0.00000009
1998	12	30	0.00000000
1998	12	31	0.02144188
1999	1	1	0.09594282
1999	1	2	0.09664095
1999	1	3	0.02594108
1999	1	4	0.00160311
1999	1	5	0.00000164
1999	1	6	0.04248424
1999	1	7	0.39461038
1999	1	8	0.86802728
1999	1	9	0.14574370
1999	1	10	0.03535595
1999	1	11	0.09004698
1999	1	12	0.15467193
1999	1	13	0.04496495
1999	1	14	0.00404071
1999	1	15	0.00000417
1999	1	16	0.00000000
1999	1	17	0.00050347
1999	1	18	0.00262261
1999	1	19	0.00344300
1999	1	20	0.00060081
1999	1	21	0.02941937
1999	1	22	0.19777287
1999	1	23	0.42401050
1999	1	24	0.30306388
1999	1	25	0.02900412
1999	1	26	0.00002992
1999	1	27	0.00000000
1999	1	28	0.05694917
1999	1	29	0.32970523
1999	1	30	0.90219416
1999	1	31	1.59458138
1999	2	1	0.76354723
1999	2	2	0.07858165
1999	2	3	0.00166362
1999	2	4	0.00000165
1999	2	5	0.00030489
1999	2	6	1.22805320
1999	2	7	4.73539229
1999	2	8	2.75602756
1999	2	9	0.25250050
1999	2	10	0.02659886
1999	2	11	0.14123638
1999	2	12	0.29656185
1999	2	13	0.37238054
1999	2	14	0.03897661
1999	2	15	0.00004025
1999	2	16	0.00181255
1999	2	17	0.01052275
1999	2	18	0.02844034
1999	2	19	0.05136683
1999	2	20	0.02997649
1999	2	21	0.00260670
1999	2	22	0.00000269
1999	2	23	0.00000000
1999	2	24	0.00000000
1999	2	25	0.00000000
1999	2	26	0.00000000
1999	2	27	0.00000000
1999	2	28	0.00000000
1999	3	1	0.00000000
1999	3	2	0.00898249
1999	3	3	0.03430915
1999	3	4	0.02531493
1999	3	5	0.02590634
1999	3	6	0.02339116
1999	3	7	0.65458577
1999	3	8	3.18841043
1999	3	9	4.43054035
1999	3	10	1.91662906
1999	3	11	0.82738925
1999	3	12	4.54000642
1999	3	13	9.53256202
1999	3	14	3.76949057
1999	3	15	2.60870840
1999	3	16	3.93469366
1999	3	17	5.83683975
1999	3	18	1.01147246
1999	3	19	1.37386793
1999	3	20	4.77245045
1999	3	21	3.47659193
1999	3	22	0.42831160
1999	3	23	0.08623937
1999	3	24	0.03761109
1999	3	25	0.00277659
1999	3	26	0.00097562
1999	3	27	0.00522939
1999	3	28	0.54293607
1999	3	29	1.84510177
1999	3	30	0.47139949
1999	3	31	0.03493756
1999	4	1	0.00388251
1999	4	2	0.86019339
1999	4	3	5.10404161
1999	4	4	9.58132077
1999	4	5	7.49535165
1999	4	6	4.90965679
1999	4	7	1.56784317
1999	4	8	0.35741660
1999	4	9	0.77183129
1999	4	10	0.08779155
1999	4	11	0.00044478
1999	4	12	0.00000037
1999	4	13	1.03558889
1999	4	14	3.84003310
1999	4	15	1.81434021
1999	4	16	0.16338666
1999	4	17	0.00070730
1999	4	18	0.00000056
1999	4	19	0.00000000
1999	4	20	0.00000000
1999	4	21	0.00019072
1999	4	22	0.52794196
1999	4	23	1.89434261
1999	4	24	0.82707459
1999	4	25	1.43573790
1999	4	26	4.39189966
1999	4	27	3.52583892
1999	4	28	0.38285156
1999	4	29	0.07364202
1999	4	30	0.00579531
1999	5	1	0.00000596
1999	5	2	0.00000000
1999	5	3	0.78695913
1999	5	4	5.06313009
1999	5	5	9.87259389
1999	5	6	5.64758976
1999	5	7	0.50708525
1999	5	8	0.00055093
1999	5	9	0.19255803
1999	5	10	2.29466346
1999	5	11	10.05304534
1999	5	12	16.81071771
1999	5	13	6.06915871
1999	5	14	0.48282576
1999	5	15	0.00051013
1999	5	16	0.45809247
1999	5	17	2.31901933
1999	5	18	3.03509972
1999	5	19	0.93528987
1999	5	20	0.81763124
1999	5	21	2.51909183
1999	5	22	1.77783242
1999	5	23	4.67845866
1999	5	24	1.82394629
1999	5	25	1.14498805
1999	5	26	3.43209749
1999	5	27	0.76401145
1999	5	28	0.04483187
1999	5	29	0.01440837
1999	5	30	0.44004445
1999	5	31	2.01418652
1999	6	1	2.18195477
1999	6	2	0.34581143
1999	6	3	0.01352276
1999	6	4	0.00003672
1999	6	5	0.00000002
1999	6	6	0.00000000
1999	6	7	0.00000000
1999	6	8	0.00000000
1999	6	9	0.00000000
1999	6	10	0.63613518
1999	6	11	2.21600273
1999	6	12	0.64392800
1999	6	13	0.39216998
1999	6	14	1.15487783
1999	6	15	0.17806221
1999	6	16	0.18854794
1999	6	17	0.52199102
1999	6	18	0.22693783
1999	6	19	0.46311631
1999	6	20	1.31223642
1999	6	21	0.47613329
1999	6	22	0.24951036
1999	6	23	0.97153202
1999	6	24	2.47198388
1999	6	25	3.46855764
1999	6	26	1.43383127
1999	6	27	0.37698231
1999	6	28	0.93653507
1999	6	29	2.49549324
1999	6	30	9.57750219
1999	7	1	12.93516409
1999	7	2	15.47982477
1999	7	3	5.82386051
1999	7	4	0.41591860
1999	7	5	0.00042747
1999	7	6	0.42446672
1999	7	7	1.40567680
1999	7	8	0.19203843
1999	7	9	0.01020741
1999	7	10	0.89458999
1999	7	11	3.10332940
1999	7	12	0.87523178
1999	7	13	0.06237851
1999	7	14	0.00006411
1999	7	15	0.00000000
1999	7	16	0.00000000
1999	7	17	0.00000000
1999	7	18	0.00000000
1999	7	19	0.00000087
1999	7	20	0.00000301
1999	7	21	0.00000078
1999	7	22	0.00000000
1999	7	23	0.00000000
1999	7	24	0.00000000
1999	7	25	0.00000000
1999	7	26	0.00000000
1999	7	27	0.00000000
1999	7	28	0.00000000
1999	7	29	0.00000000
1999	7	30	0.00000000
1999	7	31	0.00000000
1999	8	1	0.00031712
1999	8	2	0.00114875
1999	8	3	0.00152901
1999	8	4	0.02599868
1999	8	5	0.07487053
1999	8	6	0.01036417
1999	8	7	0.00032559
1999	8	8	0.00000033
1999	8	9	0.00067561
1999	8	10	0.00240067
1999	8	11	0.00083021
1999	8	12	0.00088812
1999	8	13	0.00285577
1999	8	14	0.00050679
1999	8	15	0.00003608
1999	8	16	0.00000004
1999	8	17	0.00000000
1999	8	18	0.00000000
1999	8	19	0.00000000
1999	8	20	0.00000000
1999	8	21	0.00000000
1999	8	22	0.00003838
1999	8	23	0.00653016
1999	8	24	0.02475221
1999	8	25	0.01447352
1999	8	26	0.19636969
1999	8	27	0.64457940
1999	8	28	0.08339281
1999	8	29	0.00165015
1999	8	30	0.00000163
1999	8	31	0.00000000
1999	9	1	0.00061905
1999	9	2	0.00213432
1999	9	3	0.00057626
1999	9	4	0.20573213
1999	9	5	0.80097160
1999	9	6	0.48681984
1999	9	7	0.39015025
1999	9	8	1.18590228
1999	9	9	0.31266502
1999	9	10	0.20747097
1999	9	11	0.82284998
1999	9	12	1.14357516
1999	9	13	1.32648399
1999	9	14	0.17691138
1999	9	15	0.00571058
1999	9	16	0.00000577
1999	9	17	0.00000000
1999	9	18	0.00996985
1999	9	19	0.06554041
1999	9	20	0.15330521
1999	9	21	0.15737934
1999	9	22	0.06151187
1999	9	23	0.07903499
1999	9	24	0.02736626
1999	9	25	0.00243510
1999	9	26	0.00015711
1999	9	27	0.00008639
1999	9	28	0.01420284
1999	9	29	0.04659990
1999	9	30	0.00694184
1999	10	1	0.00853569
1999	10	2	0.00791745
1999	10	3	0.00065779
1999	10	4	0.00008177
1999	10	5	0.00000850
1999	10	6	0.00000222
1999	10	7	0.13409674
1999	10	8	0.44400391
1999	10	9	0.08121721
1999	10	10	0.07118917
1999	10	11	0.00757813
1999	10	12	0.00011923
1999	10	13	0.00000012
1999	10	14	0.00000000
1999	10	15	0.00000000
1999	10	16	0.01682716
1999	10	17	0.05517629
1999	10	18	0.00578063
1999	10	19	0.00010174
1999	10	20	0.00000010
1999	10	21	0.00000000
1999	10	22	0.00000000
1999	10	23	0.00000000
1999	10	24	0.00000000
1999	10	25	0.00000000
1999	10	26	0.00000000
1999	10	27	0.00000000
1999	10	28	0.00000000
1999	10	29	0.00016003
1999	10	30	0.60111592
1999	10	31	2.92757544
1999	11	1	3.82101746
1999	11	2	1.88565989
1999	11	3	0.17546084
1999	11	4	0.00078321
1999	11	5	0.00000063
1999	11	6	0.00000000
1999	11	7	0.00000000
1999	11	8	0.00000000
1999	11	9	0.00000000
1999	11	10	0.00000000
1999	11	11	0.00000000
1999	11	12	0.00000000
1999	11	13	0.00000000
1999	11	14	0.00000000
1999	11	15	0.00000000
1999	11	16	0.00000000
1999	11	17	0.00000000
1999	11	18	0.00000000
1999	11	19	0.00000000
1999	11	20	0.00000000
1999	11	21	0.00000000
1999	11	22	0.75038986
1999	11	23	2.82492674
1999	11	24	1.45435015
1999	11	25	0.13449542
1999	11	26	0.00013869
1999	11	27	0.00000000
1999	11	28	0.00000000
1999	11	29	0.00000000
1999	11	30	0.00000000
1999	12	1	0.00000000
1999	12	2	0.54614079
1999	12	3	2.27200084
1999	12	4	2.63628706
1999	12	5	3.33689758
1999	12	6	1.32782506
1999	12	7	0.11123161
1999	12	8	0.24616685
1999	12	9	1.57105960
1999	12	10	3.05489924
1999	12	11	3.22885704
1999	12	12	6.00925365
1999	12	13	4.25324893
1999	12	14	0.70113449
1999	12	15	0.03908080
1999	12	16	0.00335889
1999	12	17	0.00020484
1999	12	18	0.00000021
1999	12	19	0.00000000
1999	12	20	0.00000000
1999	12	21	0.00000000
1999	12	22	0.00000000
1999	12	23	0.00000000
1999	12	24	0.00000000
1999	12	25	0.00000000
1999	12	26	0.00000000
1999	12	27	0.00000000
1999	12	28	0.00000000
1999	12	29	0.00000000
1999	12	30	0.00000000
1999	12	31	0.00000000
2000	1	1	0.00000000
2000	1	2	0.90734203
2000	1	3	3.50712597
2000	1	4	2.06737816
2000	1	5	0.22494352
2000	1	6	0.00525212
2000	1	7	0.06663444
2000	1	8	0.34084626
2000	1	9	0.44294203
2000	1	10	0.06089964
2000	1	11	0.00137642
2000	1	12	0.00000137
2000	1	13	0.00000000
2000	1	14	0.00000000
2000	1	15	0.00000000
2000	1	16	0.00000000
2000	1	17	0.00000000
2000	1	18	0.00000000
2000	1	19	0.00000000
2000	1	20	0.00000000
2000	1	21	0.00000000
2000	1	22	0.00003883
2000	1	23	0.00481747
2000	1	24	0.02041274
2000	1	25	0.01816283
2000	1	26	0.00217910
2000	1	27	0.00049764
2000	1	28	0.00004835
2000	1	29	0.00000005
2000	1	30	0.00020899
2000	1	31	0.01359776
2000	2	1	0.07201608
2000	2	2	0.13991549
2000	2	3	0.35290174
2000	2	4	1.06774894
2000	2	5	1.19973837
2000	2	6	0.11236313
2000	2	7	0.00091121
2000	2	8	0.00003829
2000	2	9	0.00000004
2000	2	10	0.00000000
2000	2	11	0.00000000
2000	2	12	0.00000000
2000	2	13	0.00000000
2000	2	14	0.00000000
2000	2	15	0.00000000
2000	2	16	0.08396436
2000	2	17	0.77249181
2000	2	18	1.88698656
2000	2	19	0.93450888
2000	2	20	0.13290060
2000	2	21	0.00529304
2000	2	22	0.11478700
2000	2	23	0.38094751
2000	2	24	0.07218700
2000	2	25	0.23149189
2000	2	26	0.64024124
2000	2	27	0.29769075
2000	2	28	0.02156026
2000	2	29	0.00002216
2000	3	1	0.00000000
2000	3	2	0.45660288
2000	3	3	1.87907086
2000	3	4	1.56048842
2000	3	5	0.63244566
2000	3	6	0.05975582
2000	3	7	0.15584486
2000	3	8	0.51786746
2000	3	9	0.07630459
2000	3	10	0.08240128
2000	3	11	0.29826966
2000	3	12	0.15262637
2000	3	13	0.05119236
2000	3	14	0.00412946
2000	3	15	0.00554381
2000	3	16	0.01837576
2000	3	17	0.61440300
2000	3	18	2.35048792
2000	3	19	1.35327277
2000	3	20	0.16879794
2000	3	21	0.00797133
2000	3	22	0.00652093
2000	3	23	0.11931419
2000	3	24	0.37459871
2000	3	25	0.24212449
2000	3	26	0.41099045
2000	3	27	0.21995500
2000	3	28	0.10136708
2000	3	29	0.14368705
2000	3	30	0.12721085
2000	3	31	0.07315218
2000	4	1	0.07364427
2000	4	2	0.22338290
2000	4	3	0.02919757
2000	4	4	0.00066020
2000	4	5	0.00002424
2000	4	6	0.00000002
2000	4	7	0.00040188
2000	4	8	0.00254678
2000	4	9	0.00414758
2000	4	10	0.46152851
2000	4	11	1.86406777
2000	4	12	1.31874690
2000	4	13	0.14442988
2000	4	14	0.00276717
2000	4	15	0.09315676
2000	4	16	0.30549941
2000	4	17	0.03230697
2000	4	18	0.00037831
2000	4	19	0.10087984
2000	4	20	0.33415649
2000	4	21	0.05664768
2000	4	22	0.03870771
2000	4	23	0.08232095
2000	4	24	0.24877292
2000	4	25	0.07091000
2000	4	26	0.12408610
2000	4	27	0.01769980
2000	4	28	0.00692575
2000	4	29	0.00898107
2000	4	30	0.40744668
2000	5	1	1.43993842
2000	5	2	0.49211548
2000	5	3	0.18560450
2000	5	4	0.46937220
2000	5	5	0.44185536
2000	5	6	1.71790975
2000	5	7	2.41203322
2000	5	8	0.78976310
2000	5	9	0.18703080
2000	5	10	0.42278789
2000	5	11	0.06565319
2000	5	12	0.00382312
2000	5	13	0.00099033
2000	5	14	0.00022897
2000	5	15	0.00024193
2000	5	16	0.04170674
2000	5	17	0.16367270
2000	5	18	0.15704399
2000	5	19	0.18541005
2000	5	20	0.08598640
2000	5	21	0.00630288
2000	5	22	0.00900978
2000	5	23	0.02636203
2000	5	24	0.37359976
2000	5	25	1.11692136
2000	5	26	1.97770268
2000	5	27	7.07380949
2000	5	28	5.75932144
2000	5	29	0.71375599
2000	5	30	0.00961838
2000	5	31	0.00000926
2000	6	1	0.00000000
2000	6	2	0.09309991
2000	6	3	0.30871134
2000	6	4	0.20225779
2000	6	5	0.52595891
2000	6	6	0.06382525
2000	6	7	0.00160077
2000	6	8	0.00000160
2000	6	9	0.61337928
2000	6	10	2.72300051
2000	6	11	3.20548069
2000	6	12	2.44264479
2000	6	13	0.32141835
2000	6	14	1.04266963
2000	6	15	3.75821910
2000	6	16	2.73481262
2000	6	17	5.62306590
2000	6	18	7.30075090
2000	6	19	2.40418823
2000	6	20	3.19714948
2000	6	21	12.81666751
2000	6	22	11.23361958
2000	6	23	2.46838471
2000	6	24	1.20776780
2000	6	25	3.94376845
2000	6	26	1.99544297
2000	6	27	0.74261665
2000	6	28	4.35875008
2000	6	29	9.67728666
2000	6	30	5.29365015
2000	7	1	0.45654813
2000	7	2	0.04316787
2000	7	3	0.17227398
2000	7	4	0.44650284
2000	7	5	0.04142055
2000	7	6	0.00004271
2000	7	7	0.00000000
2000	7	8	0.00000000
2000	7	9	0.00000000
2000	7	10	0.00000000
2000	7	11	0.00000000
2000	7	12	0.00000600
2000	7	13	0.00002172
2000	7	14	0.00000880
2000	7	15	0.00000075
2000	7	16	0.00000000
2000	7	17	0.00000000
2000	7	18	0.00000000
2000	7	19	0.03810205
2000	7	20	0.49399869
2000	7	21	1.41022117
2000	7	22	0.78166137
2000	7	23	0.22063140
2000	7	24	0.07376244
2000	7	25	0.00503344
2000	7	26	0.08768323
2000	7	27	0.28857767
2000	7	28	0.29105402
2000	7	29	1.26988691
2000	7	30	1.49081130
2000	7	31	0.17581753
2000	8	1	0.00379815
2000	8	2	0.00000377
2000	8	3	0.00000000
2000	8	4	0.00000000
2000	8	5	0.00000000
2000	8	6	0.00000000
2000	8	7	0.00000000
2000	8	8	0.00000000
2000	8	9	0.00000000
2000	8	10	0.00000000
2000	8	11	0.00000000
2000	8	12	0.00000000
2000	8	13	0.00000000
2000	8	14	0.00000000
2000	8	15	0.00000000
2000	8	16	0.00000000
2000	8	17	0.00000000
2000	8	18	0.00000000
2000	8	19	0.00000000
2000	8	20	0.00000000
2000	8	21	0.00000000
2000	8	22	0.00000000
2000	8	23	0.00004003
2000	8	24	0.00015371
2000	8	25	0.00008719
2000	8	26	0.00000741
2000	8	27	0.00000001
2000	8	28	0.00000000
2000	8	29	0.00000000
2000	8	30	0.00000000
2000	8	31	0.00000000
2000	9	1	0.00000000
2000	9	2	0.00000000
2000	9	3	0.00000000
2000	9	4	0.00000000
2000	9	5	0.00077692
2000	9	6	0.00265398
2000	9	7	0.00061477
2000	9	8	0.00003737
2000	9	9	0.00000004
2000	9	10	0.00000000
2000	9	11	0.28411742
2000	9	12	1.06697994
2000	9	13	0.54202574
2000	9	14	0.05001043
2000	9	15	0.00064091
2000	9	16	0.00000061
2000	9	17	0.00000000
2000	9	18	0.00000000
2000	9	19	0.00000000
2000	9	20	0.00000000
2000	9	21	0.00000000
2000	9	22	0.39909654
2000	9	23	2.35856061
2000	9	24	4.75094495
2000	9	25	4.37699082
2000	9	26	0.97471059
2000	9	27	0.05520615
2000	9	28	0.00007848
2000	9	29	0.00000002
2000	9	30	0.00000000
2000	10	1	0.00000000
2000	10	2	0.00000000
2000	10	3	0.00000000
2000	10	4	0.02586848
2000	10	5	0.28760243
2000	10	6	0.68286081
2000	10	7	0.09938959
2000	10	8	0.00389996
2000	10	9	0.00000396
2000	10	10	0.00000000
2000	10	11	0.00000000
2000	10	12	0.00000000
2000	10	13	0.00000000
2000	10	14	0.00054183
2000	10	15	0.59216970
2000	10	16	2.23097707
2000	10	17	1.16882027
2000	10	18	0.10136563
2000	10	19	0.00020060
2000	10	20	0.00017764
2000	10	21	0.21926873
2000	10	22	0.90059915
2000	10	23	0.72330275
2000	10	24	0.22283269
2000	10	25	0.09141697
2000	10	26	0.65934522
2000	10	27	2.83839275
2000	10	28	5.13730135
2000	10	29	2.50184920
2000	10	30	0.39502344
2000	10	31	0.42962571
2000	11	1	0.50950656
2000	11	2	1.68117864
2000	11	3	1.25453576
2000	11	4	1.80779916
2000	11	5	2.56655960
2000	11	6	5.20027971
2000	11	7	3.51555498
2000	11	8	1.55171252
2000	11	9	2.35719417
2000	11	10	0.43010257
2000	11	11	0.24891219
2000	11	12	1.61094365
2000	11	13	3.13719492
2000	11	14	1.25863095
2000	11	15	0.40298616
2000	11	16	0.50335496
2000	11	17	0.22560484
2000	11	18	0.07713951
2000	11	19	0.04745944
2000	11	20	0.10072066
2000	11	21	0.05380548
2000	11	22	0.35262618
2000	11	23	1.60201509
2000	11	24	2.40770993
2000	11	25	2.61080820
2000	11	26	1.23572647
2000	11	27	0.11425432
2000	11	28	0.00011782
2000	11	29	0.00000000
2000	11	30	0.00000000
2000	12	1	0.00000000
2000	12	2	0.00042119
2000	12	3	0.00184520
2000	12	4	0.00169546
2000	12	5	0.00500734
2000	12	6	0.03899333
2000	12	7	0.08693491
2000	12	8	0.04208243
2000	12	9	0.04768462
2000	12	10	0.14845003
2000	12	11	0.24708271
2000	12	12	0.11693276
2000	12	13	0.01350663
2000	12	14	0.00026145
2000	12	15	0.00000026
2000	12	16	0.00000000
2000	12	17	0.00000000
2000	12	18	0.00000000
2000	12	19	0.00000000
2000	12	20	0.00000000
2000	12	21	0.00174699
2000	12	22	0.00572605
2000	12	23	0.00251267
2000	12	24	0.00934615
2000	12	25	0.01065704
2000	12	26	0.00114316
2000	12	27	0.00000118
2000	12	28	0.00000000
2000	12	29	0.00000000
2000	12	30	0.00000000
2000	12	31	0.00000000
2001	1	1	0.00000000
2001	1	2	0.00000000
2001	1	3	0.00000000
2001	1	4	0.00000000
2001	1	5	0.01738745
2001	1	6	0.11835009
2001	1	7	0.48151047
2001	1	8	1.01510259
2001	1	9	0.45904715
2001	1	10	0.33118626
2001	1	11	0.53487282
2001	1	12	0.60464424
2001	1	13	1.52934032
2001	1	14	4.19188031
2001	1	15	1.83780384
2001	1	16	0.36105453
2001	1	17	0.16506741
2001	1	18	0.09562825
2001	1	19	0.01639795
2001	1	20	0.00845865
2001	1	21	0.01864770
2001	1	22	0.09654248
2001	1	23	0.20562422
2001	1	24	0.35571763
2001	1	25	0.36324861
2001	1	26	0.20968695
2001	1	27	0.35076828
2001	1	28	1.72781077
2001	1	29	6.52398610
2001	1	30	8.46657662
2001	1	31	3.80125482
2001	2	1	0.48003424
2001	2	2	0.03921984
2001	2	3	0.02831228
2001	2	4	0.01482103
2001	2	5	0.00293882
2001	2	6	0.00079867
2001	2	7	0.00011419
2001	2	8	0.79198081
2001	2	9	2.96125356
2001	2	10	1.49274398
2001	2	11	0.22449475
2001	2	12	0.55659602
2001	2	13	2.61540696
2001	2	14	8.51969626
2001	2	15	22.65898254
2001	2	16	18.46699102
2001	2	17	3.37665644
2001	2	18	0.29978485
2001	2	19	2.01800775
2001	2	20	5.30443967
2001	2	21	0.77012451
2001	2	22	0.46427757
2001	2	23	3.03927991
2001	2	24	18.06454628
2001	2	25	33.20712840
2001	2	26	12.22243440
2001	2	27	1.93273557
2001	2	28	0.15553844
2001	3	1	0.08360780
2001	3	2	0.06738286
2001	3	3	0.00710956
2001	3	4	0.00000734
2001	3	5	0.00000000
2001	3	6	0.00000000
2001	3	7	0.00000000
2001	3	8	0.00000000
2001	3	9	0.00000000
2001	3	10	0.00072165
2001	3	11	0.45510113
2001	3	12	1.50340918
2001	3	13	0.21967998
2001	3	14	0.18711014
2001	3	15	1.41481118
2001	3	16	3.28507534
2001	3	17	1.64219771
2001	3	18	0.26160222
2001	3	19	0.01285129
2001	3	20	0.00001312
2001	3	21	0.00000000
2001	3	22	0.00000000
2001	3	23	0.00000000
2001	3	24	0.00000000
2001	3	25	0.00000000
2001	3	26	0.01090264
2001	3	27	0.12858424
2001	3	28	0.37054814
2001	3	29	0.24867372
2001	3	30	0.06514061
2001	3	31	0.01583833
2001	4	1	0.00143242
2001	4	2	0.00000148
2001	4	3	0.00000000
2001	4	4	0.00000000
2001	4	5	0.00756605
2001	4	6	0.02486296
2001	4	7	0.00276909
2001	4	8	0.00004283
2001	4	9	0.00000004
2001	4	10	0.31249262
2001	4	11	1.25649310
2001	4	12	0.88521361
2001	4	13	0.14089893
2001	4	14	0.49234490
2001	4	15	1.67690753
2001	4	16	0.49467357
2001	4	17	0.03298300
2001	4	18	0.00003386
2001	4	19	0.10799323
2001	4	20	0.35416922
2001	4	21	0.03718288
2001	4	22	0.25581081
2001	4	23	0.84031775
2001	4	24	0.10532656
2001	4	25	0.03222949
2001	4	26	0.00290657
2001	4	27	0.00000300
2001	4	28	0.00000000
2001	4	29	0.00000000
2001	4	30	0.00000000
2001	5	1	0.00000000
2001	5	2	0.00000000
2001	5	3	0.00307515
2001	5	4	0.01025519
2001	5	5	0.13548989
2001	5	6	0.63210232
2001	5	7	0.70586783
2001	5	8	0.15455992
2001	5	9	0.00868537
2001	5	10	0.00004718
2001	5	11	0.63417587
2001	5	12	2.29285638
2001	5	13	0.93261226
2001	5	14	0.16584719
2001	5	15	0.14828844
2001	5	16	0.01481144
2001	5	17	1.18288215
2001	5	18	4.64108495
2001	5	19	2.90787824
2001	5	20	1.13991302
2001	5	21	3.08827621
2001	5	22	1.09283587
2001	5	23	0.14452343
2001	5	24	0.19923982
2001	5	25	0.02421820
2001	5	26	0.00024928
2001	5	27	0.13216551
2001	5	28	0.43829778
2001	5	29	1.15747892
2001	5	30	4.49344886
2001	5	31	3.33511483
2001	6	1	0.46415258
2001	6	2	0.33185686
2001	6	3	0.04246703
2001	6	4	0.00222496
2001	6	5	0.00000227
2001	6	6	0.00000000
2001	6	7	0.00000000
2001	6	8	0.05869271
2001	6	9	0.19839100
2001	6	10	0.06575284
2001	6	11	0.08848645
2001	6	12	0.01035954
2001	6	13	0.00001071
2001	6	14	1.43911420
2001	6	15	5.40505342
2001	6	16	2.74299608
2001	6	17	0.23870952
2001	6	18	0.00024598
2001	6	19	0.00000000
2001	6	20	0.76677839
2001	6	21	2.89407538
2001	6	22	1.51216789
2001	6	23	0.14525711
2001	6	24	0.00059830
2001	6	25	0.00000047
2001	6	26	0.03140470
2001	6	27	0.10270803
2001	6	28	0.01969115
2001	6	29	0.03433053
2001	6	30	0.06170909
2001	7	1	0.17029230
2001	7	2	0.02195654
2001	7	3	0.00027112
2001	7	4	0.02067367
2001	7	5	0.07048212
2001	7	6	0.05713801
2001	7	7	0.13549477
2001	7	8	0.01200586
2001	7	9	0.00001237
2001	7	10	0.00000000
2001	7	11	0.00000000
2001	7	12	0.33575590
2001	7	13	1.10855324
2001	7	14	0.14011271
2001	7	15	0.00447226
2001	7	16	0.31980264
2001	7	17	1.05629517
2001	7	18	0.14816836
2001	7	19	0.00491328
2001	7	20	0.00000496
2001	7	21	0.00000000
2001	7	22	0.00000000
2001	7	23	0.00000000
2001	7	24	0.00000000
2001	7	25	0.35684290
2001	7	26	1.24096935
2001	7	27	0.40620709
2001	7	28	0.44685535
2001	7	29	0.84568880
2001	7	30	0.08688243
2001	7	31	0.00227066
2001	8	1	0.00000227
2001	8	2	0.00000000
2001	8	3	0.00000000
2001	8	4	0.00000000
2001	8	5	0.00000000
2001	8	6	0.00000065
2001	8	7	0.00391194
2001	8	8	0.02803514
2001	8	9	0.10726017
2001	8	10	0.35006412
2001	8	11	0.73466937
2001	8	12	0.67926545
2001	8	13	0.09819693
2001	8	14	0.00398323
2001	8	15	0.30753764
2001	8	16	1.02117807
2001	8	17	0.14725005
2001	8	18	0.00419207
2001	8	19	0.00000421
2001	8	20	0.00000000
2001	8	21	0.00000000
2001	8	22	0.00000000
2001	8	23	0.00067131
2001	8	24	0.00251509
2001	8	25	0.44469548
2001	8	26	1.58221118
2001	8	27	0.57460915
2001	8	28	0.05382107
2001	8	29	0.22983801
2001	8	30	0.76094337
2001	8	31	0.10623579
2001	9	1	0.01471615
2001	9	2	0.00686439
2001	9	3	0.00052704
2001	9	4	0.00000054
2001	9	5	0.00007780
2001	9	6	0.00028626
2001	9	7	0.52621201
2001	9	8	3.13172644
2001	9	9	5.44751300
2001	9	10	2.63558860
2001	9	11	0.24434712
2001	9	12	0.00028858
2001	9	13	0.00000004
2001	9	14	0.00017084
2001	9	15	0.00090925
2001	9	16	0.02196895
2001	9	17	1.34171582
2001	9	18	5.77406213
2001	9	19	5.80971734
2001	9	20	1.06459681
2001	9	21	0.07049573
2001	9	22	0.00045866
2001	9	23	0.00003710
2001	9	24	0.00005236
2001	9	25	0.00002503
2001	9	26	0.00000223
2001	9	27	0.00000000
2001	9	28	0.00000000
2001	9	29	0.00000000
2001	9	30	0.00000000
2001	10	1	0.00000000
2001	10	2	0.00000000
2001	10	3	0.00000000
2001	10	4	0.15726645
2001	10	5	0.77602972
2001	10	6	0.94940081
2001	10	7	0.22580110
2001	10	8	0.01184754
2001	10	9	0.25869657
2001	10	10	2.89099758
2001	10	11	8.64395943
2001	10	12	7.67519344
2001	10	13	3.73898800
2001	10	14	0.94800021
2001	10	15	0.07816644
2001	10	16	0.00010846
2001	10	17	0.00000003
2001	10	18	0.00000000
2001	10	19	0.00000000
2001	10	20	0.00000000
2001	10	21	0.00000000
2001	10	22	0.00003399
2001	10	23	0.00666611
2001	10	24	0.02152892
2001	10	25	0.00233748
2001	10	26	0.00006463
2001	10	27	0.00000006
2001	10	28	0.00000000
2001	10	29	0.00000000
2001	10	30	0.00000000
2001	10	31	0.00000000
2001	11	1	0.00000308
2001	11	2	0.60932997
2001	11	3	2.49647509
2001	11	4	1.90349970
2001	11	5	0.36989520
2001	11	6	0.02246553
2001	11	7	0.00047332
2001	11	8	0.06317082
2001	11	9	0.20702319
2001	11	10	0.02211734
2001	11	11	0.00037349
2001	11	12	0.00000037
2001	11	13	0.01068039
2001	11	14	0.03515488
2001	11	15	0.00409508
2001	11	16	0.00006945
2001	11	17	0.00043787
2001	11	18	0.35389693
2001	11	19	1.30241144
2001	11	20	0.60609559
2001	11	21	0.06730757
2001	11	22	0.00258679
2001	11	23	0.42935359
2001	11	24	1.51448051
2001	11	25	0.49602551
2001	11	26	0.03736950
2001	11	27	0.42176348
2001	11	28	1.58447905
2001	11	29	0.86716423
2001	11	30	0.23719707
2001	12	1	0.65755276
2001	12	2	1.21184050
2001	12	3	2.77091935
2001	12	4	0.69713582
2001	12	5	0.10355321
2001	12	6	0.09322907
2001	12	7	0.01272277
2001	12	8	0.00074443
2001	12	9	0.00006803
2001	12	10	0.00000007
2001	12	11	0.14040336
2001	12	12	0.61456081
2001	12	13	0.72041318
2001	12	14	0.66423835
2001	12	15	1.95630162
2001	12	16	10.10377171
2001	12	17	17.14130567
2001	12	18	7.00450686
2001	12	19	0.59589848
2001	12	20	0.00323730
2001	12	21	0.01062475
2001	12	22	0.04315682
2001	12	23	0.03113032
2001	12	24	0.00346964
2001	12	25	0.00000358
2001	12	26	0.00000000
2001	12	27	0.00000000
2001	12	28	0.00000000
2001	12	29	0.00000000
2001	12	30	0.00000000
2001	12	31	0.00000000
2002	1	1	0.00000000
2002	1	2	0.00000000
2002	1	3	0.00000000
2002	1	4	0.00043117
2002	1	5	0.01363126
2002	1	6	0.05492113
2002	1	7	0.05800903
2002	1	8	0.02483347
2002	1	9	0.00677615
2002	1	10	0.00063734
2002	1	11	0.00000066
2002	1	12	0.00000000
2002	1	13	0.00000000
2002	1	14	0.00000000
2002	1	15	0.00000000
2002	1	16	0.00000000
2002	1	17	0.00159959
2002	1	18	0.00598753
2002	1	19	0.00886266
2002	1	20	0.10924464
2002	1	21	0.35803257
2002	1	22	0.30195322
2002	1	23	0.75865219
2002	1	24	2.02857640
2002	1	25	1.23436162
2002	1	26	0.11669549
2002	1	27	0.00012037
2002	1	28	0.00000000
2002	1	29	0.04949238
2002	1	30	1.31133444
2002	1	31	5.48590501
2002	2	1	6.54567725
2002	2	2	2.48680251
2002	2	3	0.28449239
2002	2	4	0.08035804
2002	2	5	0.26539691
2002	2	6	0.81939922
2002	2	7	0.38894687
2002	2	8	0.12262694
2002	2	9	0.30214549
2002	2	10	0.11207349
2002	2	11	0.01393661
2002	2	12	0.00001441
2002	2	13	0.00000000
2002	2	14	0.00000000
2002	2	15	0.00013888
2002	2	16	0.00103017
2002	2	17	0.00194132
2002	2	18	0.21830948
2002	2	19	1.68903369
2002	2	20	3.69204522
2002	2	21	1.73628735
2002	2	22	0.18782310
2002	2	23	0.00301443
2002	2	24	0.00000294
2002	2	25	0.00199956
2002	2	26	0.00934855
2002	2	27	0.00979034
2002	2	28	0.02301939
2002	3	1	0.48241420
2002	3	2	1.62969182
2002	3	3	1.05339373
2002	3	4	0.09496324
2002	3	5	0.60795497
2002	3	6	2.06996400
2002	3	7	0.64212780
2002	3	8	0.31429187
2002	3	9	0.91889070
2002	3	10	0.44268142
2002	3	11	0.15689792
2002	3	12	0.42124244
2002	3	13	0.18159820
2002	3	14	0.02594749
2002	3	15	0.31780244
2002	3	16	1.15192533
2002	3	17	0.65045766
2002	3	18	3.45244962
2002	3	19	17.38884374
2002	3	20	25.08919611
2002	3	21	9.70460161
2002	3	22	0.90489771
2002	3	23	0.07144599
2002	3	24	3.27208467
2002	3	25	11.35707096
2002	3	26	5.58589524
2002	3	27	0.73165779
2002	3	28	0.02795862
2002	3	29	0.17686512
2002	3	30	0.59015885
2002	3	31	0.13392634
2002	4	1	0.13597170
2002	4	2	0.02202312
2002	4	3	0.00002282
2002	4	4	0.00000000
2002	4	5	0.00000000
2002	4	6	0.26305890
2002	4	7	8.33141170
2002	4	8	30.91885079
2002	4	9	23.41274266
2002	4	10	2.40983781
2002	4	11	0.00261749
2002	4	12	0.22144337
2002	4	13	0.72912323
2002	4	14	0.08533400
2002	4	15	0.00043548
2002	4	16	0.52430956
2002	4	17	1.73097461
2002	4	18	0.21750646
2002	4	19	0.29161580
2002	4	20	0.95783590
2002	4	21	0.16213844
2002	4	22	0.86073631
2002	4	23	3.31802136
2002	4	24	2.69214373
2002	4	25	0.74773471
2002	4	26	1.57626257
2002	4	27	0.71703076
2002	4	28	0.10739673
2002	4	29	0.05673618
2002	4	30	0.00554174
2002	5	1	0.10294545
2002	5	2	0.33728740
2002	5	3	0.10629816
2002	5	4	0.22692906
2002	5	5	0.05165829
2002	5	6	0.09783247
2002	5	7	0.03548849
2002	5	8	0.44035829
2002	5	9	1.35866882
2002	5	10	0.72160912
2002	5	11	0.06816935
2002	5	12	0.79990323
2002	5	13	2.72268756
2002	5	14	0.74054129
2002	5	15	0.09007157
2002	5	16	0.88703366
2002	5	17	3.03723396
2002	5	18	2.31870368
2002	5	19	0.21569899
2002	5	20	0.00118280
2002	5	21	0.00001037
2002	5	22	0.00172001
2002	5	23	0.22209766
2002	5	24	0.79192921
2002	5	25	0.37116586
2002	5	26	0.24019069
2002	5	27	0.55216099
2002	5	28	0.76571183
2002	5	29	0.71350865
2002	5	30	0.24297772
2002	5	31	0.03009620
2002	6	1	0.00163373
2002	6	2	0.00004689
2002	6	3	0.00000005
2002	6	4	1.02060859
2002	6	5	3.99340629
2002	6	6	2.47994099
2002	6	7	0.25900185
2002	6	8	0.31214130
2002	6	9	1.06049978
2002	6	10	0.41429220
2002	6	11	0.20942728
2002	6	12	0.73640127
2002	6	13	1.02124942
2002	6	14	0.31556315
2002	6	15	0.06844423
2002	6	16	0.07293660
2002	6	17	0.00850686
2002	6	18	0.00095191
2002	6	19	0.00284546
2002	6	20	0.00064575
2002	6	21	0.00003735
2002	6	22	0.00000004
2002	6	23	0.00000000
2002	6	24	0.00002450
2002	6	25	0.33327983
2002	6	26	1.12001584
2002	6	27	0.20358739
2002	6	28	0.01905043
2002	6	29	0.03854654
2002	6	30	0.06366392
2002	7	1	0.15262018
2002	7	2	0.09306155
2002	7	3	0.28326391
2002	7	4	0.20238937
2002	7	5	0.15967453
2002	7	6	0.04047601
2002	7	7	0.01153259
2002	7	8	0.00111741
2002	7	9	0.00040610
2002	7	10	0.00320276
2002	7	11	0.00677066
2002	7	12	0.03068621
2002	7	13	0.10235058
2002	7	14	0.18239578
2002	7	15	0.53048253
2002	7	16	0.08553877
2002	7	17	0.10444703
2002	7	18	0.34924346
2002	7	19	0.13691556
2002	7	20	0.20521228
2002	7	21	0.02556625
2002	7	22	0.00701627
2002	7	23	0.02370083
2002	7	24	0.00754229
2002	7	25	0.00157391
2002	7	26	0.00102121
2002	7	27	0.00032093
2002	7	28	0.04505480
2002	7	29	0.17019639
2002	7	30	0.09310459
2002	7	31	0.00935256
2002	8	1	0.00001039
2002	8	2	0.00114241
2002	8	3	0.00376674
2002	8	4	0.00045633
2002	8	5	0.00000047
2002	8	6	0.00015378
2002	8	7	0.00058108
2002	8	8	0.00030429
2002	8	9	0.00002580
2002	8	10	0.06147031
2002	8	11	0.20311196
2002	8	12	0.02607266
2002	8	13	2.88026677
2002	8	14	12.46173049
2002	8	15	10.90862700
2002	8	16	1.11327935
2002	8	17	0.00893082
2002	8	18	0.02583946
2002	8	19	0.00495506
2002	8	20	0.00017016
2002	8	21	0.00000017
2002	8	22	0.00000000
2002	8	23	0.00012931
2002	8	24	0.19670437
2002	8	25	0.65701162
2002	8	26	0.11087414
2002	8	27	0.00456887
2002	8	28	0.00000465
2002	8	29	0.00000000
2002	8	30	0.00000000
2002	8	31	0.00000000
2002	9	1	0.00000000
2002	9	2	0.00000000
2002	9	3	0.00000000
2002	9	4	0.00000000
2002	9	5	0.00000000
2002	9	6	0.00000000
2002	9	7	0.00000000
2002	9	8	0.00011008
2002	9	9	0.00040933
2002	9	10	0.00019613
2002	9	11	0.00001616
2002	9	12	0.00000002
2002	9	13	0.00004453
2002	9	14	0.00021658
2002	9	15	0.00027214
2002	9	16	0.01697177
2002	9	17	0.05719205
2002	9	18	0.08026709
2002	9	19	0.24421264
2002	9	20	0.14840142
2002	9	21	0.20687637
2002	9	22	0.02164341
2002	9	23	0.00014305
2002	9	24	0.00000013
2002	9	25	0.00000000
2002	9	26	0.00000000
2002	9	27	0.00000000
2002	9	28	0.00000000
2002	9	29	0.00000000
2002	9	30	0.00000000
2002	10	1	0.00000000
2002	10	2	0.00000000
2002	10	3	0.00533512
2002	10	4	0.01792619
2002	10	5	0.00321710
2002	10	6	0.03783720
2002	10	7	0.12555692
2002	10	8	0.03777498
2002	10	9	0.09111698
2002	10	10	0.10264803
2002	10	11	0.02794117
2002	10	12	0.00406796
2002	10	13	0.00660666
2002	10	14	0.00442034
2002	10	15	0.00085734
2002	10	16	0.00297393
2002	10	17	0.01029270
2002	10	18	0.00846771
2002	10	19	0.10591103
2002	10	20	0.30576885
2002	10	21	0.07561506
2002	10	22	0.00711114
2002	10	23	0.02134504
2002	10	24	0.18600232
2002	10	25	0.43230521
2002	10	26	0.16449317
2002	10	27	0.16679234
2002	10	28	1.11200600
2002	10	29	2.43346951
2002	10	30	1.48106835
2002	10	31	0.17695998
2002	11	1	0.03534812
2002	11	2	0.47879492
2002	11	3	1.53663035
2002	11	4	0.95558843
2002	11	5	0.38391624
2002	11	6	0.08098861
2002	11	7	0.01422875
2002	11	8	0.00131170
2002	11	9	0.00000135
2002	11	10	0.00000000
2002	11	11	0.00000000
2002	11	12	0.00000000
2002	11	13	0.00010504
2002	11	14	0.04639537
2002	11	15	0.15119138
2002	11	16	0.01629483
2002	11	17	0.00023297
2002	11	18	0.00000023
2002	11	19	0.00000000
2002	11	20	0.00000000
2002	11	21	0.00000000
2002	11	22	0.00000000
2002	11	23	0.00000000
2002	11	24	0.00000000
2002	11	25	0.00000000
2002	11	26	0.00000000
2002	11	27	0.00000000
2002	11	28	0.00000000
2002	11	29	0.00000000
2002	11	30	0.00000000
2002	12	1	0.00000000
2002	12	2	0.00014582
2002	12	3	0.79221689
2002	12	4	2.86599369
2002	12	5	1.15757134
2002	12	6	0.09956984
2002	12	7	0.05143972
2002	12	8	0.27756091
2002	12	9	0.56016448
2002	12	10	0.65135692
2002	12	11	0.09665402
2002	12	12	0.64378315
2002	12	13	2.52411441
2002	12	14	1.76893938
2002	12	15	0.29679381
2002	12	16	0.01525885
2002	12	17	0.01379485
2002	12	18	0.04697941
2002	12	19	0.03511941
2002	12	20	0.08115585
2002	12	21	0.00883509
2002	12	22	0.00061741
2002	12	23	0.50837922
2002	12	24	1.78227502
2002	12	25	0.57033926
2002	12	26	0.03686761
2002	12	27	0.00003783
2002	12	28	0.21163806
2002	12	29	1.11969981
2002	12	30	2.66678855
2002	12	31	4.64584322
2003	1	1	2.40841691
2003	1	2	0.67105463
2003	1	3	0.22805173
2003	1	4	0.02245076
2003	1	5	0.00003750
2003	1	6	0.00000001
2003	1	7	0.00000000
2003	1	8	0.00000000
2003	1	9	0.00000881
2003	1	10	0.00006752
2003	1	11	0.00013180
2003	1	12	0.00001978
2003	1	13	0.00188229
2003	1	14	0.00892232
2003	1	15	0.03911997
2003	1	16	0.11530729
2003	1	17	0.06856115
2003	1	18	0.00684926
2003	1	19	0.00027341
2003	1	20	0.00004700
2003	1	21	0.00000005
2003	1	22	0.00000000
2003	1	23	0.00000000
2003	1	24	0.00000000
2003	1	25	0.00000000
2003	1	26	0.00000000
2003	1	27	0.00000000
2003	1	28	0.00173578
2003	1	29	0.00616669
2003	1	30	0.00218546
2003	1	31	0.02147564
2003	2	1	0.07456222
2003	2	2	0.02365285
2003	2	3	0.00137879
2003	2	4	0.00000141
2003	2	5	0.09451425
2003	2	6	0.36472797
2003	2	7	0.21213504
2003	2	8	0.02126042
2003	2	9	0.08535121
2003	2	10	0.27253012
2003	2	11	0.15399039
2003	2	12	0.33161377
2003	2	13	0.52925988
2003	2	14	0.94793866
2003	2	15	0.37968386
2003	2	16	0.04831888
2003	2	17	0.00454175
2003	2	18	0.47023291
2003	2	19	1.86087695
2003	2	20	1.45290025
2003	2	21	1.38327473
2003	2	22	2.46620423
2003	2	23	1.27276513
2003	2	24	1.19394499
2003	2	25	0.11796832
2003	2	26	0.00013327
2003	2	27	0.00000001
2003	2	28	0.02115335
2003	3	1	0.17698932
2003	3	2	0.44642301
2003	3	3	0.43300554
2003	3	4	0.42238333
2003	3	5	0.11174785
2003	3	6	0.01694205
2003	3	7	0.00091156
2003	3	8	0.00000093
2003	3	9	0.00000000
2003	3	10	0.00000000
2003	3	11	0.00000000
2003	3	12	0.22506500
2003	3	13	0.74715801
2003	3	14	0.10683068
2003	3	15	0.08236855
2003	3	16	0.26220333
2003	3	17	0.06100194
2003	3	18	0.78546224
2003	3	19	2.79991240
2003	3	20	2.10435921
2003	3	21	0.51873232
2003	3	22	0.04996805
2003	3	23	0.00230610
2003	3	24	0.02277721
2003	3	25	0.07470416
2003	3	26	0.00794736
2003	3	27	0.13371936
2003	3	28	0.46508364
2003	3	29	0.17637171
2003	3	30	0.14533276
2003	3	31	0.02365302
2003	4	1	0.00133239
2003	4	2	0.00000136
2003	4	3	0.00000000
2003	4	4	0.00004414
2003	4	5	0.00083925
2003	4	6	0.01424139
2003	4	7	0.06620977
2003	4	8	0.09122196
2003	4	9	0.00690426
2003	4	10	0.00000710
2003	4	11	0.00000000
2003	4	12	0.00000000
2003	4	13	0.00000000
2003	4	14	0.00073935
2003	4	15	0.00764539
2003	4	16	0.01872209
2003	4	17	0.00852864
2003	4	18	0.00798799
2003	4	19	0.54187405
2003	4	20	1.92495594
2003	4	21	0.67801993
2003	4	22	0.05741547
2003	4	23	0.62564042
2003	4	24	2.18854677
2003	4	25	0.71294134
2003	4	26	0.05248485
2003	4	27	0.03044632
2003	4	28	0.09984511
2003	4	29	0.01252686
2003	4	30	0.03328544
2003	5	1	0.31460001
2003	5	2	0.74354709
2003	5	3	0.11549227
2003	5	4	0.05342190
2003	5	5	0.02324678
2003	5	6	0.34974408
2003	5	7	1.10919898
2003	5	8	0.56565533
2003	5	9	0.06199977
2003	5	10	0.13808259
2003	5	11	0.44663142
2003	5	12	0.12428045
2003	5	13	0.99947180
2003	5	14	3.40075404
2003	5	15	2.95376755
2003	5	16	4.31821224
2003	5	17	5.18020612
2003	5	18	1.95090260
2003	5	19	0.77378083
2003	5	20	1.97922965
2003	5	21	0.28600053
2003	5	22	0.10468412
2003	5	23	0.10624106
2003	5	24	0.26365795
2003	5	25	0.23757785
2003	5	26	0.08220026
2003	5	27	0.00875011
2003	5	28	0.00000904
2003	5	29	0.00000000
2003	5	30	0.00000000
2003	5	31	0.00000000
2003	6	1	0.92852157
2003	6	2	3.72004776
2003	6	3	2.54295119
2003	6	4	0.26640744
2003	6	5	0.00294169
2003	6	6	0.00616609
2003	6	7	0.01235471
2003	6	8	0.00212170
2003	6	9	0.00000220
2003	6	10	1.14673527
2003	6	11	4.56302681
2003	6	12	3.03295599
2003	6	13	0.30198188
2003	6	14	0.01257972
2003	6	15	0.03849758
2003	6	16	0.01515680
2003	6	17	0.04487476
2003	6	18	0.18358511
2003	6	19	0.21245154
2003	6	20	0.11376470
2003	6	21	0.26985340
2003	6	22	0.11996238
2003	6	23	0.00799880
2003	6	24	0.01599240
2003	6	25	0.21344240
2003	6	26	0.54318583
2003	6	27	0.08698144
2003	6	28	0.00376468
2003	6	29	0.00000383
2003	6	30	0.30205874
2003	7	1	1.06750331
2003	7	2	0.35922100
2003	7	3	0.03719302
2003	7	4	0.00050837
2003	7	5	0.00000049
2003	7	6	0.00000000
2003	7	7	0.00000000
2003	7	8	0.00969822
2003	7	9	0.17384197
2003	7	10	0.49903303
2003	7	11	0.29330854
2003	7	12	0.65400883
2003	7	13	1.03627754
2003	7	14	1.55434356
2003	7	15	0.22156856
2003	7	16	0.00692539
2003	7	17	0.00000698
2003	7	18	0.00000499
2003	7	19	0.00005503
2003	7	20	0.00077600
2003	7	21	0.39793125
2003	7	22	1.32977603
2003	7	23	0.23908940
2003	7	24	0.01019529
2003	7	25	0.00001909
2003	7	26	0.00000001
2003	7	27	0.00000000
2003	7	28	0.00000000
2003	7	29	0.20669798
2003	7	30	0.69367808
2003	7	31	0.13130478
2003	8	1	0.03332496
2003	8	2	0.24421131
2003	8	3	0.84709747
2003	8	4	0.29552221
2003	8	5	0.31684494
2003	8	6	0.66582984
2003	8	7	0.07797536
2003	8	8	0.00009524
2003	8	9	0.00000002
2003	8	10	0.00000000
2003	8	11	0.12648770
2003	8	12	0.42209339
2003	8	13	0.07259170
2003	8	14	0.02030123
2003	8	15	0.00300176
2003	8	16	0.00001577
2003	8	17	0.00000001
2003	8	18	0.00000000
2003	8	19	0.00000000
2003	8	20	0.00411731
2003	8	21	0.01404196
2003	8	22	0.00321806
2003	8	23	0.00530877
2003	8	24	0.01812490
2003	8	25	0.00743968
2003	8	26	0.00102799
2003	8	27	0.00695589
2003	8	28	0.05118651
2003	8	29	0.77516106
2003	8	30	2.91280082
2003	8	31	2.60165291
2003	9	1	1.48248553
2003	9	2	2.98411123
2003	9	3	1.94871570
2003	9	4	0.27724412
2003	9	5	0.01190511
2003	9	6	0.00001212
2003	9	7	0.00000000
2003	9	8	0.77398241
2003	9	9	2.67288042
2003	9	10	0.71877612
2003	9	11	0.63920389
2003	9	12	2.73276946
2003	9	13	3.47301495
2003	9	14	1.29862432
2003	9	15	0.12438264
2003	9	16	0.00033357
2003	9	17	0.00000021
2003	9	18	0.00000000
2003	9	19	0.00000000
2003	9	20	0.02606501
2003	9	21	0.11539498
2003	9	22	0.11782903
2003	9	23	0.04508073
2003	9	24	0.00201102
2003	9	25	0.00000205
2003	9	26	0.06441230
2003	9	27	0.21642139
2003	9	28	0.03886267
2003	9	29	0.00123665
2003	9	30	0.00612596
2003	10	1	0.02011148
2003	10	2	0.02069214
2003	10	3	0.13311149
2003	10	4	0.49388076
2003	10	5	0.64999975
2003	10	6	0.13375373
2003	10	7	0.05275495
2003	10	8	0.56203434
2003	10	9	2.87765029
2003	10	10	5.55236495
2003	10	11	2.56397737
2003	10	12	0.32482079
2003	10	13	0.48504282
2003	10	14	0.99847489
2003	10	15	0.20025770
2003	10	16	0.18438410
2003	10	17	0.58078060
2003	10	18	0.16942247
2003	10	19	0.00713458
2003	10	20	0.00000726
2003	10	21	0.00000000
2003	10	22	0.00000000
2003	10	23	0.00000000
2003	10	24	0.00000000
2003	10	25	0.00091153
2003	10	26	0.00295201
2003	10	27	0.00019443
2003	10	28	0.00000020
2003	10	29	0.00000000
2003	10	30	0.01404927
2003	10	31	0.06687526
2003	11	1	0.09245587
2003	11	2	0.06986623
2003	11	3	0.00658194
2003	11	4	0.63824557
2003	11	5	2.66813439
2003	11	6	2.33706770
2003	11	7	0.65837130
2003	11	8	0.10188394
2003	11	9	0.10235366
2003	11	10	0.01553312
2003	11	11	0.00535960
2003	11	12	0.00361213
2003	11	13	0.04965948
2003	11	14	0.45602450
2003	11	15	1.18562655
2003	11	16	0.65129262
2003	11	17	2.20799824
2003	11	18	6.60199892
2003	11	19	4.39292950
2003	11	20	0.44222696
2003	11	21	0.00238206
2003	11	22	0.45361013
2003	11	23	1.62987321
2003	11	24	0.64341931
2003	11	25	0.12120390
2003	11	26	0.01690945
2003	11	27	0.31275581
2003	11	28	1.16139542
2003	11	29	0.56920832
2003	11	30	0.05966626
2003	12	1	0.00023259
2003	12	2	0.15166387
2003	12	3	0.55588397
2003	12	4	0.24226890
2003	12	5	0.01487430
2003	12	6	0.00001525
2003	12	7	0.00000000
2003	12	8	0.04387241
2003	12	9	0.79530883
2003	12	10	2.45806422
2003	12	11	1.23383548
2003	12	12	0.24988004
2003	12	13	0.55119533
2003	12	14	0.47395045
2003	12	15	0.16874417
2003	12	16	0.24815889
2003	12	17	0.15465401
2003	12	18	0.02160444
2003	12	19	0.00066819
2003	12	20	0.00000067
2003	12	21	0.00036535
2003	12	22	0.16307226
2003	12	23	0.53390631
2003	12	24	0.06500007
2003	12	25	0.00063779
2003	12	26	0.00000060
2003	12	27	0.45728962
2003	12	28	1.75040785
2003	12	29	0.99809135
2003	12	30	0.14875503
2003	12	31	0.01157129
2004	1	1	0.10828202
2004	1	2	0.33552515
2004	1	3	0.26152017
2004	1	4	0.73343481
2004	1	5	0.32976679
2004	1	6	0.05465717
2004	1	7	0.00454954
2004	1	8	0.00000469
2004	1	9	0.00000000
2004	1	10	0.00000000
2004	1	11	0.00000000
2004	1	12	0.06613358
2004	1	13	0.22885725
2004	1	14	0.07154479
2004	1	15	0.12348226
2004	1	16	1.10505731
2004	1	17	3.56504273
2004	1	18	3.34574429
2004	1	19	1.02563562
2004	1	20	0.07684597
2004	1	21	0.00007903
2004	1	22	0.00000000
2004	1	23	0.00000000
2004	1	24	0.58436559
2004	1	25	2.15292546
2004	1	26	0.99734722
2004	1	27	0.15139499
2004	1	28	0.01020731
2004	1	29	0.00210850
2004	1	30	0.00008180
2004	1	31	0.00001049
2004	2	1	0.13668154
2004	2	2	0.55543515
2004	2	3	0.42361604
2004	2	4	0.37182535
2004	2	5	0.96112392
2004	2	6	0.48450106
2004	2	7	0.04245323
2004	2	8	0.00005221
2004	2	9	0.00946992
2004	2	10	0.05324395
2004	2	11	0.15398235
2004	2	12	0.30067631
2004	2	13	0.15082799
2004	2	14	0.03612322
2004	2	15	0.36991992
2004	2	16	1.07409536
2004	2	17	0.73863886
2004	2	18	0.82305709
2004	2	19	0.82826491
2004	2	20	0.45212745
2004	2	21	0.08286102
2004	2	22	0.00015470
2004	2	23	0.00458158
2004	2	24	0.01510688
2004	2	25	0.00184093
2004	2	26	0.00002863
2004	2	27	0.00000003
2004	2	28	0.00807144
2004	2	29	0.36093461
2004	3	1	1.15409561
2004	3	2	0.60699684
2004	3	3	2.22671200
2004	3	4	5.59375605
2004	3	5	6.01182413
2004	3	6	1.54163429
2004	3	7	0.10715709
2004	3	8	0.00011009
2004	3	9	0.00000000
2004	3	10	0.00000000
2004	3	11	0.00000000
2004	3	12	0.00049839
2004	3	13	0.46115127
2004	3	14	1.62640759
2004	3	15	0.55606213
2004	3	16	0.08835604
2004	3	17	0.76117066
2004	3	18	2.37921801
2004	3	19	0.68744042
2004	3	20	0.06538754
2004	3	21	0.00496877
2004	3	22	0.00052956
2004	3	23	0.00007986
2004	3	24	0.51757774
2004	3	25	1.96189702
2004	3	26	1.05779155
2004	3	27	0.81317469
2004	3	28	3.71983816
2004	3	29	5.25336157
2004	3	30	1.28775453
2004	3	31	0.09510100
2004	4	1	0.00009779
2004	4	2	0.00000000
2004	4	3	0.00000000
2004	4	4	0.00000000
2004	4	5	0.00000000
2004	4	6	0.36878650
2004	4	7	1.29141488
2004	4	8	0.40007643
2004	4	9	0.64766822
2004	4	10	2.47839286
2004	4	11	1.84275359
2004	4	12	0.20838131
2004	4	13	0.00502809
2004	4	14	0.00000502
2004	4	15	0.00000000
2004	4	16	0.00000000
2004	4	17	0.00040932
2004	4	18	0.00218960
2004	4	19	0.16999346
2004	4	20	0.94363576
2004	4	21	4.18214399
2004	4	22	15.16422236
2004	4	23	34.32282133
2004	4	24	55.72336489
2004	4	25	25.58180661
2004	4	26	2.45533791
2004	4	27	0.00494722
2004	4	28	0.02605405
2004	4	29	0.15769940
2004	4	30	1.97535227
2004	5	1	7.08270591
2004	5	2	5.77914400
2004	5	3	0.53627941
2004	5	4	0.02016771
2004	5	5	0.00207886
2004	5	6	0.00000215
2004	5	7	0.00000000
2004	5	8	0.00000000
2004	5	9	0.00000000
2004	5	10	0.00000000
2004	5	11	0.00078850
2004	5	12	0.03628354
2004	5	13	1.52626673
2004	5	14	5.24685207
2004	5	15	2.43328888
2004	5	16	0.21025393
2004	5	17	0.00201791
2004	5	18	0.00587153
2004	5	19	0.00171328
2004	5	20	0.00278035
2004	5	21	0.00038088
2004	5	22	0.00000039
2004	5	23	0.00000000
2004	5	24	0.00000000
2004	5	25	0.00000000
2004	5	26	0.00000000
2004	5	27	0.01972585
2004	5	28	0.06593641
2004	5	29	0.05967901
2004	5	30	0.19383268
2004	5	31	0.13804205
2004	6	1	0.05081288
2004	6	2	0.37135692
2004	6	3	1.21979160
2004	6	4	0.16439925
2004	6	5	0.00527772
2004	6	6	0.00647362
2004	6	7	0.05330823
2004	6	8	0.17340963
2004	6	9	0.06595847
2004	6	10	0.47031018
2004	6	11	1.18865894
2004	6	12	0.35253387
2004	6	13	0.31219218
2004	6	14	0.57363286
2004	6	15	0.16010577
2004	6	16	0.53786809
2004	6	17	1.02931777
2004	6	18	0.25611155
2004	6	19	0.19972345
2004	6	20	0.90398483
2004	6	21	2.87656551
2004	6	22	5.83432767
2004	6	23	3.01063584
2004	6	24	0.31282104
2004	6	25	0.00314985
2004	6	26	0.00850740
2004	6	27	0.00504793
2004	6	28	0.07476604
2004	6	29	0.24910597
2004	6	30	0.18931616
2004	7	1	0.85170124
2004	7	2	4.97698058
2004	7	3	14.69148465
2004	7	4	8.86982884
2004	7	5	0.78802635
2004	7	6	0.20458212
2004	7	7	0.62554224
2004	7	8	2.02947965
2004	7	9	0.48411264
2004	7	10	0.33793781
2004	7	11	0.11205811
2004	7	12	0.01326276
2004	7	13	0.00002138
2004	7	14	0.00000001
2004	7	15	0.00730750
2004	7	16	0.02502140
2004	7	17	0.00586012
2004	7	18	0.00000608
2004	7	19	0.00000000
2004	7	20	0.00000000
2004	7	21	0.00000000
2004	7	22	0.00015867
2004	7	23	0.87182047
2004	7	24	4.35262239
2004	7	25	5.46844684
2004	7	26	1.38882684
2004	7	27	0.10086267
2004	7	28	0.02466319
2004	7	29	1.66354816
2004	7	30	6.03997923
2004	7	31	3.30319141
2004	8	1	0.30378579
2004	8	2	0.00032591
2004	8	3	0.00000001
2004	8	4	0.00000000
2004	8	5	0.00000000
2004	8	6	0.00000000
2004	8	7	0.00000000
2004	8	8	0.00000000
2004	8	9	0.00000000
2004	8	10	0.10599939
2004	8	11	0.36432263
2004	8	12	0.14355488
2004	8	13	0.17803057
2004	8	14	0.01927008
2004	8	15	0.00001990
2004	8	16	0.00000000
2004	8	17	0.00000000
2004	8	18	0.00000000
2004	8	19	0.19349496
2004	8	20	0.72364140
2004	8	21	0.35399465
2004	8	22	0.01716211
2004	8	23	0.00338134
2004	8	24	0.00099954
2004	8	25	0.00005038
2004	8	26	0.00000005
2004	8	27	0.00000000
2004	8	28	0.17445567
2004	8	29	0.58125789
2004	8	30	0.08936481
2004	8	31	0.00170050
2004	9	1	0.00000168
2004	9	2	0.00000000
2004	9	3	0.01165772
2004	9	4	0.04491599
2004	9	5	0.22954715
2004	9	6	0.67139079
2004	9	7	0.07434027
2004	9	8	0.00095228
2004	9	9	0.00000091
2004	9	10	0.00000000
2004	9	11	0.00000000
2004	9	12	0.00000000
2004	9	13	0.00000000
2004	9	14	0.00000000
2004	9	15	0.00000000
2004	9	16	0.00016410
2004	9	17	0.00054722
2004	9	18	0.00008504
2004	9	19	0.00000009
2004	9	20	0.00000000
2004	9	21	0.00000000
2004	9	22	0.00000000
2004	9	23	0.00000000
2004	9	24	0.17695414
2004	9	25	0.59286049
2004	9	26	0.10201368
2004	9	27	0.00481223
2004	9	28	0.00000491
2004	9	29	0.00000000
2004	9	30	0.01674779
2004	10	1	0.08059345
2004	10	2	0.09684757
2004	10	3	0.03117184
2004	10	4	0.00134322
2004	10	5	0.00000137
2004	10	6	0.03447331
2004	10	7	0.33166388
2004	10	8	0.89561815
2004	10	9	0.66088882
2004	10	10	0.44504597
2004	10	11	0.94917810
2004	10	12	0.35376835
2004	10	13	0.17435526
2004	10	14	0.46159457
2004	10	15	0.06421760
2004	10	16	0.00797859
2004	10	17	0.00308355
2004	10	18	0.00755223
2004	10	19	0.00107849
2004	10	20	0.00003574
2004	10	21	0.00889301
2004	10	22	0.27784157
2004	10	23	0.84395615
2004	10	24	0.20664277
2004	10	25	0.18007694
2004	10	26	0.31220597
2004	10	27	1.02893867
2004	10	28	2.09970710
2004	10	29	1.24888731
2004	10	30	0.46296559
2004	10	31	4.13566805
2004	11	1	14.54053098
2004	11	2	10.45059745
2004	11	3	1.95619931
2004	11	4	1.52718083
2004	11	5	0.34382027
2004	11	6	0.02276409
2004	11	7	0.00002337
2004	11	8	0.00000000
2004	11	9	0.03316876
2004	11	10	0.77262042
2004	11	11	2.49874554
2004	11	12	1.24911978
2004	11	13	0.11828312
2004	11	14	0.00017882
2004	11	15	0.00034104
2004	11	16	0.00111568
2004	11	17	0.41994500
2004	11	18	1.86894105
2004	11	19	1.89563578
2004	11	20	0.63587118
2004	11	21	0.10933460
2004	11	22	0.05677186
2004	11	23	0.77421548
2004	11	24	2.75009436
2004	11	25	1.41178647
2004	11	26	0.63028017
2004	11	27	1.70466373
2004	11	28	0.84687604
2004	11	29	1.44518930
2004	11	30	2.82792911
2004	12	1	1.49175586
2004	12	2	0.23550749
2004	12	3	0.01788195
2004	12	4	0.04657663
2004	12	5	0.67324573
2004	12	6	2.64021336
2004	12	7	3.34388572
2004	12	8	1.24085056
2004	12	9	0.08873962
2004	12	10	0.00009121
2004	12	11	0.00000000
2004	12	12	0.00000000
2004	12	13	0.00000000
2004	12	14	0.00000000
2004	12	15	0.00000000
2004	12	16	0.00000000
2004	12	17	0.00000000
2004	12	18	0.00000000
2004	12	19	0.00000000
2004	12	20	0.00000000
2004	12	21	0.00000000
2004	12	22	0.00119792
2004	12	23	0.00396177
2004	12	24	0.00051677
2004	12	25	0.00000127
2004	12	26	0.00000000
2004	12	27	0.00000000
2004	12	28	0.00000000
2004	12	29	0.00000000
2004	12	30	0.00000000
2004	12	31	0.03323061
2005	1	1	0.14163660
2005	1	2	1.33781029
2005	1	3	6.77139236
2005	1	4	13.22646300
2005	1	5	16.01760737
2005	1	6	10.36603641
2005	1	7	0.97508202
2005	1	8	0.07444130
2005	1	9	1.23751455
2005	1	10	3.38757650
2005	1	11	0.51295843
2005	1	12	4.99300767
2005	1	13	18.92858988
2005	1	14	11.42070763
2005	1	15	1.02216307
2005	1	16	0.00105366
2005	1	17	0.00000000
2005	1	18	0.00000000
2005	1	19	0.00000000
2005	1	20	0.00000000
2005	1	21	0.00000000
2005	1	22	0.00000000
2005	1	23	0.00000000
2005	1	24	0.00000000
2005	1	25	0.00000000
2005	1	26	0.00000000
2005	1	27	0.01957850
2005	1	28	0.49882493
2005	1	29	1.56783411
2005	1	30	0.68714014
2005	1	31	0.45669175
2005	2	1	1.06279271
2005	2	2	2.72991021
2005	2	3	1.76117684
2005	2	4	0.28275085
2005	2	5	0.27752912
2005	2	6	1.93781342
2005	2	7	4.26928911
2005	2	8	2.07263124
2005	2	9	1.21889650
2005	2	10	0.44273650
2005	2	11	0.04003840
2005	2	12	1.31904011
2005	2	13	4.47876857
2005	2	14	1.00333952
2005	2	15	0.05825794
2005	2	16	0.00005967
2005	2	17	0.00000000
2005	2	18	0.01917258
2005	2	19	0.09448340
2005	2	20	0.12616278
2005	2	21	0.14365196
2005	2	22	0.99024825
2005	2	23	3.13196705
2005	2	24	2.90077366
2005	2	25	0.98872258
2005	2	26	0.10322041
2005	2	27	0.20485027
2005	2	28	0.63469639
2005	3	1	0.36766485
2005	3	2	0.04837670
2005	3	3	0.00076373
2005	3	4	0.00000074
2005	3	5	0.05877393
2005	3	6	0.19808448
2005	3	7	0.18189964
2005	3	8	0.81945914
2005	3	9	1.31596838
2005	3	10	0.56675182
2005	3	11	0.05170431
2005	3	12	0.00005331
2005	3	13	0.00000000
2005	3	14	0.00009179
2005	3	15	0.00246590
2005	3	16	0.00863449
2005	3	17	0.00562017
2005	3	18	0.00034839
2005	3	19	0.03475670
2005	3	20	0.18580211
2005	3	21	1.61512520
2005	3	22	5.69710003
2005	3	23	4.48547939
2005	3	24	1.55805642
2005	3	25	2.63044963
2005	3	26	1.20493774
2005	3	27	2.09528225
2005	3	28	1.56410786
2005	3	29	0.51740380
2005	3	30	0.19311298
2005	3	31	1.09441239
2005	4	1	2.33827399
2005	4	2	1.05121094
2005	4	3	0.17538130
2005	4	4	0.06506369
2005	4	5	1.66977150
2005	4	6	6.53562200
2005	4	7	5.76411263
2005	4	8	0.73890066
2005	4	9	0.02273056
2005	4	10	2.15702282
2005	4	11	7.88178694
2005	4	12	3.51791550
2005	4	13	0.29794122
2005	4	14	0.00196588
2005	4	15	0.00010361
2005	4	16	0.00000011
2005	4	17	0.00000000
2005	4	18	0.00000000
2005	4	19	0.00000000
2005	4	20	0.00136945
2005	4	21	0.01096297
2005	4	22	0.02317424
2005	4	23	0.00700972
2005	4	24	0.00875322
2005	4	25	0.26739970
2005	4	26	0.79801853
2005	4	27	0.46086178
2005	4	28	1.45076600
2005	4	29	1.15976608
2005	4	30	0.27981632
2005	5	1	0.10694487
2005	5	2	0.00890669
2005	5	3	0.00005051
2005	5	4	0.00000004
2005	5	5	0.00000000
2005	5	6	0.00000000
2005	5	7	0.00507029
2005	5	8	0.14106424
2005	5	9	0.44209314
2005	5	10	0.14866414
2005	5	11	0.01154133
2005	5	12	0.00001188
2005	5	13	0.65022823
2005	5	14	2.27814538
2005	5	15	0.70001210
2005	5	16	0.04672305
2005	5	17	0.00004797
2005	5	18	0.00000000
2005	5	19	0.00017798
2005	5	20	0.00059348
2005	5	21	0.00009223
2005	5	22	0.59230988
2005	5	23	2.40133764
2005	5	24	1.85287113
2005	5	25	0.64546166
2005	5	26	0.09229665
2005	5	27	0.01394084
2005	5	28	0.03834537
2005	5	29	0.00325816
2005	5	30	0.00842706
2005	5	31	0.02771481
2005	6	1	0.13653049
2005	6	2	0.43979354
2005	6	3	0.06033520
2005	6	4	0.41445949
2005	6	5	1.41813358
2005	6	6	0.34918486
2005	6	7	0.04195246
2005	6	8	0.00321014
2005	6	9	0.04037930
2005	6	10	0.12281524
2005	6	11	0.02168519
2005	6	12	0.35008395
2005	6	13	1.42219884
2005	6	14	1.18370591
2005	6	15	0.28527168
2005	6	16	0.72642278
2005	6	17	0.92030987
2005	6	18	0.14972171
2005	6	19	0.01448724
2005	6	20	0.00081364
2005	6	21	0.00000083
2005	6	22	0.00000000
2005	6	23	0.00000000
2005	6	24	0.00000000
2005	6	25	0.00000000
2005	6	26	0.00000000
2005	6	27	0.00000000
2005	6	28	0.00000000
2005	6	29	0.00000000
2005	6	30	0.28339487
2005	7	1	1.01252745
2005	7	2	0.37058907
2005	7	3	0.09927411
2005	7	4	0.22365067
2005	7	5	0.02496541
2005	7	6	0.01745059
2005	7	7	0.00342321
2005	7	8	0.00000355
2005	7	9	0.00000000
2005	7	10	0.06555651
2005	7	11	0.21775798
2005	7	12	0.03139401
2005	7	13	0.00039694
2005	7	14	0.00000038
2005	7	15	0.03267424
2005	7	16	0.10957606
2005	7	17	0.06709698
2005	7	18	0.16052598
2005	7	19	0.14954212
2005	7	20	0.41095766
2005	7	21	0.04375718
2005	7	22	0.00127200
2005	7	23	0.02182185
2005	7	24	0.07065652
2005	7	25	0.00558791
2005	7	26	0.34035255
2005	7	27	1.13346158
2005	7	28	0.17936079
2005	7	29	0.02314410
2005	7	30	0.00304681
2005	7	31	0.00000315
2005	8	1	0.00000000
2005	8	2	0.00000000
2005	8	3	0.00000000
2005	8	4	0.06691268
2005	8	5	0.34746432
2005	8	6	0.62940137
2005	8	7	0.67200033
2005	8	8	0.11628031
2005	8	9	0.00308294
2005	8	10	0.00000309
2005	8	11	0.00000000
2005	8	12	0.00003470
2005	8	13	0.08138207
2005	8	14	0.47932146
2005	8	15	0.91038511
2005	8	16	0.74287946
2005	8	17	0.43654337
2005	8	18	0.57461326
2005	8	19	0.13108890
2005	8	20	0.13390704
2005	8	21	0.31826324
2005	8	22	0.01971074
2005	8	23	0.01209621
2005	8	24	0.03407670
2005	8	25	0.00699453
2005	8	26	0.00192846
2005	8	27	0.00542993
2005	8	28	0.00244121
2005	8	29	0.00221119
2005	8	30	0.00043944
2005	8	31	0.00001707
2005	9	1	0.00000002
2005	9	2	0.04424260
2005	9	3	0.18785340
2005	9	4	0.17399458
2005	9	5	0.07660014
2005	9	6	0.00952776
2005	9	7	0.00000985
2005	9	8	0.00000000
2005	9	9	0.00000000
2005	9	10	0.00000000
2005	9	11	0.00000000
2005	9	12	0.00000000
2005	9	13	0.46813116
2005	9	14	2.11984690
2005	9	15	2.44101395
2005	9	16	1.39574020
2005	9	17	0.13861824
2005	9	18	0.00165394
2005	9	19	0.00002985
2005	9	20	0.00000003
2005	9	21	0.00000000
2005	9	22	0.00000000
2005	9	23	0.00000000
2005	9	24	0.29894965
2005	9	25	1.00062383
2005	9	26	0.16887901
2005	9	27	0.00685491
2005	9	28	0.10211949
2005	9	29	0.33872179
2005	9	30	0.04791480
2005	10	1	0.00330995
2005	10	2	0.00373179
2005	10	3	0.00023564
2005	10	4	0.00000024
2005	10	5	0.10934798
2005	10	6	0.36200977
2005	10	7	0.05843318
2005	10	8	0.03351884
2005	10	9	0.00459534
2005	10	10	0.00000476
2005	10	11	0.00000000
2005	10	12	0.00000000
2005	10	13	0.00000000
2005	10	14	0.00000000
2005	10	15	0.00000000
2005	10	16	0.00000000
2005	10	17	0.00000000
2005	10	18	0.00146286
2005	10	19	0.01395861
2005	10	20	0.03168468
2005	10	21	0.00703195
2005	10	22	0.00089193
2005	10	23	0.00004178
2005	10	24	0.00000004
2005	10	25	0.00000000
2005	10	26	0.00000000
2005	10	27	0.00000000
2005	10	28	0.00000000
2005	10	29	0.00000000
2005	10	30	0.02362310
2005	10	31	0.82966154
2005	11	1	2.83224641
2005	11	2	1.43768613
2005	11	3	0.14697582
2005	11	4	0.00015173
2005	11	5	0.00810797
2005	11	6	0.02688291
2005	11	7	0.00372845
2005	11	8	0.00005452
2005	11	9	0.00000005
2005	11	10	0.00000000
2005	11	11	0.00000000
2005	11	12	0.14237556
2005	11	13	0.48356898
2005	11	14	0.28985518
2005	11	15	0.71714542
2005	11	16	0.42448107
2005	11	17	0.14009928
2005	11	18	0.01290771
2005	11	19	0.00012796
2005	11	20	0.00037117
2005	11	21	0.00002408
2005	11	22	0.00000002
2005	11	23	0.00000000
2005	11	24	0.00000000
2005	11	25	0.00000000
2005	11	26	0.00410168
2005	11	27	0.01469300
2005	11	28	0.01806118
2005	11	29	0.04209126
2005	11	30	0.00559767
2005	12	1	0.00000579
2005	12	2	0.00000000
2005	12	3	0.00000000
2005	12	4	0.00000000
2005	12	5	0.00000000
2005	12	6	0.00000000
2005	12	7	0.01001243
2005	12	8	0.03441709
2005	12	9	0.00863833
2005	12	10	0.00072798
2005	12	11	0.00045854
2005	12	12	0.00166922
2005	12	13	0.10140814
2005	12	14	0.36626738
2005	12	15	0.19719419
2005	12	16	0.01788899
2005	12	17	0.00001844
2005	12	18	0.00000000
2005	12	19	0.00012109
2005	12	20	0.00063545
2005	12	21	0.00115278
2005	12	22	0.00157274
2005	12	23	0.02223640
2005	12	24	0.16564081
2005	12	25	0.33823028
2005	12	26	0.07203827
2005	12	27	0.00362376
2005	12	28	0.00000370
2005	12	29	0.00000000
2005	12	30	0.00000000
2005	12	31	0.00000000
2006	1	1	0.00000000
2006	1	2	0.00000000
2006	1	3	0.00000000
2006	1	4	0.00000000
2006	1	5	0.00000000
2006	1	6	0.00000000
2006	1	7	0.00000000
2006	1	8	0.00000000
2006	1	9	0.28654375
2006	1	10	1.09184202
2006	1	11	0.60181732
2006	1	12	0.23753012
2006	1	13	0.56199006
2006	1	14	0.06554070
2006	1	15	0.00211550
2006	1	16	0.00024325
2006	1	17	0.00222389
2006	1	18	0.00690217
2006	1	19	0.00075028
2006	1	20	0.00000077
2006	1	21	0.00000000
2006	1	22	0.09804055
2006	1	23	0.36919285
2006	1	24	0.19207206
2006	1	25	0.02317701
2006	1	26	0.01184480
2006	1	27	0.29110700
2006	1	28	1.70393454
2006	1	29	3.27688914
2006	1	30	1.44416141
2006	1	31	0.14636538
2006	2	1	0.01411333
2006	2	2	0.04640692
2006	2	3	0.00677664
2006	2	4	0.00008176
2006	2	5	0.00000008
2006	2	6	0.00000000
2006	2	7	0.00000000
2006	2	8	0.00000000
2006	2	9	0.00033137
2006	2	10	0.01137464
2006	2	11	0.04192801
2006	2	12	0.03031150
2006	2	13	0.00372462
2006	2	14	0.00002028
2006	2	15	0.00073629
2006	2	16	0.07055225
2006	2	17	0.52466216
2006	2	18	1.01791854
2006	2	19	0.12761054
2006	2	20	0.00111939
2006	2	21	0.04022688
2006	2	22	0.20974869
2006	2	23	0.30071951
2006	2	24	0.12835163
2006	2	25	0.01228542
2006	2	26	0.00031199
2006	2	27	0.00000031
2006	2	28	0.00000000
2006	3	1	0.00000000
2006	3	2	0.00000000
2006	3	3	0.00000000
2006	3	4	0.00128070
2006	3	5	0.00421562
2006	3	6	0.00049432
2006	3	7	0.00001720
2006	3	8	0.94830742
2006	3	9	3.70640755
2006	3	10	2.33465446
2006	3	11	0.74450356
2006	3	12	1.47829105
2006	3	13	1.00204834
2006	3	14	0.14810251
2006	3	15	0.00337145
2006	3	16	0.01102140
2006	3	17	0.15588721
2006	3	18	0.60417371
2006	3	19	1.24568716
2006	3	20	2.25510967
2006	3	21	1.84544300
2006	3	22	0.63981709
2006	3	23	0.17755067
2006	3	24	0.04213595
2006	3	25	0.00544792
2006	3	26	0.00123201
2006	3	27	0.00018008
2006	3	28	0.00000019
2006	3	29	0.00159679
2006	3	30	0.29175651
2006	3	31	0.99940560
2006	4	1	0.41157361
2006	4	2	0.46414958
2006	4	3	0.21409038
2006	4	4	0.01763914
2006	4	5	0.01837046
2006	4	6	0.46473572
2006	4	7	1.59231685
2006	4	8	0.40370904
2006	4	9	0.02939219
2006	4	10	0.00003022
2006	4	11	0.00000000
2006	4	12	0.00000000
2006	4	13	0.00000000
2006	4	14	0.00000000
2006	4	15	0.00000000
2006	4	16	0.00000000
2006	4	17	0.00000000
2006	4	18	0.00000000
2006	4	19	0.00045199
2006	4	20	0.01645273
2006	4	21	0.05935493
2006	4	22	0.03826315
2006	4	23	0.00839306
2006	4	24	0.88282785
2006	4	25	3.33058115
2006	4	26	1.89126155
2006	4	27	0.15698639
2006	4	28	0.73324461
2006	4	29	3.67945325
2006	4	30	4.73709679
2006	5	1	1.49461931
2006	5	2	0.42380128
2006	5	3	1.24611031
2006	5	4	6.08087717
2006	5	5	8.19997136
2006	5	6	2.60396559
2006	5	7	0.26019858
2006	5	8	0.12735778
2006	5	9	0.86553864
2006	5	10	3.01840769
2006	5	11	1.18925772
2006	5	12	0.07419569
2006	5	13	0.00042895
2006	5	14	0.00111512
2006	5	15	0.00023737
2006	5	16	0.00000025
2006	5	17	0.00000000
2006	5	18	0.00000000
2006	5	19	0.00000000
2006	5	20	0.00000000
2006	5	21	0.00000000
2006	5	22	0.00021457
2006	5	23	0.00071055
2006	5	24	0.00009543
2006	5	25	0.00000010
2006	5	26	0.00000000
2006	5	27	0.00000000
2006	5	28	0.00000000
2006	5	29	0.00000000
2006	5	30	0.06166678
2006	5	31	0.47505824
2006	6	1	1.26479959
2006	6	2	1.24904764
2006	6	3	0.15571807
2006	6	4	0.05843079
2006	6	5	0.24320228
2006	6	6	0.69640371
2006	6	7	1.78405540
2006	6	8	0.72357376
2006	6	9	0.07326008
2006	6	10	0.00007562
2006	6	11	0.00000000
2006	6	12	0.00000000
2006	6	13	0.00000000
2006	6	14	0.00000000
2006	6	15	0.00000000
2006	6	16	0.03445101
2006	6	17	0.11981673
2006	6	18	0.07934792
2006	6	19	0.15110734
2006	6	20	0.01809818
2006	6	21	0.01405918
2006	6	22	0.35141689
2006	6	23	1.03563949
2006	6	24	0.20252879
2006	6	25	0.01509884
2006	6	26	0.00133787
2006	6	27	0.00003280
2006	6	28	0.00000003
2006	6	29	0.00000000
2006	6	30	0.00000000
2006	7	1	0.00000000
2006	7	2	0.00000000
2006	7	3	0.01092809
2006	7	4	0.05596537
2006	7	5	0.07812685
2006	7	6	0.03399116
2006	7	7	0.00170492
2006	7	8	0.00000174
2006	7	9	0.04708506
2006	7	10	0.45563728
2006	7	11	1.64388992
2006	7	12	2.46015126
2006	7	13	1.07322780
2006	7	14	0.25829474
2006	7	15	0.49562992
2006	7	16	0.07340005
2006	7	17	0.00085318
2006	7	18	0.00000734
2006	7	19	0.00017711
2006	7	20	0.00058775
2006	7	21	0.00008281
2006	7	22	0.00000009
2006	7	23	0.00000000
2006	7	24	0.00000000
2006	7	25	0.00000000
2006	7	26	0.00000000
2006	7	27	0.00451708
2006	7	28	0.02567798
2006	7	29	0.03686557
2006	7	30	0.00278624
2006	7	31	0.00016814
2006	8	1	0.00000017
2006	8	2	0.00000000
2006	8	3	0.00015394
2006	8	4	0.01221397
2006	8	5	0.08507887
2006	8	6	0.18896145
2006	8	7	0.12865329
2006	8	8	0.03606050
2006	8	9	0.00307435
2006	8	10	0.03742803
2006	8	11	0.13091236
2006	8	12	0.05897348
2006	8	13	0.06654380
2006	8	14	0.17228404
2006	8	15	0.54678405
2006	8	16	0.08139854
2006	8	17	0.00137572
2006	8	18	0.00000135
2006	8	19	0.00101787
2006	8	20	0.04571484
2006	8	21	0.76366662
2006	8	22	2.57548964
2006	8	23	2.07343219
2006	8	24	0.99322846
2006	8	25	0.86260684
2006	8	26	0.12985298
2006	8	27	0.22503076
2006	8	28	1.03712260
2006	8	29	1.62294162
2006	8	30	0.23470986
2006	8	31	0.00756257
2006	9	1	0.00000763
2006	9	2	0.00000000
2006	9	3	0.00046402
2006	9	4	0.00253815
2006	9	5	0.00387356
2006	9	6	0.00160019
2006	9	7	0.00013694
2006	9	8	0.00000014
2006	9	9	0.18004640
2006	9	10	0.71685916
2006	9	11	0.88575484
2006	9	12	1.40837300
2006	9	13	0.21338712
2006	9	14	0.00758809
2006	9	15	0.00000768
2006	9	16	0.57428575
2006	9	17	4.62925087
2006	9	18	10.39141459
2006	9	19	4.87693551
2006	9	20	0.51969885
2006	9	21	0.39809748
2006	9	22	1.95109406
2006	9	23	2.49351751
2006	9	24	0.81418681
2006	9	25	0.10286639
2006	9	26	0.00133512
2006	9	27	0.00004573
2006	9	28	0.00017192
2006	9	29	0.00010093
2006	9	30	0.00000882
2006	10	1	0.00000001
2006	10	2	0.00000000
2006	10	3	0.00000000
2006	10	4	0.00000000
2006	10	5	0.00000000
2006	10	6	0.00000000
2006	10	7	0.00000000
2006	10	8	0.00000000
2006	10	9	0.00000000
2006	10	10	0.01420473
2006	10	11	0.04730963
2006	10	12	0.00720585
2006	10	13	0.00009809
2006	10	14	0.00940889
2006	10	15	0.60628552
2006	10	16	2.99618871
2006	10	17	3.89986526
2006	10	18	0.76250646
2006	10	19	0.47401034
2006	10	20	0.06893717
2006	10	21	0.00164859
2006	10	22	0.00001066
2006	10	23	0.00000001
2006	10	24	0.00002710
2006	10	25	0.17339165
2006	10	26	0.71607903
2006	10	27	0.55290826
2006	10	28	0.07941010
2006	10	29	0.00082074
2006	10	30	0.00000077
2006	10	31	0.00000000
2006	11	1	0.00000000
2006	11	2	0.00000000
2006	11	3	0.00039752
2006	11	4	0.33344890
2006	11	5	2.79677986
2006	11	6	6.28630424
2006	11	7	2.48138248
2006	11	8	0.24847661
2006	11	9	0.00025646
2006	11	10	0.00000000
2006	11	11	0.00000000
2006	11	12	0.02380116
2006	11	13	0.08238811
2006	11	14	0.30874576
2006	11	15	1.75734572
2006	11	16	3.07440533
2006	11	17	1.25998446
2006	11	18	0.11269237
2006	11	19	0.00011617
2006	11	20	0.00000000
2006	11	21	0.00000000
2006	11	22	0.00000000
2006	11	23	0.00000000
2006	11	24	0.00000000
2006	11	25	0.00000000
2006	11	26	0.00000000
2006	11	27	0.01988908
2006	11	28	0.06551089
2006	11	29	3.47089012
2006	11	30	14.98607812
2006	12	1	13.10683195
2006	12	2	1.30413492
2006	12	3	0.00434599
2006	12	4	0.00144681
2006	12	5	0.16560990
2006	12	6	0.62898103
2006	12	7	0.37783805
2006	12	8	0.15296846
2006	12	9	0.02216680
2006	12	10	0.03208453
2006	12	11	0.05357738
2006	12	12	0.00768108
2006	12	13	0.00002999
2006	12	14	0.00000002
2006	12	15	0.00000000
2006	12	16	0.00000000
2006	12	17	0.00000000
2006	12	18	0.01372858
2006	12	19	0.23286412
2006	12	20	1.13090123
2006	12	21	1.90994014
2006	12	22	0.74533298
2006	12	23	0.07470554
2006	12	24	0.08182528
2006	12	25	0.36001956
2006	12	26	0.33584664
2006	12	27	0.05255976
2006	12	28	0.00310813
2006	12	29	0.90007096
2006	12	30	4.24680791
2006	12	31	4.64418265
2007	1	1	0.74285352
2007	1	2	0.06617539
2007	1	3	0.03979194
2007	1	4	0.20187436
2007	1	5	0.31784821
2007	1	6	0.05547773
2007	1	7	0.00807182
2007	1	8	0.00163401
2007	1	9	0.00006919
2007	1	10	0.00000007
2007	1	11	0.00860612
2007	1	12	1.31591212
2007	1	13	8.83019720
2007	1	14	16.61209990
2007	1	15	5.11614391
2007	1	16	0.44800080
2007	1	17	0.00046170
2007	1	18	0.00000000
2007	1	19	0.00000000
2007	1	20	0.05445543
2007	1	21	0.31440365
2007	1	22	0.46173437
2007	1	23	0.03911936
2007	1	24	0.04899632
2007	1	25	0.24137594
2007	1	26	1.03021393
2007	1	27	2.87222363
2007	1	28	1.55196793
2007	1	29	0.20351185
2007	1	30	0.20328128
2007	1	31	0.44722240
2007	2	1	0.05365608
2007	2	2	0.00005547
2007	2	3	0.00000000
2007	2	4	0.04520338
2007	2	5	0.29681895
2007	2	6	1.81350572
2007	2	7	6.58395623
2007	2	8	8.44179369
2007	2	9	3.01694127
2007	2	10	0.47439184
2007	2	11	0.13126331
2007	2	12	3.38676386
2007	2	13	13.79169875
2007	2	14	12.33790048
2007	2	15	1.35575117
2007	2	16	0.00492084
2007	2	17	0.01801597
2007	2	18	0.11323220
2007	2	19	0.20058427
2007	2	20	0.07503613
2007	2	21	0.01041647
2007	2	22	0.00056880
2007	2	23	0.14401583
2007	2	24	0.77478268
2007	2	25	1.04329040
2007	2	26	0.11017722
2007	2	27	0.00803948
2007	2	28	0.02713414
2007	3	1	0.02593959
2007	3	2	0.01428657
2007	3	3	0.00071122
2007	3	4	0.00000073
2007	3	5	0.00000000
2007	3	6	0.00000000
2007	3	7	0.00000000
2007	3	8	0.00841013
2007	3	9	0.09801089
2007	3	10	0.26447743
2007	3	11	0.12337195
2007	3	12	0.00668600
2007	3	13	0.00000684
2007	3	14	0.00000000
2007	3	15	0.00000000
2007	3	16	0.00000000
2007	3	17	0.00000000
2007	3	18	0.00000000
2007	3	19	0.00090887
2007	3	20	0.00303162
2007	3	21	0.00180364
2007	3	22	0.00858852
2007	3	23	0.01448409
2007	3	24	0.00204200
2007	3	25	0.00020250
2007	3	26	0.00243148
2007	3	27	0.08666227
2007	3	28	0.28987491
2007	3	29	0.13215446
2007	3	30	0.07955461
2007	3	31	0.21455151
2007	4	1	0.10454911
2007	4	2	0.01304757
2007	4	3	0.00002542
2007	4	4	0.00150208
2007	4	5	0.00998821
2007	4	6	0.02269970
2007	4	7	0.02016113
2007	4	8	0.00228195
2007	4	9	0.00131114
2007	4	10	0.26528660
2007	4	11	0.92146510
2007	4	12	0.31631207
2007	4	13	0.09928796
2007	4	14	0.13634049
2007	4	15	0.08445156
2007	4	16	0.00972130
2007	4	17	0.05167090
2007	4	18	0.16715349
2007	4	19	0.12061234
2007	4	20	0.00642615
2007	4	21	0.00000657
2007	4	22	0.00000000
2007	4	23	0.00016784
2007	4	24	0.95071413
2007	4	25	3.46757159
2007	4	26	1.48211775
2007	4	27	0.13161822
2007	4	28	0.00035220
2007	4	29	0.00000023
2007	4	30	0.00004474
2007	5	1	0.33037397
2007	5	2	1.62628713
2007	5	3	2.00815439
2007	5	4	0.56020971
2007	5	5	0.04790449
2007	5	6	0.01885261
2007	5	7	0.62525202
2007	5	8	2.18444604
2007	5	9	1.27631404
2007	5	10	0.29873608
2007	5	11	0.74142758
2007	5	12	0.62984138
2007	5	13	0.07831008
2007	5	14	0.00141733
2007	5	15	0.44564837
2007	5	16	1.47756274
2007	5	17	0.20509005
2007	5	18	0.00322440
2007	5	19	0.00000314
2007	5	20	0.00000000
2007	5	21	0.12359056
2007	5	22	0.40795158
2007	5	23	0.05095241
2007	5	24	0.16715904
2007	5	25	0.75026302
2007	5	26	0.75288349
2007	5	27	0.16771330
2007	5	28	0.04922765
2007	5	29	0.06422171
2007	5	30	0.20284553
2007	5	31	0.48441248
2007	6	1	0.41370086
2007	6	2	0.06684536
2007	6	3	0.06751794
2007	6	4	0.00489311
2007	6	5	0.00000503
2007	6	6	0.00000000
2007	6	7	0.46650435
2007	6	8	1.62835608
2007	6	9	0.49376929
2007	6	10	0.10482224
2007	6	11	0.23920488
2007	6	12	0.42495625
2007	6	13	0.12100165
2007	6	14	0.01315302
2007	6	15	0.00161225
2007	6	16	0.01034430
2007	6	17	0.09759503
2007	6	18	0.34454334
2007	6	19	0.47905786
2007	6	20	0.37355070
2007	6	21	0.76383625
2007	6	22	0.21406173
2007	6	23	0.25363656
2007	6	24	0.44402220
2007	6	25	0.09071240
2007	6	26	0.04381519
2007	6	27	0.26933969
2007	6	28	0.75453717
2007	6	29	0.14682016
2007	6	30	0.43021614
2007	7	1	2.86697157
2007	7	2	5.72314070
2007	7	3	2.28259456
2007	7	4	0.24025406
2007	7	5	0.30791019
2007	7	6	0.98277746
2007	7	7	0.48773140
2007	7	8	0.05145601
2007	7	9	0.03780560
2007	7	10	0.20938981
2007	7	11	0.30012421
2007	7	12	0.71135568
2007	7	13	2.40445728
2007	7	14	0.98913378
2007	7	15	0.10113936
2007	7	16	0.00023771
2007	7	17	0.00000014
2007	7	18	0.00000000
2007	7	19	0.00000000
2007	7	20	0.02940340
2007	7	21	0.09818254
2007	7	22	0.01570888
2007	7	23	0.00017409
2007	7	24	0.00000016
2007	7	25	0.00000000
2007	7	26	0.00000000
2007	7	27	0.00000000
2007	7	28	0.00000000
2007	7	29	0.03339526
2007	7	30	0.44443223
2007	7	31	1.20510348
2007	8	1	0.43201305
2007	8	2	0.04721884
2007	8	3	0.00031535
2007	8	4	0.00000028
2007	8	5	0.00000000
2007	8	6	0.00000000
2007	8	7	0.00000000
2007	8	8	0.00000000
2007	8	9	0.00000000
2007	8	10	0.00000000
2007	8	11	0.00000000
2007	8	12	0.00000000
2007	8	13	0.00000000
2007	8	14	0.00000000
2007	8	15	0.00000000
2007	8	16	0.02270585
2007	8	17	0.07639290
2007	8	18	0.04741836
2007	8	19	0.15001721
2007	8	20	0.14975583
2007	8	21	0.03554704
2007	8	22	0.00209323
2007	8	23	0.00000214
2007	8	24	0.31364318
2007	8	25	1.18877064
2007	8	26	0.63708922
2007	8	27	0.06822281
2007	8	28	0.00096452
2007	8	29	0.06059598
2007	8	30	0.19791632
2007	8	31	0.03808707
2007	9	1	0.00060509
2007	9	2	0.00000944
2007	9	3	0.00088219
2007	9	4	0.21835246
2007	9	5	0.93968504
2007	9	6	0.93551148
2007	9	7	0.61062387
2007	9	8	2.15211486
2007	9	9	5.36486860
2007	9	10	2.35758702
2007	9	11	0.29677151
2007	9	12	0.15145022
2007	9	13	0.01474081
2007	9	14	0.00001521
2007	9	15	0.00000000
2007	9	16	0.00000000
2007	9	17	0.00000000
2007	9	18	0.00000000
2007	9	19	0.00000000
2007	9	20	0.00000000
2007	9	21	0.00000000
2007	9	22	0.00000000
2007	9	23	0.00181133
2007	9	24	0.02255956
2007	9	25	0.18498283
2007	9	26	0.45903396
2007	9	27	0.13567684
2007	9	28	0.01281741
2007	9	29	0.00016751
2007	9	30	0.29496494
2007	10	1	1.10468593
2007	10	2	2.29356432
2007	10	3	7.21075020
2007	10	4	5.36719017
2007	10	5	0.53182618
2007	10	6	0.00056956
2007	10	7	0.00477488
2007	10	8	0.34344330
2007	10	9	1.09813377
2007	10	10	0.18301704
2007	10	11	0.00714803
2007	10	12	0.00000726
2007	10	13	0.00000000
2007	10	14	0.62012592
2007	10	15	2.27876861
2007	10	16	1.01917105
2007	10	17	0.32508707
2007	10	18	0.76507655
2007	10	19	0.08756712
2007	10	20	0.00096645
2007	10	21	0.01189241
2007	10	22	0.15816737
2007	10	23	0.42713826
2007	10	24	0.14483648
2007	10	25	0.00536135
2007	10	26	0.00032468
2007	10	27	0.00102897
2007	10	28	0.00005253
2007	10	29	0.00000005
2007	10	30	0.00000000
2007	10	31	0.00000000
2007	11	1	0.00000000
2007	11	2	0.00000000
2007	11	3	0.00000000
2007	11	4	0.00000000
2007	11	5	0.00000000
2007	11	6	0.00000000
2007	11	7	0.00000000
2007	11	8	0.00000000
2007	11	9	0.00000000
2007	11	10	0.00000000
2007	11	11	0.00179783
2007	11	12	0.03551657
2007	11	13	0.11301696
2007	11	14	0.05942383
2007	11	15	0.00274923
2007	11	16	0.00000280
2007	11	17	0.00000000
2007	11	18	0.00000000
2007	11	19	0.00000000
2007	11	20	0.00000000
2007	11	21	0.00008514
2007	11	22	0.00027621
2007	11	23	0.00001966
2007	11	24	0.02204422
2007	11	25	0.18221759
2007	11	26	0.41745179
2007	11	27	0.20095952
2007	11	28	0.02093390
2007	11	29	0.00003442
2007	11	30	0.01605168
2007	12	1	0.05536352
2007	12	2	0.06260353
2007	12	3	0.16274283
2007	12	4	0.03356324
2007	12	5	0.00233936
2007	12	6	0.00127643
2007	12	7	0.00879469
2007	12	8	0.06937971
2007	12	9	0.58415675
2007	12	10	1.68403508
2007	12	11	1.86057945
2007	12	12	2.77329456
2007	12	13	2.26340908
2007	12	14	0.55403706
2007	12	15	0.44721672
2007	12	16	0.20414188
2007	12	17	0.08874074
2007	12	18	0.61891059
2007	12	19	1.39424798
2007	12	20	0.42413551
2007	12	21	0.12927926
2007	12	22	0.06470873
2007	12	23	0.02016381
2007	12	24	0.00260858
2007	12	25	0.00041765
2007	12	26	0.03301627
2007	12	27	0.17296337
2007	12	28	0.25901869
2007	12	29	0.09860067
2007	12	30	0.02939423
2007	12	31	0.06946325
2008	1	1	0.06393780
2008	1	2	0.00910074
2008	1	3	0.00032602
2008	1	4	0.00177269
2008	1	5	0.00343145
2008	1	6	0.00297159
2008	1	7	0.81649903
2008	1	8	3.21291709
2008	1	9	2.02359185
2008	1	10	0.12936672
2008	1	11	0.00013273
2008	1	12	0.02698791
2008	1	13	0.10176011
2008	1	14	0.05321428
2008	1	15	0.00612968
2008	1	16	0.02685798
2008	1	17	0.10077842
2008	1	18	0.05228005
2008	1	19	0.00546976
2008	1	20	0.00072826
2008	1	21	0.00995520
2008	1	22	0.02593185
2008	1	23	0.00346324
2008	1	24	0.00333606
2008	1	25	0.01093342
2008	1	26	0.00276039
2008	1	27	0.00586709
2008	1	28	0.00755541
2008	1	29	0.00296616
2008	1	30	0.06080426
2008	1	31	0.27753182
2008	2	1	0.35953380
2008	2	2	0.18884970
2008	2	3	0.16108275
2008	2	4	0.07763231
2008	2	5	0.24447111
2008	2	6	0.67346683
2008	2	7	0.36034075
2008	2	8	0.07329229
2008	2	9	0.02085446
2008	2	10	0.09120232
2008	2	11	0.41118500
2008	2	12	0.91057084
2008	2	13	0.27066869
2008	2	14	0.18788597
2008	2	15	0.67607700
2008	2	16	4.19325484
2008	2	17	11.39744814
2008	2	18	6.67636015
2008	2	19	0.86321609
2008	2	20	0.10989326
2008	2	21	0.07625827
2008	2	22	0.08203615
2008	2	23	0.09212634
2008	2	24	0.22910457
2008	2	25	0.10231843
2008	2	26	0.01471246
2008	2	27	0.00093974
2008	2	28	0.00000096
2008	2	29	0.00000000
2008	3	1	0.00000000
2008	3	2	1.10128183
2008	3	3	4.96689062
2008	3	4	5.03849554
2008	3	5	1.17881942
2008	3	6	0.12013660
2008	3	7	0.11205020
2008	3	8	0.06348999
2008	3	9	0.01464082
2008	3	10	0.00182221
2008	3	11	0.00000298
2008	3	12	0.00066198
2008	3	13	0.03006092
2008	3	14	0.10803159
2008	3	15	0.14536202
2008	3	16	0.28437850
2008	3	17	1.38838602
2008	3	18	10.08428321
2008	3	19	23.91915511
2008	3	20	17.44508312
2008	3	21	1.76385473
2008	3	22	0.00233938
2008	3	23	0.00000054
2008	3	24	0.00000000
2008	3	25	0.00000000
2008	3	26	0.00000000
2008	3	27	0.00710654
2008	3	28	0.06438496
2008	3	29	0.54172058
2008	3	30	1.49980787
2008	3	31	1.26135517
2008	4	1	2.47181270
2008	4	2	2.08557164
2008	4	3	3.12574016
2008	4	4	5.79614025
2008	4	5	1.86791020
2008	4	6	0.13951947
2008	4	7	0.44071286
2008	4	8	2.46242347
2008	4	9	13.73409317
2008	4	10	40.32209869
2008	4	11	24.44085973
2008	4	12	2.27569699
2008	4	13	0.00266098
2008	4	14	0.00000033
2008	4	15	0.00000000
2008	4	16	0.00000000
2008	4	17	1.79808877
2008	4	18	6.52077709
2008	4	19	2.65502963
2008	4	20	0.18786600
2008	4	21	0.01740196
2008	4	22	0.20887990
2008	4	23	1.70668778
2008	4	24	4.64636350
2008	4	25	2.60564416
2008	4	26	0.45820916
2008	4	27	0.31929674
2008	4	28	0.02570400
2008	4	29	0.00002646
2008	4	30	0.00000000
2008	5	1	0.74284402
2008	5	2	2.48636571
2008	5	3	0.42270448
2008	5	4	0.02735246
2008	5	5	0.00091875
2008	5	6	0.06492135
2008	5	7	1.03433223
2008	5	8	2.90602285
2008	5	9	0.90329754
2008	5	10	0.43270348
2008	5	11	1.22759074
2008	5	12	0.15607948
2008	5	13	0.02081274
2008	5	14	0.34393110
2008	5	15	1.26040626
2008	5	16	1.08895666
2008	5	17	0.07971600
2008	5	18	0.00037543
2008	5	19	0.00000031
2008	5	20	0.00000000
2008	5	21	0.00000000
2008	5	22	0.00000000
2008	5	23	0.00065439
2008	5	24	0.09111264
2008	5	25	0.43823619
2008	5	26	1.20971213
2008	5	27	2.84743702
2008	5	28	1.89861743
2008	5	29	0.20190880
2008	5	30	0.01182608
2008	5	31	0.04053537
2008	6	1	0.84354464
2008	6	2	2.90632893
2008	6	3	1.22488314
2008	6	4	0.11172018
2008	6	5	0.03752806
2008	6	6	0.03506123
2008	6	7	0.05542729
2008	6	8	0.17478001
2008	6	9	1.81947008
2008	6	10	4.53245404
2008	6	11	1.36817523
2008	6	12	0.12527239
2008	6	13	0.40136056
2008	6	14	1.39570429
2008	6	15	1.03615807
2008	6	16	1.07944529
2008	6	17	1.44999723
2008	6	18	0.14748743
2008	6	19	0.49608397
2008	6	20	1.87993800
2008	6	21	1.00959048
2008	6	22	0.25843322
2008	6	23	0.57819598
2008	6	24	0.27405918
2008	6	25	0.19838503
2008	6	26	0.01661055
2008	6	27	0.00185708
2008	6	28	0.05267674
2008	6	29	0.15525019
2008	6	30	0.02128318
2008	7	1	0.00009069
2008	7	2	0.00604402
2008	7	3	0.35741651
2008	7	4	1.22227427
2008	7	5	0.49374158
2008	7	6	0.06484170
2008	7	7	0.06832567
2008	7	8	0.88681136
2008	7	9	3.49556972
2008	7	10	4.90047855
2008	7	11	3.05392005
2008	7	12	0.68945744
2008	7	13	0.45995618
2008	7	14	0.14973924
2008	7	15	0.00437186
2008	7	16	0.00003449
2008	7	17	0.00000003
2008	7	18	0.00000000
2008	7	19	0.00000000
2008	7	20	0.00000000
2008	7	21	0.00000000
2008	7	22	0.00000000
2008	7	23	0.45882482
2008	7	24	1.56802445
2008	7	25	0.36593287
2008	7	26	0.02456616
2008	7	27	0.00052032
2008	7	28	0.00000857
2008	7	29	0.00000749
2008	7	30	0.00004299
2008	7	31	0.00006428
2008	8	1	0.00001019
2008	8	2	0.00000001
2008	8	3	0.00000000
2008	8	4	0.00000000
2008	8	5	0.00000000
2008	8	6	0.01144136
2008	8	7	0.14810658
2008	8	8	0.57470522
2008	8	9	2.88229833
2008	8	10	9.61938385
2008	8	11	9.91172216
2008	8	12	4.68497333
2008	8	13	1.10042247
2008	8	14	0.23520033
2008	8	15	0.15379783
2008	8	16	0.10208889
2008	8	17	0.05679320
2008	8	18	0.00534623
2008	8	19	0.03711138
2008	8	20	0.13131662
2008	8	21	0.06054102
2008	8	22	0.06899044
2008	8	23	0.32366698
2008	8	24	0.94608460
2008	8	25	0.31469643
2008	8	26	0.08256321
2008	8	27	0.00318602
2008	8	28	0.00321008
2008	8	29	0.01159845
2008	8	30	0.00506136
2008	8	31	0.00173350
2008	9	1	0.00022510
2008	9	2	1.02269996
2008	9	3	6.21926457
2008	9	4	10.84743342
2008	9	5	4.58918518
2008	9	6	0.42148262
2008	9	7	0.07972171
2008	9	8	0.00496499
2008	9	9	0.00064675
2008	9	10	0.00471106
2008	9	11	0.13402757
2008	9	12	0.42062391
2008	9	13	2.98353510
2008	9	14	11.42990753
2008	9	15	7.15799014
2008	9	16	0.62941023
2008	9	17	0.00064867
2008	9	18	0.00000000
2008	9	19	0.00000000
2008	9	20	0.00000000
2008	9	21	0.00042462
2008	9	22	0.00141302
2008	9	23	0.00021211
2008	9	24	0.00000464
2008	9	25	0.00000000
2008	9	26	0.00000000
2008	9	27	0.00000000
2008	9	28	0.00000000
2008	9	29	0.00000000
2008	9	30	0.00000000
2008	10	1	0.00000000
2008	10	2	0.00000000
2008	10	3	0.13877164
2008	10	4	0.47582959
2008	10	5	0.12834462
2008	10	6	1.43475159
2008	10	7	5.64512908
2008	10	8	4.07812102
2008	10	9	0.40388070
2008	10	10	0.00092766
2008	10	11	0.00000053
2008	10	12	0.00000000
2008	10	13	0.00005036
2008	10	14	0.07685997
2008	10	15	0.34479518
2008	10	16	0.33222574
2008	10	17	0.03243160
2008	10	18	0.00067912
2008	10	19	0.00000067
2008	10	20	0.00000000
2008	10	21	0.03790027
2008	10	22	0.26776943
2008	10	23	0.52699662
2008	10	24	0.19187404
2008	10	25	0.01532903
2008	10	26	0.00028624
2008	10	27	0.00000028
2008	10	28	0.00000000
2008	10	29	0.00033743
2008	10	30	0.00108661
2008	10	31	0.00791703
2008	11	1	0.02704432
2008	11	2	0.00683074
2008	11	3	0.00050955
2008	11	4	0.00804497
2008	11	5	0.07747009
2008	11	6	0.21365289
2008	11	7	0.15744874
2008	11	8	0.00776241
2008	11	9	0.00109714
2008	11	10	0.47937756
2008	11	11	1.78769154
2008	11	12	0.90915393
2008	11	13	0.08688050
2008	11	14	0.01176431
2008	11	15	0.00078359
2008	11	16	0.00000330
2008	11	17	0.00000000
2008	11	18	0.00000000
2008	11	19	0.00000000
2008	11	20	0.00000000
2008	11	21	0.00000000
2008	11	22	0.00098351
2008	11	23	0.01686580
2008	11	24	0.04970180
2008	11	25	0.01999543
2008	11	26	0.00199507
2008	11	27	0.00016951
2008	11	28	0.00057212
2008	11	29	0.00369847
2008	11	30	0.01764936
2008	12	1	0.02649252
2008	12	2	0.02259552
2008	12	3	0.00748117
2008	12	4	0.00081380
2008	12	5	0.00000084
2008	12	6	0.00000000
2008	12	7	0.00000000
2008	12	8	0.14873730
2008	12	9	0.63556722
2008	12	10	0.53727706
2008	12	11	0.05596964
2008	12	12	0.00080986
2008	12	13	0.00000078
2008	12	14	0.05845952
2008	12	15	0.21365609
2008	12	16	0.09610410
2008	12	17	0.02121611
2008	12	18	0.01879762
2008	12	19	0.07351593
2008	12	20	0.08509722
2008	12	21	0.06699503
2008	12	22	0.02588977
2008	12	23	0.00366895
2008	12	24	0.14325425
2008	12	25	0.49927037
2008	12	26	0.25610644
2008	12	27	1.26280379
2008	12	28	3.80782263
2008	12	29	2.12598030
2008	12	30	0.34660398
2008	12	31	0.02002724
2009	1	1	0.00061184
2009	1	2	0.00321245
2009	1	3	0.00435147
2009	1	4	0.00030363
2009	1	5	0.00001893
2009	1	6	0.00006309
2009	1	7	0.00001286
2009	1	8	0.00000001
2009	1	9	0.00644651
2009	1	10	0.02875197
2009	1	11	0.02718380
2009	1	12	0.00265160
2009	1	13	0.00000274
2009	1	14	0.00000000
2009	1	15	0.00077252
2009	1	16	0.00252273
2009	1	17	0.00023108
2009	1	18	0.00000024
2009	1	19	0.00000000
2009	1	20	0.00000000
2009	1	21	0.00000000
2009	1	22	0.00000000
2009	1	23	0.00025128
2009	1	24	0.00090137
2009	1	25	0.00035272
2009	1	26	0.00006825
2009	1	27	0.00000131
2009	1	28	0.00000000
2009	1	29	0.00000000
2009	1	30	0.04037960
2009	1	31	0.37387254
2009	2	1	1.30795865
2009	2	2	2.02639004
2009	2	3	1.31036755
2009	2	4	0.68413768
2009	2	5	0.43829928
2009	2	6	2.29339563
2009	2	7	4.97222610
2009	2	8	1.11787227
2009	2	9	0.37009348
2009	2	10	2.11700775
2009	2	11	5.02823805
2009	2	12	2.93171660
2009	2	13	0.28934523
2009	2	14	0.03004973
2009	2	15	0.10498901
2009	2	16	0.06117204
2009	2	17	0.03355863
2009	2	18	0.07021696
2009	2	19	0.00778215
2009	2	20	0.00015877
2009	2	21	0.00000016
2009	2	22	0.00000000
2009	2	23	0.00000000
2009	2	24	0.00000000
2009	2	25	0.00000000
2009	2	26	0.05817447
2009	2	27	0.30574382
2009	2	28	0.43350362
2009	3	1	0.16018351
2009	3	2	0.01555287
2009	3	3	0.00005233
2009	3	4	0.00000004
2009	3	5	0.00000000
2009	3	6	0.00000000
2009	3	7	0.00000000
2009	3	8	0.00003561
2009	3	9	0.00011543
2009	3	10	0.02732090
2009	3	11	0.14481547
2009	3	12	0.30002753
2009	3	13	0.42487221
2009	3	14	0.20506712
2009	3	15	0.06575470
2009	3	16	0.01865082
2009	3	17	0.00081096
2009	3	18	0.01489424
2009	3	19	0.04976170
2009	3	20	0.28552613
2009	3	21	1.00638498
2009	3	22	0.41254929
2009	3	23	0.05346607
2009	3	24	0.40929676
2009	3	25	1.40556664
2009	3	26	1.11058257
2009	3	27	0.93506686
2009	3	28	2.29876948
2009	3	29	2.82702403
2009	3	30	0.82064744
2009	3	31	0.49544392
2009	4	1	0.18898069
2009	4	2	0.11811281
2009	4	3	0.28760324
2009	4	4	0.15536173
2009	4	5	0.02355105
2009	4	6	0.02568382
2009	4	7	0.00135614
2009	4	8	0.01254622
2009	4	9	0.45419240
2009	4	10	1.42507129
2009	4	11	0.42367933
2009	4	12	0.82203177
2009	4	13	2.29944487
2009	4	14	1.38293909
2009	4	15	0.18604244
2009	4	16	0.00190349
2009	4	17	0.01008227
2009	4	18	0.43499652
2009	4	19	1.40319971
2009	4	20	0.40751900
2009	4	21	0.03537398
2009	4	22	0.00007341
2009	4	23	0.00007287
2009	4	24	0.00000740
2009	4	25	0.00935375
2009	4	26	0.03089154
2009	4	27	0.11603433
2009	4	28	0.37763988
2009	4	29	0.44437947
2009	4	30	1.34079221
2009	5	1	1.18792699
2009	5	2	5.23036808
2009	5	3	11.56065624
2009	5	4	6.89790493
2009	5	5	3.41531645
2009	5	6	7.87913857
2009	5	7	4.16414583
2009	5	8	0.91242852
2009	5	9	1.56745427
2009	5	10	0.27378452
2009	5	11	0.12983928
2009	5	12	0.73371516
2009	5	13	3.43112974
2009	5	14	4.15835839
2009	5	15	1.35971845
2009	5	16	0.27582598
2009	5	17	0.35627491
2009	5	18	0.04224954
2009	5	19	0.00004368
2009	5	20	0.00000000
2009	5	21	0.00000000
2009	5	22	0.00351972
2009	5	23	0.02358882
2009	5	24	0.22671977
2009	5	25	0.74747206
2009	5	26	0.55214944
2009	5	27	0.21566207
2009	5	28	0.02542231
2009	5	29	0.00056875
2009	5	30	0.00000781
2009	5	31	0.00000001
2009	6	1	0.06853136
2009	6	2	0.22387942
2009	6	3	0.09015212
2009	6	4	0.22872378
2009	6	5	0.02765782
2009	6	6	0.00056649
2009	6	7	0.00046100
2009	6	8	0.15153447
2009	6	9	0.50497922
2009	6	10	0.27221300
2009	6	11	0.61806738
2009	6	12	0.66528354
2009	6	13	2.31807592
2009	6	14	1.44647508
2009	6	15	0.51644741
2009	6	16	0.19049914
2009	6	17	0.42629657
2009	6	18	0.03399343
2009	6	19	0.00006738
2009	6	20	0.00000003
2009	6	21	0.00000000
2009	6	22	0.00000000
2009	6	23	0.00000000
2009	6	24	0.00000000
2009	6	25	0.00000000
2009	6	26	0.00000000
2009	6	27	0.00000000
2009	6	28	0.00000000
2009	6	29	0.00000000
2009	6	30	0.00007676
2009	7	1	0.00028793
2009	7	2	0.00608472
2009	7	3	0.04065501
2009	7	4	0.33056370
2009	7	5	0.87741514
2009	7	6	0.15627139
2009	7	7	0.00871730
2009	7	8	0.00000892
2009	7	9	0.00000000
2009	7	10	0.00000000
2009	7	11	0.00000000
2009	7	12	0.00000000
2009	7	13	0.00386069
2009	7	14	0.01272375
2009	7	15	0.00152406
2009	7	16	0.00000158
2009	7	17	0.00000000
2009	7	18	0.00000000
2009	7	19	0.00000000
2009	7	20	0.41329958
2009	7	21	1.70580253
2009	7	22	1.29721454
2009	7	23	0.14063686
2009	7	24	0.00151508
2009	7	25	0.00000143
2009	7	26	0.00000000
2009	7	27	0.01762700
2009	7	28	0.05723490
2009	7	29	0.03419205
2009	7	30	0.32129153
2009	7	31	0.77558691
2009	8	1	0.19026329
2009	8	2	0.02067832
2009	8	3	0.00133673
2009	8	4	0.00007314
2009	8	5	0.40260579
2009	8	6	1.34331113
2009	8	7	0.21338404
2009	8	8	0.00754607
2009	8	9	0.00365790
2009	8	10	0.25132177
2009	8	11	0.84711448
2009	8	12	0.28203909
2009	8	13	0.02134388
2009	8	14	0.00002195
2009	8	15	0.00000000
2009	8	16	0.00000000
2009	8	17	0.06757319
2009	8	18	0.22523902
2009	8	19	0.40823749
2009	8	20	1.77209515
2009	8	21	1.96927701
2009	8	22	0.34167323
2009	8	23	0.01728681
2009	8	24	0.00001766
2009	8	25	0.00000000
2009	8	26	0.00000000
2009	8	27	0.15650158
2009	8	28	0.53306198
2009	8	29	0.11763351
2009	8	30	0.00343563
2009	8	31	0.00000346
2009	9	1	0.00071121
2009	9	2	0.22464140
2009	9	3	0.76903052
2009	9	4	0.26250079
2009	9	5	0.48778579
2009	9	6	1.20133140
2009	9	7	0.86557928
2009	9	8	0.14117432
2009	9	9	1.39632221
2009	9	10	5.30721403
2009	9	11	3.29410521
2009	9	12	0.47638524
2009	9	13	0.48380772
2009	9	14	0.35566218
2009	9	15	0.33006470
2009	9	16	0.71214565
2009	9	17	1.52092185
2009	9	18	0.47270358
2009	9	19	0.06763607
2009	9	20	0.00332349
2009	9	21	2.23083007
2009	9	22	8.77089318
2009	9	23	5.57401146
2009	9	24	0.57473508
2009	9	25	0.00267721
2009	9	26	0.00014300
2009	9	27	0.00000871
2009	9	28	0.00000001
2009	9	29	0.00000000
2009	9	30	0.00000000
2009	10	1	0.00350847
2009	10	2	0.01156121
2009	10	3	0.00139120
2009	10	4	0.01176190
2009	10	5	0.36824079
2009	10	6	1.34107137
2009	10	7	1.00181395
2009	10	8	3.59086043
2009	10	9	14.77895577
2009	10	10	13.66365622
2009	10	11	1.43216916
2009	10	12	0.92424679
2009	10	13	1.95457169
2009	10	14	1.36126175
2009	10	15	0.31271078
2009	10	16	0.02937913
2009	10	17	0.01108354
2009	10	18	0.00084241
2009	10	19	0.00000087
2009	10	20	0.00000000
2009	10	21	0.34948326
2009	10	22	1.78691884
2009	10	23	2.23477182
2009	10	24	0.26345026
2009	10	25	0.36578324
2009	10	26	1.74145574
2009	10	27	2.27134904
2009	10	28	1.27791529
2009	10	29	2.22512441
2009	10	30	7.84011843
2009	10	31	3.85933213
2009	11	1	0.39334398
2009	11	2	0.00040605
2009	11	3	0.00000000
2009	11	4	0.00000000
2009	11	5	0.00000000
2009	11	6	0.00000000
2009	11	7	0.00000000
2009	11	8	0.00000000
2009	11	9	0.00000000
2009	11	10	0.00000000
2009	11	11	0.00000000
2009	11	12	0.00000000
2009	11	13	0.00000000
2009	11	14	0.02435282
2009	11	15	0.87529535
2009	11	16	2.89961566
2009	11	17	1.22709351
2009	11	18	0.19452939
2009	11	19	0.03941186
2009	11	20	0.01932228
2009	11	21	0.02807053
2009	11	22	0.00236192
2009	11	23	0.31970324
2009	11	24	1.08999059
2009	11	25	0.24803057
2009	11	26	0.02107796
2009	11	27	0.00075663
2009	11	28	0.00201389
2009	11	29	0.11114520
2009	11	30	0.40898710
2009	12	1	0.25301079
2009	12	2	0.03050661
2009	12	3	0.00038705
2009	12	4	0.00000037
2009	12	5	0.00380055
2009	12	6	0.04060038
2009	12	7	0.14125659
2009	12	8	0.42924151
2009	12	9	0.95725427
2009	12	10	0.34624162
2009	12	11	0.03195713
2009	12	12	0.06043540
2009	12	13	0.22069101
2009	12	14	0.15142097
2009	12	15	0.05265522
2009	12	16	0.00618223
2009	12	17	0.00002520
2009	12	18	0.00000537
2009	12	19	0.00000645
2009	12	20	0.00000201
2009	12	21	0.00000000
2009	12	22	0.00509853
2009	12	23	0.36371685
2009	12	24	1.88153870
2009	12	25	2.74635125
2009	12	26	0.89893109
2009	12	27	0.08751727
2009	12	28	0.00127372
2009	12	29	0.01987256
2009	12	30	0.06799112
2009	12	31	0.05722488
2010	1	1	0.01223274
2010	1	2	0.00648772
2010	1	3	0.01720595
2010	1	4	0.00309037
2010	1	5	0.00000763
2010	1	6	0.00000054
2010	1	7	0.00000000
2010	1	8	0.00000000
2010	1	9	0.00000000
2010	1	10	0.00003608
2010	1	11	0.00854629
2010	1	12	0.06602949
2010	1	13	0.20301479
2010	1	14	0.31310336
2010	1	15	0.21856440
2010	1	16	0.04682576
2010	1	17	0.00539962
2010	1	18	0.00107950
2010	1	19	0.11257851
2010	1	20	1.35123065
2010	1	21	3.71644557
2010	1	22	1.84097996
2010	1	23	0.56252117
2010	1	24	1.29729192
2010	1	25	0.36436235
2010	1	26	0.02895242
2010	1	27	0.00002980
2010	1	28	0.71243276
2010	1	29	2.39789289
2010	1	30	0.44273305
2010	1	31	0.01555544
2010	2	1	0.02335522
2010	2	2	0.03836641
2010	2	3	0.05559227
2010	2	4	0.53187906
2010	2	5	1.97666881
2010	2	6	1.36136579
2010	2	7	1.15905185
2010	2	8	0.94864776
2010	2	9	0.10831564
2010	2	10	0.00025101
2010	2	11	0.00000015
2010	2	12	0.02712445
2010	2	13	0.46987884
2010	2	14	1.76781908
2010	2	15	1.81492101
2010	2	16	0.30633651
2010	2	17	0.50577161
2010	2	18	1.03196517
2010	2	19	1.58477087
2010	2	20	2.24483184
2010	2	21	1.51219605
2010	2	22	2.63804005
2010	2	23	1.82751695
2010	2	24	0.28460231
2010	2	25	0.12834999
2010	2	26	0.11277532
2010	2	27	0.08082743
2010	2	28	0.01172935
2010	3	1	0.00479501
2010	3	2	0.00082798
2010	3	3	0.00000136
2010	3	4	0.00000000
2010	3	5	0.00000000
2010	3	6	0.00000000
2010	3	7	0.00029775
2010	3	8	0.72839940
2010	3	9	2.50880558
2010	3	10	0.67386387
2010	3	11	0.15631472
2010	3	12	0.16523853
2010	3	13	0.03444650
2010	3	14	0.01854984
2010	3	15	0.00225214
2010	3	16	0.00000233
2010	3	17	0.00000000
2010	3	18	0.00000000
2010	3	19	0.04518601
2010	3	20	0.88837329
2010	3	21	3.15789438
2010	3	22	3.07035843
2010	3	23	2.33365379
2010	3	24	2.75247981
2010	3	25	3.06308081
2010	3	26	0.99166476
2010	3	27	0.21714628
2010	3	28	0.15317410
2010	3	29	0.27601516
2010	3	30	0.02737239
2010	3	31	0.00002825
2010	4	1	0.00736695
2010	4	2	0.88981919
2010	4	3	3.19481269
2010	4	4	1.45888596
2010	4	5	0.13071352
2010	4	6	0.02690744
2010	4	7	0.08804213
2010	4	8	0.00997996
2010	4	9	0.00008579
2010	4	10	0.00000008
2010	4	11	0.00000000
2010	4	12	0.00000000
2010	4	13	0.00000000
2010	4	14	0.00000000
2010	4	15	0.00000498
2010	4	16	0.00001641
2010	4	17	0.10912285
2010	4	18	0.37505924
2010	4	19	0.11135067
2010	4	20	0.06330858
2010	4	21	0.00604097
2010	4	22	0.00000623
2010	4	23	0.20666014
2010	4	24	1.24032654
2010	4	25	1.91984919
2010	4	26	0.20607298
2010	4	27	0.00171261
2010	4	28	0.00000156
2010	4	29	0.00343488
2010	4	30	0.10777428
2010	5	1	0.49232774
2010	5	2	0.61571790
2010	5	3	0.09164588
2010	5	4	0.00154015
2010	5	5	0.00000151
2010	5	6	0.00000000
2010	5	7	0.00000000
2010	5	8	0.00000000
2010	5	9	0.38877629
2010	5	10	2.03896282
2010	5	11	2.80066436
2010	5	12	0.80234722
2010	5	13	0.95045534
2010	5	14	3.46520255
2010	5	15	3.03899969
2010	5	16	3.15129398
2010	5	17	2.57139860
2010	5	18	0.24483010
2010	5	19	1.56076170
2010	5	20	6.14491576
2010	5	21	4.07088832
2010	5	22	0.44712185
2010	5	23	0.00110269
2010	5	24	0.00000067
2010	5	25	0.56445953
2010	5	26	2.18451106
2010	5	27	1.28003769
2010	5	28	0.09254648
2010	5	29	0.00065006
2010	5	30	0.00000058
2010	5	31	0.00000000
2010	6	1	0.00000000
2010	6	2	0.03620896
2010	6	3	0.17068751
2010	6	4	0.18569307
2010	6	5	0.02803825
2010	6	6	0.00294072
2010	6	7	0.17115094
2010	6	8	0.57740448
2010	6	9	0.11055672
2010	6	10	0.11044510
2010	6	11	0.36138040
2010	6	12	0.05490163
2010	6	13	0.02623304
2010	6	14	0.10208097
2010	6	15	0.11868253
2010	6	16	0.16830607
2010	6	17	0.03041656
2010	6	18	0.00038400
2010	6	19	0.05720262
2010	6	20	0.19072045
2010	6	21	0.02966284
2010	6	22	0.00037645
2010	6	23	0.00000036
2010	6	24	0.00232259
2010	6	25	0.00790027
2010	6	26	0.18348597
2010	6	27	1.09742271
2010	6	28	1.89806968
2010	6	29	0.80578186
2010	6	30	0.08032118
2010	7	1	0.00008290
2010	7	2	0.00000637
2010	7	3	0.06975547
2010	7	4	0.24006805
2010	7	5	0.12243237
2010	7	6	0.27240411
2010	7	7	0.30573716
2010	7	8	0.76455576
2010	7	9	2.24057919
2010	7	10	1.81603823
2010	7	11	0.56642489
2010	7	12	1.26467740
2010	7	13	5.34094529
2010	7	14	4.88856162
2010	7	15	2.27030278
2010	7	16	6.85546680
2010	7	17	3.35560766
2010	7	18	0.25676424
2010	7	19	0.00035354
2010	7	20	0.00000009
2010	7	21	0.00000000
2010	7	22	0.00000000
2010	7	23	0.00000000
2010	7	24	0.00000000
2010	7	25	0.07021272
2010	7	26	0.23559583
2010	7	27	0.04115177
2010	7	28	0.00044923
2010	7	29	0.00000042
2010	7	30	0.00000000
2010	7	31	0.00000000
2010	8	1	0.00223472
2010	8	2	0.00765470
2010	8	3	0.00181839
2010	8	4	0.00005649
2010	8	5	0.04503294
2010	8	6	0.15251600
2010	8	7	0.03247965
2010	8	8	0.00582781
2010	8	9	0.00135260
2010	8	10	0.00005667
2010	8	11	0.00000006
2010	8	12	0.00005052
2010	8	13	0.00018778
2010	8	14	0.00022325
2010	8	15	0.00043793
2010	8	16	0.00002233
2010	8	17	0.00000002
2010	8	18	0.00000000
2010	8	19	0.00002224
2010	8	20	0.00043464
2010	8	21	0.00137357
2010	8	22	0.00071328
2010	8	23	0.00006104
2010	8	24	0.00000006
2010	8	25	0.00000000
2010	8	26	0.00000000
2010	8	27	0.00000000
2010	8	28	0.00000000
2010	8	29	0.02124928
2010	8	30	0.07100700
2010	8	31	0.01158770
2010	9	1	0.00888375
2010	9	2	0.87170556
2010	9	3	2.98050395
2010	9	4	0.97647763
2010	9	5	0.05993401
2010	9	6	0.00006145
2010	9	7	0.17532569
2010	9	8	1.85587627
2010	9	9	9.98608749
2010	9	10	20.79245258
2010	9	11	7.14507029
2010	9	12	0.56818807
2010	9	13	0.01537175
2010	9	14	0.28753203
2010	9	15	1.37435378
2010	9	16	1.99156763
2010	9	17	0.19842457
2010	9	18	0.00051913
2010	9	19	0.00000033
2010	9	20	0.00000000
2010	9	21	0.00000000
2010	9	22	0.00000000
2010	9	23	0.46497531
2010	9	24	2.76570008
2010	9	25	4.23001896
2010	9	26	0.42991258
2010	9	27	0.00091107
2010	9	28	0.00000049
2010	9	29	0.00000000
2010	9	30	0.00000000
