1998	1	1	35.46887539
1998	1	2	52.49341918
1998	1	3	60.01103912
1998	1	4	51.73146354
1998	1	5	29.15555935
1998	1	6	10.58759781
1998	1	7	3.97670252
1998	1	8	2.01371109
1998	1	9	2.72835083
1998	1	10	0.70383956
1998	1	11	0.32608251
1998	1	12	0.28727605
1998	1	13	0.45721357
1998	1	14	0.16972283
1998	1	15	0.13949142
1998	1	16	0.10448314
1998	1	17	0.10215179
1998	1	18	0.09341656
1998	1	19	0.09039797
1998	1	20	0.08789423
1998	1	21	0.08559239
1998	1	22	0.08387013
1998	1	23	0.08159931
1998	1	24	0.08019651
1998	1	25	0.15024684
1998	1	26	1.50923255
1998	1	27	1.18095492
1998	1	28	0.19479877
1998	1	29	0.10593393
1998	1	30	0.09975219
1998	1	31	0.12205341
1998	2	1	0.69259165
1998	2	2	0.37175905
1998	2	3	0.11460821
1998	2	4	0.09672036
1998	2	5	0.09512298
1998	2	6	0.09403221
1998	2	7	0.09285089
1998	2	8	0.09137805
1998	2	9	0.09301197
1998	2	10	0.16834771
1998	2	11	1.01420949
1998	2	12	0.90785168
1998	2	13	0.17584023
1998	2	14	0.11737137
1998	2	15	0.13595998
1998	2	16	0.49704534
1998	2	17	0.42101239
1998	2	18	0.14702797
1998	2	19	0.23692091
1998	2	20	0.14673673
1998	2	21	0.13037574
1998	2	22	0.11925953
1998	2	23	0.10821231
1998	2	24	0.10210921
1998	2	25	0.17177911
1998	2	26	1.77608527
1998	2	27	1.34398455
1998	2	28	0.30218539
1998	3	1	0.16254642
1998	3	2	0.15594220
1998	3	3	0.15475235
1998	3	4	0.15281074
1998	3	5	0.17424058
1998	3	6	0.51060495
1998	3	7	0.58464299
1998	3	8	3.67871348
1998	3	9	2.07885921
1998	3	10	0.52561319
1998	3	11	0.42014613
1998	3	12	0.41914860
1998	3	13	0.41634277
1998	3	14	0.46665894
1998	3	15	0.91191409
1998	3	16	3.64989263
1998	3	17	5.29837949
1998	3	18	2.97416785
1998	3	19	3.49574125
1998	3	20	4.32414780
1998	3	21	2.89029619
1998	3	22	2.11096871
1998	3	23	1.87958804
1998	3	24	1.69419820
1998	3	25	1.46321813
1998	3	26	1.27561622
1998	3	27	1.22952485
1998	3	28	1.38357842
1998	3	29	1.03587206
1998	3	30	1.13098038
1998	3	31	3.02364736
1998	4	1	1.36131566
1998	4	2	1.03701799
1998	4	3	2.26702337
1998	4	4	1.06239103
1998	4	5	0.90080996
1998	4	6	0.90171446
1998	4	7	1.81729426
1998	4	8	0.93461823
1998	4	9	0.74734653
1998	4	10	0.67837000
1998	4	11	0.60734117
1998	4	12	0.53547336
1998	4	13	0.47968438
1998	4	14	0.40878912
1998	4	15	0.36274102
1998	4	16	0.54025495
1998	4	17	0.29906589
1998	4	18	0.25592694
1998	4	19	0.22681977
1998	4	20	0.20060643
1998	4	21	0.18464383
1998	4	22	0.16628523
1998	4	23	0.17062812
1998	4	24	0.13209067
1998	4	25	0.11465129
1998	4	26	0.21784042
1998	4	27	2.53979489
1998	4	28	1.90707599
1998	4	29	0.29602062
1998	4	30	0.18709903
1998	5	1	0.20213226
1998	5	2	0.17348567
1998	5	3	0.27210902
1998	5	4	0.15374419
1998	5	5	0.38820511
1998	5	6	0.26474333
1998	5	7	1.18608997
1998	5	8	1.07557764
1998	5	9	0.26753496
1998	5	10	1.55498524
1998	5	11	0.25614492
1998	5	12	0.13842278
1998	5	13	0.11803534
1998	5	14	0.09955194
1998	5	15	0.08399489
1998	5	16	0.07110893
1998	5	17	0.05992448
1998	5	18	0.05040914
1998	5	19	0.04270783
1998	5	20	0.03655726
1998	5	21	0.03159488
1998	5	22	0.02756070
1998	5	23	0.02435083
1998	5	24	0.15319017
1998	5	25	3.20732748
1998	5	26	4.64510818
1998	5	27	2.42035392
1998	5	28	0.38364247
1998	5	29	0.20669183
1998	5	30	0.44820804
1998	5	31	0.20605979
1998	6	1	0.12970218
1998	6	2	0.10714944
1998	6	3	0.08942564
1998	6	4	0.07661724
1998	6	5	0.10492384
1998	6	6	0.06428361
1998	6	7	0.07231460
1998	6	8	0.14661666
1998	6	9	0.75065841
1998	6	10	0.14955768
1998	6	11	1.38327189
1998	6	12	0.21750164
1998	6	13	0.06849714
1998	6	14	0.09472487
1998	6	15	0.05211010
1998	6	16	0.06512904
1998	6	17	0.10398581
1998	6	18	0.10153072
1998	6	19	0.34663584
1998	6	20	0.08350789
1998	6	21	0.37763887
1998	6	22	0.14690834
1998	6	23	0.04870662
1998	6	24	0.02480375
1998	6	25	0.02099772
1998	6	26	0.01879668
1998	6	27	0.01690071
1998	6	28	0.01526089
1998	6	29	0.03247534
1998	6	30	0.48571174
1998	7	1	0.80845922
1998	7	2	0.42024790
1998	7	3	0.05335428
1998	7	4	0.05107513
1998	7	5	0.01989249
1998	7	6	0.01584277
1998	7	7	0.06573614
1998	7	8	1.23893705
1998	7	9	0.35971872
1998	7	10	0.04391156
1998	7	11	0.27079915
1998	7	12	1.90543505
1998	7	13	0.66716415
1998	7	14	0.08423506
1998	7	15	0.04892811
1998	7	16	0.04373188
1998	7	17	0.03891202
1998	7	18	0.03448914
1998	7	19	0.03045621
1998	7	20	0.02683348
1998	7	21	0.02368689
1998	7	22	0.02221632
1998	7	23	0.04679249
1998	7	24	0.02603845
1998	7	25	0.01594450
1998	7	26	0.01381572
1998	7	27	0.01287414
1998	7	28	0.02297494
1998	7	29	0.01651055
1998	7	30	0.00979156
1998	7	31	0.00865939
1998	8	1	0.00792250
1998	8	2	0.00972106
1998	8	3	0.05615928
1998	8	4	0.03099668
1998	8	5	0.24645804
1998	8	6	0.03617076
1998	8	7	0.00803957
1998	8	8	0.01017382
1998	8	9	0.10724995
1998	8	10	0.38846557
1998	8	11	0.08058347
1998	8	12	0.03006815
1998	8	13	0.07225488
1998	8	14	0.77330301
1998	8	15	0.12919637
1998	8	16	0.01425651
1998	8	17	0.00624334
1998	8	18	0.00924918
1998	8	19	0.07290565
1998	8	20	0.01782810
1998	8	21	0.00720086
1998	8	22	0.00466044
1998	8	23	0.00420655
1998	8	24	0.00396037
1998	8	25	0.00662731
1998	8	26	0.07061193
1998	8	27	0.09594348
1998	8	28	0.05084540
1998	8	29	0.00703990
1998	8	30	0.00357206
1998	8	31	0.00331132
1998	9	1	0.00322393
1998	9	2	0.00316784
1998	9	3	0.00311785
1998	9	4	0.00307356
1998	9	5	0.00333267
1998	9	6	0.00314992
1998	9	7	0.00294292
1998	9	8	0.00289105
1998	9	9	0.00285984
1998	9	10	0.00282951
1998	9	11	0.00279704
1998	9	12	0.04204919
1998	9	13	1.14221979
1998	9	14	5.47253225
1998	9	15	5.81366856
1998	9	16	0.78553818
1998	9	17	0.14462642
1998	9	18	0.10240886
1998	9	19	0.08881391
1998	9	20	0.07674847
1998	9	21	0.09744196
1998	9	22	0.74007065
1998	9	23	0.12187188
1998	9	24	0.05700463
1998	9	25	0.04993766
1998	9	26	0.04449663
1998	9	27	0.03977588
1998	9	28	0.03589460
1998	9	29	0.03268288
1998	9	30	0.04100505
1998	10	1	0.27018600
1998	10	2	0.07387523
1998	10	3	0.19827764
1998	10	4	0.17996334
1998	10	5	3.82432099
1998	10	6	13.41262332
1998	10	7	5.42283994
1998	10	8	1.47633636
1998	10	9	1.16488529
1998	10	10	1.03801542
1998	10	11	0.91195925
1998	10	12	0.79865210
1998	10	13	0.70248706
1998	10	14	0.61963659
1998	10	15	0.54812722
1998	10	16	0.50738871
1998	10	17	0.89168447
1998	10	18	0.92175464
1998	10	19	1.10827325
1998	10	20	0.47388170
1998	10	21	0.40115560
1998	10	22	0.37393241
1998	10	23	0.34761093
1998	10	24	0.32260166
1998	10	25	0.29773699
1998	10	26	0.27305730
1998	10	27	0.25033845
1998	10	28	0.23450625
1998	10	29	0.25645267
1998	10	30	1.22116103
1998	10	31	0.56432005
1998	11	1	0.41356272
1998	11	2	4.21289770
1998	11	3	2.82342802
1998	11	4	0.77798428
1998	11	5	0.65186383
1998	11	6	0.67411705
1998	11	7	1.47251012
1998	11	8	2.89100288
1998	11	9	1.70012274
1998	11	10	2.64159830
1998	11	11	2.18323041
1998	11	12	1.23255780
1998	11	13	1.12723963
1998	11	14	1.06500828
1998	11	15	0.99481559
1998	11	16	0.92140920
1998	11	17	0.85077502
1998	11	18	0.80949974
1998	11	19	1.43596606
1998	11	20	3.55873818
1998	11	21	1.80210662
1998	11	22	1.05930576
1998	11	23	0.98423194
1998	11	24	0.93020091
1998	11	25	0.87143557
1998	11	26	0.81424162
1998	11	27	0.75777376
1998	11	28	0.70334036
1998	11	29	0.79425436
1998	11	30	3.85659873
1998	12	1	3.88107736
1998	12	2	1.34354270
1998	12	3	1.20159133
1998	12	4	2.15991661
1998	12	5	1.51167414
1998	12	6	1.21146365
1998	12	7	2.33740649
1998	12	8	1.32306028
1998	12	9	1.13400371
1998	12	10	1.08630985
1998	12	11	1.04423144
1998	12	12	1.21262614
1998	12	13	2.78379857
1998	12	14	1.79208192
1998	12	15	1.17005850
1998	12	16	1.09960549
1998	12	17	1.05293635
1998	12	18	1.11561634
1998	12	19	2.11260870
1998	12	20	2.12224032
1998	12	21	1.75815232
1998	12	22	1.28616387
1998	12	23	1.14967964
1998	12	24	1.11203452
1998	12	25	1.07359218
1998	12	26	1.03227863
1998	12	27	0.98916296
1998	12	28	0.94254332
1998	12	29	0.89667001
1998	12	30	0.85686522
1998	12	31	0.83533104
1999	1	1	1.08274510
1999	1	2	0.90692232
1999	1	3	0.78751480
1999	1	4	0.73903028
1999	1	5	0.72006697
1999	1	6	0.74069119
1999	1	7	0.91997461
1999	1	8	0.77108334
1999	1	9	0.66718950
1999	1	10	0.64768543
1999	1	11	0.63019404
1999	1	12	0.60707214
1999	1	13	0.58059705
1999	1	14	0.55440299
1999	1	15	0.53386985
1999	1	16	0.51265959
1999	1	17	0.49035624
1999	1	18	0.46817668
1999	1	19	0.44663675
1999	1	20	0.42248581
1999	1	21	0.39713889
1999	1	22	0.39133396
1999	1	23	0.60379704
1999	1	24	0.75731147
1999	1	25	0.37153018
1999	1	26	0.33178973
1999	1	27	0.31847177
1999	1	28	0.32226178
1999	1	29	0.72640886
1999	1	30	1.49184504
1999	1	31	2.28929970
1999	2	1	1.13664448
1999	2	2	0.54313756
1999	2	3	0.50714719
1999	2	4	0.49257394
1999	2	5	0.47705643
1999	2	6	0.90054327
1999	2	7	7.81403130
1999	2	8	7.87081789
1999	2	9	2.61792987
1999	2	10	2.16738833
1999	2	11	2.00676535
1999	2	12	1.90157080
1999	2	13	1.80955444
1999	2	14	1.54574439
1999	2	15	1.41668130
1999	2	16	1.30631998
1999	2	17	1.19559196
1999	2	18	1.10960427
1999	2	19	1.04565754
1999	2	20	0.96883559
1999	2	21	0.90213533
1999	2	22	0.85315004
1999	2	23	0.81326370
1999	2	24	0.77218895
1999	2	25	0.72042139
1999	2	26	0.66010183
1999	2	27	0.60230299
1999	2	28	0.55219508
1999	3	1	0.50642441
1999	3	2	0.46768667
1999	3	3	0.43634256
1999	3	4	0.41273545
1999	3	5	0.41100556
1999	3	6	0.38254413
1999	3	7	0.40768852
1999	3	8	1.32912866
1999	3	9	5.06079077
1999	3	10	2.48729813
1999	3	11	0.96854500
1999	3	12	1.99907798
1999	3	13	5.38915696
1999	3	14	4.32961762
1999	3	15	4.12396613
1999	3	16	2.91213341
1999	3	17	3.51715937
1999	3	18	2.26625798
1999	3	19	2.21052168
1999	3	20	4.41147747
1999	3	21	3.99473035
1999	3	22	2.37090251
1999	3	23	2.04612852
1999	3	24	1.79874404
1999	3	25	1.58686264
1999	3	26	1.41271142
1999	3	27	1.27549861
1999	3	28	1.19425529
1999	3	29	1.70986963
1999	3	30	1.05664011
1999	3	31	0.92271230
1999	4	1	0.82789163
1999	4	2	0.79942841
1999	4	3	2.05507899
1999	4	4	4.11205012
1999	4	5	1.83891553
1999	4	6	1.52011868
1999	4	7	1.21503943
1999	4	8	1.03301326
1999	4	9	1.03413538
1999	4	10	0.80895436
1999	4	11	0.69372951
1999	4	12	0.60299808
1999	4	13	0.60898556
1999	4	14	2.03351950
1999	4	15	2.54430751
1999	4	16	0.81323109
1999	4	17	0.67584647
1999	4	18	0.64048179
1999	4	19	0.58229518
1999	4	20	0.50948335
1999	4	21	0.44394356
1999	4	22	0.54032178
1999	4	23	0.67442433
1999	4	24	0.78565963
1999	4	25	1.45090988
1999	4	26	5.22725017
1999	4	27	5.64569436
1999	4	28	1.82910384
1999	4	29	1.38913126
1999	4	30	1.23241812
1999	5	1	1.06407534
1999	5	2	0.89331386
1999	5	3	0.88774653
1999	5	4	4.12327055
1999	5	5	7.58622786
1999	5	6	2.76353571
1999	5	7	1.76307655
1999	5	8	1.48348806
1999	5	9	1.23331291
1999	5	10	1.31600452
1999	5	11	2.75759815
1999	5	12	4.99877165
1999	5	13	3.11586550
1999	5	14	1.62361776
1999	5	15	1.31281271
1999	5	16	1.11817015
1999	5	17	1.85088751
1999	5	18	3.41679094
1999	5	19	1.43775977
1999	5	20	1.14150184
1999	5	21	4.11109527
1999	5	22	3.30163288
1999	5	23	8.17522562
1999	5	24	6.32962860
1999	5	25	3.15928134
1999	5	26	3.05097456
1999	5	27	2.23924117
1999	5	28	1.80880514
1999	5	29	1.47687549
1999	5	30	1.42888594
1999	5	31	1.60644388
1999	6	1	3.04408357
1999	6	2	1.56325768
1999	6	3	1.03723742
1999	6	4	0.85362474
1999	6	5	0.69808373
1999	6	6	0.57209591
1999	6	7	0.47113881
1999	6	8	0.38489730
1999	6	9	0.31430931
1999	6	10	0.34651757
1999	6	11	1.92363268
1999	6	12	1.78415618
1999	6	13	0.42992532
1999	6	14	0.83978264
1999	6	15	0.31447818
1999	6	16	0.55108801
1999	6	17	1.88656225
1999	6	18	0.41762194
1999	6	19	1.32243582
1999	6	20	4.85502906
1999	6	21	3.16453326
1999	6	22	1.06383751
1999	6	23	2.80755222
1999	6	24	2.78375221
1999	6	25	4.66230771
1999	6	26	2.63895473
1999	6	27	1.64687605
1999	6	28	3.22496568
1999	6	29	3.65176803
1999	6	30	4.89195553
1999	7	1	7.47663988
1999	7	2	5.83081114
1999	7	3	3.44273033
1999	7	4	2.63670791
1999	7	5	1.99292210
1999	7	6	1.49950931
1999	7	7	1.22266445
1999	7	8	0.93438588
1999	7	9	0.72838220
1999	7	10	0.58323558
1999	7	11	0.61112546
1999	7	12	0.40121370
1999	7	13	0.31825899
1999	7	14	0.25899653
1999	7	15	0.20684743
1999	7	16	0.16404159
1999	7	17	0.13158890
1999	7	18	0.10741497
1999	7	19	0.08942593
1999	7	20	0.07609703
1999	7	21	0.06580076
1999	7	22	0.05762881
1999	7	23	0.05081710
1999	7	24	0.04496553
1999	7	25	0.03998081
1999	7	26	0.03578638
1999	7	27	0.03220478
1999	7	28	0.02910573
1999	7	29	0.02641519
1999	7	30	0.02406197
1999	7	31	0.02200475
1999	8	1	0.02027921
1999	8	2	0.05117786
1999	8	3	0.79134547
1999	8	4	0.14081197
1999	8	5	0.20194859
1999	8	6	0.05362123
1999	8	7	0.02015611
1999	8	8	0.01617261
1999	8	9	0.01495324
1999	8	10	0.01402906
1999	8	11	0.01320054
1999	8	12	0.01485173
1999	8	13	0.05882307
1999	8	14	0.02061172
1999	8	15	0.01127149
1999	8	16	0.01028309
1999	8	17	0.00971993
1999	8	18	0.00924008
1999	8	19	0.00883561
1999	8	20	0.00845758
1999	8	21	0.00813139
1999	8	22	0.00811970
1999	8	23	0.01654118
1999	8	24	0.06836111
1999	8	25	0.06847492
1999	8	26	0.03828089
1999	8	27	0.60568006
1999	8	28	0.05771231
1999	8	29	0.00899811
1999	8	30	0.00721259
1999	8	31	0.00665530
1999	9	1	0.00626169
1999	9	2	0.00603858
1999	9	3	0.00580189
1999	9	4	0.07589199
1999	9	5	1.64365422
1999	9	6	1.12959953
1999	9	7	0.17974842
1999	9	8	2.28403097
1999	9	9	1.24234367
1999	9	10	0.12948684
1999	9	11	0.88048503
1999	9	12	0.75843304
1999	9	13	1.53256247
1999	9	14	0.15444605
1999	9	15	0.04134255
1999	9	16	0.03495645
1999	9	17	0.03091331
1999	9	18	0.02801604
1999	9	19	0.04874969
1999	9	20	0.45162261
1999	9	21	0.09270505
1999	9	22	0.03879691
1999	9	23	0.02398574
1999	9	24	0.02173612
1999	9	25	0.02097193
1999	9	26	0.03819556
1999	9	27	0.01894993
1999	9	28	0.02082784
1999	9	29	0.10988772
1999	9	30	0.02492865
1999	10	1	0.01464465
1999	10	2	0.01469453
1999	10	3	0.02717493
1999	10	4	0.02177209
1999	10	5	0.01237602
1999	10	6	0.01129887
1999	10	7	0.01753335
1999	10	8	0.15753145
1999	10	9	0.02279576
1999	10	10	0.01778014
1999	10	11	0.01035116
1999	10	12	0.00902534
1999	10	13	0.00856290
1999	10	14	0.00818436
1999	10	15	0.00784862
1999	10	16	0.00883656
1999	10	17	0.03195298
1999	10	18	0.01075510
1999	10	19	0.00723013
1999	10	20	0.00685935
1999	10	21	0.00664192
1999	10	22	0.00643850
1999	10	23	0.00624388
1999	10	24	0.00607192
1999	10	25	0.00592993
1999	10	26	0.00577645
1999	10	27	0.00562708
1999	10	28	0.00547017
1999	10	29	0.01584601
1999	10	30	0.32277838
1999	10	31	1.72063816
1999	11	1	1.56033383
1999	11	2	1.32148816
1999	11	3	0.10804158
1999	11	4	0.02370377
1999	11	5	0.01974290
1999	11	6	0.01759235
1999	11	7	0.01605562
1999	11	8	0.01493867
1999	11	9	0.01408269
1999	11	10	0.01336873
1999	11	11	0.01278244
1999	11	12	0.01224481
1999	11	13	0.01174515
1999	11	14	0.01129666
1999	11	15	0.01091601
1999	11	16	0.01054310
1999	11	17	0.01022996
1999	11	18	0.00995118
1999	11	19	0.00996273
1999	11	20	0.00987962
1999	11	21	0.00988328
1999	11	22	0.09951706
1999	11	23	1.75567065
1999	11	24	1.98081159
1999	11	25	0.16510678
1999	11	26	0.03068437
1999	11	27	0.02603475
1999	11	28	0.02369900
1999	11	29	0.02207041
1999	11	30	0.02095328
1999	12	1	0.02018055
1999	12	2	0.09152124
1999	12	3	1.73007846
1999	12	4	2.09036745
1999	12	5	5.53233983
1999	12	6	2.15337250
1999	12	7	0.36494083
1999	12	8	0.39790541
1999	12	9	3.26737137
1999	12	10	4.16443614
1999	12	11	1.44711478
1999	12	12	1.91411898
1999	12	13	2.05093322
1999	12	14	1.11284089
1999	12	15	0.99200793
1999	12	16	0.95061488
1999	12	17	0.90340722
1999	12	18	0.85648199
1999	12	19	0.81195248
1999	12	20	0.77143520
1999	12	21	0.73781719
1999	12	22	0.71005157
1999	12	23	0.68474018
1999	12	24	0.66016310
1999	12	25	0.63644629
1999	12	26	0.61246457
1999	12	27	0.58861475
1999	12	28	0.56677241
1999	12	29	0.54410118
1999	12	30	0.51829753
1999	12	31	0.49140615
2000	1	1	0.46498129
2000	1	2	0.57434643
2000	1	3	3.48506316
2000	1	4	2.88413974
2000	1	5	0.95608346
2000	1	6	0.82847681
2000	1	7	1.15209299
2000	1	8	1.34249579
2000	1	9	1.01726479
2000	1	10	0.82997091
2000	1	11	0.77993628
2000	1	12	0.74184441
2000	1	13	0.70074325
2000	1	14	0.66362629
2000	1	15	0.63100314
2000	1	16	0.60094237
2000	1	17	0.57169227
2000	1	18	0.54280820
2000	1	19	0.51716681
2000	1	20	0.49590259
2000	1	21	0.47936931
2000	1	22	0.46617925
2000	1	23	0.46209992
2000	1	24	0.44041526
2000	1	25	0.42932148
2000	1	26	0.41646503
2000	1	27	0.40837742
2000	1	28	0.40023282
2000	1	29	0.39279222
2000	1	30	0.38609601
2000	1	31	0.39176077
2000	2	1	0.44499655
2000	2	2	0.46178773
2000	2	3	0.53599549
2000	2	4	0.91221246
2000	2	5	0.50519428
2000	2	6	0.37466824
2000	2	7	0.36060440
2000	2	8	0.34640340
2000	2	9	0.32920104
2000	2	10	0.30975786
2000	2	11	0.29006877
2000	2	12	0.27296360
2000	2	13	0.26032353
2000	2	14	0.24844448
2000	2	15	0.23676475
2000	2	16	0.28459739
2000	2	17	1.71769583
2000	2	18	2.95861442
2000	2	19	0.89315277
2000	2	20	0.44991729
2000	2	21	0.41096362
2000	2	22	0.43013797
2000	2	23	1.23763867
2000	2	24	0.45706879
2000	2	25	0.61308868
2000	2	26	3.37403511
2000	2	27	2.31069867
2000	2	28	0.81804378
2000	2	29	0.70305374
2000	3	1	0.65506641
2000	3	2	0.78055483
2000	3	3	3.97554409
2000	3	4	4.02035367
2000	3	5	1.46285927
2000	3	6	1.16877827
2000	3	7	1.11418177
2000	3	8	2.11760551
2000	3	9	1.04740701
2000	3	10	0.93880561
2000	3	11	1.51616022
2000	3	12	1.54147408
2000	3	13	0.90157706
2000	3	14	0.79256200
2000	3	15	0.72496750
2000	3	16	0.65767817
2000	3	17	0.62584543
2000	3	18	1.10638581
2000	3	19	0.77420059
2000	3	20	0.61445763
2000	3	21	0.52297971
2000	3	22	0.63625710
2000	3	23	0.50000847
2000	3	24	1.11442540
2000	3	25	0.50025609
2000	3	26	1.12081112
2000	3	27	0.46246134
2000	3	28	0.40616139
2000	3	29	0.39493622
2000	3	30	0.50202424
2000	3	31	0.36213897
2000	4	1	0.55407916
2000	4	2	0.36252327
2000	4	3	0.31568261
2000	4	4	0.26608775
2000	4	5	0.24188437
2000	4	6	0.21505581
2000	4	7	0.18773313
2000	4	8	0.16442266
2000	4	9	0.14748919
2000	4	10	0.20078212
2000	4	11	1.68395140
2000	4	12	1.08052202
2000	4	13	0.22866972
2000	4	14	0.16080902
2000	4	15	0.16238570
2000	4	16	0.51225545
2000	4	17	0.15543071
2000	4	18	0.11642489
2000	4	19	0.13588908
2000	4	20	0.85536508
2000	4	21	0.14569139
2000	4	22	0.09932208
2000	4	23	0.33527137
2000	4	24	0.13734206
2000	4	25	0.83758779
2000	4	26	0.13406172
2000	4	27	0.07862153
2000	4	28	0.15455868
2000	4	29	2.20824466
2000	4	30	0.71503840
2000	5	1	0.59074001
2000	5	2	1.66519715
2000	5	3	0.26244465
2000	5	4	0.38355576
2000	5	5	0.79281966
2000	5	6	1.28531246
2000	5	7	1.65328392
2000	5	8	2.20692519
2000	5	9	1.32203593
2000	5	10	1.04352538
2000	5	11	0.45257562
2000	5	12	0.35821859
2000	5	13	0.30785306
2000	5	14	0.26179571
2000	5	15	0.22732842
2000	5	16	0.25206911
2000	5	17	0.32955429
2000	5	18	0.23260248
2000	5	19	0.17940814
2000	5	20	0.12724779
2000	5	21	0.10759885
2000	5	22	0.09639444
2000	5	23	0.08117573
2000	5	24	0.21078386
2000	5	25	3.45697650
2000	5	26	4.74583780
2000	5	27	1.75306797
2000	5	28	0.75459599
2000	5	29	0.39958887
2000	5	30	0.31021759
2000	5	31	0.25876203
2000	6	1	0.21516078
2000	6	2	0.18492992
2000	6	3	0.30292660
2000	6	4	0.18868693
2000	6	5	0.38222903
2000	6	6	0.14341492
2000	6	7	0.10323428
2000	6	8	0.08855647
2000	6	9	0.08908336
2000	6	10	0.37357865
2000	6	11	1.10120951
2000	6	12	2.73473435
2000	6	13	0.56626199
2000	6	14	0.48932017
2000	6	15	5.25573411
2000	6	16	2.95108511
2000	6	17	2.40758008
2000	6	18	4.72169872
2000	6	19	1.17402997
2000	6	20	1.13848639
2000	6	21	6.22236291
2000	6	22	7.10312665
2000	6	23	2.31650928
2000	6	24	1.89624717
2000	6	25	2.97553118
2000	6	26	4.87129207
2000	6	27	3.50494642
2000	6	28	2.69610728
2000	6	29	7.46010427
2000	6	30	4.19091636
2000	7	1	2.67852180
2000	7	2	2.13344361
2000	7	3	2.08741133
2000	7	4	1.42053329
2000	7	5	1.04834593
2000	7	6	0.80292909
2000	7	7	0.61754053
2000	7	8	0.48037951
2000	7	9	0.37655368
2000	7	10	0.29597226
2000	7	11	0.23331569
2000	7	12	0.18643805
2000	7	13	0.15508281
2000	7	14	0.12753847
2000	7	15	0.10740300
2000	7	16	0.09080725
2000	7	17	0.07748711
2000	7	18	0.06708376
2000	7	19	0.06535228
2000	7	20	0.41352701
2000	7	21	5.13730216
2000	7	22	3.16500094
2000	7	23	0.77280547
2000	7	24	0.37769607
2000	7	25	0.31312184
2000	7	26	0.28215166
2000	7	27	0.52423598
2000	7	28	0.34911435
2000	7	29	2.87443237
2000	7	30	3.12722753
2000	7	31	0.51614061
2000	8	1	0.32528172
2000	8	2	0.25323821
2000	8	3	0.21259591
2000	8	4	0.17977485
2000	8	5	0.15219314
2000	8	6	0.12922115
2000	8	7	0.11057484
2000	8	8	0.09547038
2000	8	9	0.08277944
2000	8	10	0.07220905
2000	8	11	0.06368689
2000	8	12	0.05647902
2000	8	13	0.05025286
2000	8	14	0.04484558
2000	8	15	0.04018866
2000	8	16	0.03614432
2000	8	17	0.03258545
2000	8	18	0.02938155
2000	8	19	0.02656677
2000	8	20	0.02412875
2000	8	21	0.02195922
2000	8	22	0.02006648
2000	8	23	0.01842142
2000	8	24	0.01696498
2000	8	25	0.01566532
2000	8	26	0.01449479
2000	8	27	0.01345730
2000	8	28	0.01253088
2000	8	29	0.01167796
2000	8	30	0.01093500
2000	8	31	0.01029343
2000	9	1	0.00974519
2000	9	2	0.00928355
2000	9	3	0.00884565
2000	9	4	0.00885639
2000	9	5	0.01740832
2000	9	6	0.00960717
2000	9	7	0.00766743
2000	9	8	0.00728349
2000	9	9	0.00705316
2000	9	10	0.00683386
2000	9	11	0.05740005
2000	9	12	1.17462925
2000	9	13	1.20522322
2000	9	14	0.10466521
2000	9	15	0.01583152
2000	9	16	0.01205035
2000	9	17	0.01021128
2000	9	18	0.00902793
2000	9	19	0.00825179
2000	9	20	0.00771122
2000	9	21	0.00730448
2000	9	22	0.07112854
2000	9	23	1.60802635
2000	9	24	5.51832237
2000	9	25	3.37004163
2000	9	26	0.31046110
2000	9	27	0.08874040
2000	9	28	0.07512399
2000	9	29	0.06565908
2000	9	30	0.05751336
2000	10	1	0.05080495
2000	10	2	0.04549293
2000	10	3	0.04108005
2000	10	4	0.03734386
2000	10	5	0.04327504
2000	10	6	0.22206613
2000	10	7	0.04863260
2000	10	8	0.02994885
2000	10	9	0.02819108
2000	10	10	0.02687522
2000	10	11	0.02560575
2000	10	12	0.02430188
2000	10	13	0.02303194
2000	10	14	0.03150922
2000	10	15	0.23891857
2000	10	16	0.76584099
2000	10	17	0.23802714
2000	10	18	0.03895241
2000	10	19	0.02365195
2000	10	20	0.02734688
2000	10	21	0.20052875
2000	10	22	1.06192880
2000	10	23	0.88999932
2000	10	24	0.09775069
2000	10	25	0.23824605
2000	10	26	0.11823142
2000	10	27	1.37215439
2000	10	28	1.20687578
2000	10	29	0.15324943
2000	10	30	0.15756826
2000	10	31	0.06593632
2000	11	1	0.07549033
2000	11	2	0.52531550
2000	11	3	0.46488693
2000	11	4	0.30543761
2000	11	5	0.54569174
2000	11	6	2.97326246
2000	11	7	3.03841479
2000	11	8	1.22826956
2000	11	9	2.50774517
2000	11	10	0.76097283
2000	11	11	0.49277866
2000	11	12	0.72948484
2000	11	13	1.35110160
2000	11	14	0.72738812
2000	11	15	0.50167369
2000	11	16	0.48638371
2000	11	17	0.46320811
2000	11	18	0.45065254
2000	11	19	0.43820946
2000	11	20	0.42474638
2000	11	21	0.41217425
2000	11	22	0.42950351
2000	11	23	1.10622469
2000	11	24	2.57713398
2000	11	25	3.97051488
2000	11	26	1.81955703
2000	11	27	1.00319327
2000	11	28	0.94221265
2000	11	29	0.90337274
2000	11	30	0.85741298
2000	12	1	0.81405785
2000	12	2	0.77537412
2000	12	3	0.74386345
2000	12	4	0.71669614
2000	12	5	0.69060484
2000	12	6	0.68182145
2000	12	7	0.86547156
2000	12	8	0.75643432
2000	12	9	0.66009326
2000	12	10	0.93181591
2000	12	11	1.18752340
2000	12	12	0.80305296
2000	12	13	0.61495782
2000	12	14	0.59954443
2000	12	15	0.59142893
2000	12	16	0.58139945
2000	12	17	0.57040652
2000	12	18	0.55894524
2000	12	19	0.54737154
2000	12	20	0.53677404
2000	12	21	0.54887078
2000	12	22	0.52693398
2000	12	23	0.50679222
2000	12	24	0.57335558
2000	12	25	0.51585844
2000	12	26	0.47891523
2000	12	27	0.46916928
2000	12	28	0.46073333
2000	12	29	0.45230244
2000	12	30	0.44392928
2000	12	31	0.43567971
2001	1	1	0.42762786
2001	1	2	0.41976236
2001	1	3	0.41193402
2001	1	4	0.40506376
2001	1	5	0.43129492
2001	1	6	0.81803782
2001	1	7	1.31546404
2001	1	8	1.01235340
2001	1	9	0.67583071
2001	1	10	0.64839329
2001	1	11	0.91858935
2001	1	12	1.12739257
2001	1	13	0.70006409
2001	1	14	0.87999099
2001	1	15	0.59190808
2001	1	16	0.72316362
2001	1	17	0.65897811
2001	1	18	0.57400346
2001	1	19	0.55497120
2001	1	20	0.52754750
2001	1	21	0.50851540
2001	1	22	0.49461560
2001	1	23	0.47811856
2001	1	24	0.46138547
2001	1	25	0.44609707
2001	1	26	0.43989742
2001	1	27	0.69407587
2001	1	28	3.56631174
2001	1	29	5.95383434
2001	1	30	4.39740515
2001	1	31	1.98802167
2001	2	1	1.68604509
2001	2	2	1.59408948
2001	2	3	1.49932647
2001	2	4	1.39893509
2001	2	5	1.30028090
2001	2	6	1.20379560
2001	2	7	1.10733390
2001	2	8	1.09310802
2001	2	9	2.75821762
2001	2	10	2.85321591
2001	2	11	1.32102312
2001	2	12	1.23364365
2001	2	13	2.18773618
2001	2	14	3.13048886
2001	2	15	6.48447034
2001	2	16	6.83494817
2001	2	17	3.46530575
2001	2	18	3.03063631
2001	2	19	2.91269154
2001	2	20	2.55590053
2001	2	21	2.31743409
2001	2	22	2.29157060
2001	2	23	2.67974675
2001	2	24	12.39580400
2001	2	25	19.91968224
2001	2	26	10.98183900
2001	2	27	7.52903985
2001	2	28	6.00295106
2001	3	1	5.20444959
2001	3	2	4.26365477
2001	3	3	3.49011416
2001	3	4	2.99109055
2001	3	5	2.60448245
2001	3	6	2.29622142
2001	3	7	2.03744153
2001	3	8	1.80794391
2001	3	9	1.61360466
2001	3	10	1.45060581
2001	3	11	1.42455640
2001	3	12	2.15870851
2001	3	13	1.54449346
2001	3	14	1.21840031
2001	3	15	2.60364992
2001	3	16	2.52035305
2001	3	17	1.98305580
2001	3	18	1.36446734
2001	3	19	1.24598670
2001	3	20	1.15735298
2001	3	21	1.05511358
2001	3	22	0.95069899
2001	3	23	0.85025467
2001	3	24	0.75620925
2001	3	25	0.67905912
2001	3	26	0.63047954
2001	3	27	0.59820146
2001	3	28	0.56867092
2001	3	29	0.53030885
2001	3	30	0.49721809
2001	3	31	0.45861907
2001	4	1	0.42107711
2001	4	2	0.38354764
2001	4	3	0.34415102
2001	4	4	0.30088472
2001	4	5	0.25861533
2001	4	6	0.22515361
2001	4	7	0.19795799
2001	4	8	0.17500224
2001	4	9	0.15331967
2001	4	10	0.18341735
2001	4	11	1.31809277
2001	4	12	1.23421670
2001	4	13	0.21904809
2001	4	14	0.18746304
2001	4	15	1.27827522
2001	4	16	0.66316293
2001	4	17	0.18320630
2001	4	18	0.14191151
2001	4	19	0.13347637
2001	4	20	0.16743100
2001	4	21	0.11895189
2001	4	22	0.14209901
2001	4	23	0.87668500
2001	4	24	0.22334726
2001	4	25	0.10535916
2001	4	26	0.08739659
2001	4	27	0.07657020
2001	4	28	0.06663991
2001	4	29	0.05771998
2001	4	30	0.05019152
2001	5	1	0.04391913
2001	5	2	0.03838269
2001	5	3	0.03398030
2001	5	4	0.03693467
2001	5	5	0.05738022
2001	5	6	0.30961880
2001	5	7	0.55729227
2001	5	8	0.28752034
2001	5	9	0.04216588
2001	5	10	0.02421755
2001	5	11	0.05404459
2001	5	12	0.50315447
2001	5	13	0.39701316
2001	5	14	0.04150390
2001	5	15	0.01897139
2001	5	16	0.01668045
2001	5	17	0.10248661
2001	5	18	2.04684983
2001	5	19	1.47652841
2001	5	20	0.22550057
2001	5	21	2.10582267
2001	5	22	0.61847094
2001	5	23	0.11548504
2001	5	24	0.30330544
2001	5	25	0.07130241
2001	5	26	0.04533426
2001	5	27	0.05154438
2001	5	28	0.31910947
2001	5	29	0.23798882
2001	5	30	2.71866012
2001	5	31	2.00579531
2001	6	1	0.23833018
2001	6	2	0.40017149
2001	6	3	0.40803630
2001	6	4	0.11832506
2001	6	5	0.07388972
2001	6	6	0.06188273
2001	6	7	0.05285626
2001	6	8	0.04678345
2001	6	9	0.05387927
2001	6	10	0.18506693
2001	6	11	0.04276091
2001	6	12	0.03028744
2001	6	13	0.02653887
2001	6	14	0.16157084
2001	6	15	3.23839702
2001	6	16	3.42576069
2001	6	17	0.30929227
2001	6	18	0.08919380
2001	6	19	0.07526721
2001	6	20	0.12285512
2001	6	21	1.34651057
2001	6	22	1.16639640
2001	6	23	0.15485988
2001	6	24	0.07953812
2001	6	25	0.06965141
2001	6	26	0.06437058
2001	6	27	0.11166941
2001	6	28	0.08237603
2001	6	29	0.41310920
2001	6	30	0.14044680
2001	7	1	0.07311742
2001	7	2	0.04297696
2001	7	3	0.03786445
2001	7	4	0.03782821
2001	7	5	0.11748276
2001	7	6	0.04835779
2001	7	7	0.11651661
2001	7	8	0.03060780
2001	7	9	0.02207788
2001	7	10	0.01974603
2001	7	11	0.01778322
2001	7	12	0.03828949
2001	7	13	0.47868410
2001	7	14	0.05826686
2001	7	15	0.02675694
2001	7	16	0.31159627
2001	7	17	1.16085225
2001	7	18	0.11343220
2001	7	19	0.01905040
2001	7	20	0.01471552
2001	7	21	0.01265928
2001	7	22	0.01117484
2001	7	23	0.01004504
2001	7	24	0.00916538
2001	7	25	0.01928712
2001	7	26	0.24401853
2001	7	27	0.05427549
2001	7	28	0.52887855
2001	7	29	0.54337588
2001	7	30	0.07610677
2001	7	31	0.01587734
2001	8	1	0.01112690
2001	8	2	0.00906846
2001	8	3	0.00777812
2001	8	4	0.00692190
2001	8	5	0.00634196
2001	8	6	0.00781579
2001	8	7	0.05030916
2001	8	8	0.02170639
2001	8	9	0.04288722
2001	8	10	0.02565233
2001	8	11	0.39569740
2001	8	12	0.13261424
2001	8	13	0.05211427
2001	8	14	0.00845006
2001	8	15	0.03880166
2001	8	16	0.78369641
2001	8	17	0.22158522
2001	8	18	0.01793758
2001	8	19	0.03387562
2001	8	20	0.00659688
2001	8	21	0.00475417
2001	8	22	0.00449191
2001	8	23	0.00629251
2001	8	24	0.05188941
2001	8	25	0.04809581
2001	8	26	0.93239161
2001	8	27	0.38315346
2001	8	28	0.02429201
2001	8	29	0.01797819
2001	8	30	0.26604469
2001	8	31	0.08677877
2001	9	1	0.02207510
2001	9	2	0.03142285
2001	9	3	0.00616689
2001	9	4	0.00426714
2001	9	5	0.00418628
2001	9	6	0.00561144
2001	9	7	0.03813302
2001	9	8	0.90904121
2001	9	9	3.64670514
2001	9	10	1.70885963
2001	9	11	0.13381358
2001	9	12	0.03073075
2001	9	13	0.02481858
2001	9	14	0.02126096
2001	9	15	0.01881360
2001	9	16	0.05613375
2001	9	17	1.10997931
2001	9	18	4.72633694
2001	9	19	1.74815637
2001	9	20	0.20200804
2001	9	21	0.09833867
2001	9	22	0.08013371
2001	9	23	0.06969291
2001	9	24	0.06101963
2001	9	25	0.05404120
2001	9	26	0.04861831
2001	9	27	0.04415406
2001	9	28	0.04017671
2001	9	29	0.03653551
2001	9	30	0.03330690
2001	10	1	0.03062587
2001	10	2	0.02841362
2001	10	3	0.02645406
2001	10	4	0.08956248
2001	10	5	1.60842346
2001	10	6	1.75351963
2001	10	7	0.17608616
2001	10	8	0.04778959
2001	10	9	0.10620216
2001	10	10	1.75777800
2001	10	11	6.05945317
2001	10	12	4.60460616
2001	10	13	1.91530419
2001	10	14	0.74177347
2001	10	15	0.52509308
2001	10	16	0.48271238
2001	10	17	0.44531449
2001	10	18	0.40827476
2001	10	19	0.37204311
2001	10	20	0.33848020
2001	10	21	0.30641649
2001	10	22	0.28527831
2001	10	23	0.43466635
2001	10	24	0.30772345
2001	10	25	0.22979821
2001	10	26	0.20901880
2001	10	27	0.19538188
2001	10	28	0.18312681
2001	10	29	0.17118007
2001	10	30	0.15912633
2001	10	31	0.14761375
2001	11	1	0.13982285
2001	11	2	0.24298575
2001	11	3	1.84345507
2001	11	4	2.73339667
2001	11	5	0.44136253
2001	11	6	0.26325475
2001	11	7	0.25170356
2001	11	8	0.29328558
2001	11	9	0.25127233
2001	11	10	0.31020039
2001	11	11	0.22077158
2001	11	12	0.20479065
2001	11	13	0.19373034
2001	11	14	0.18682043
2001	11	15	0.17314807
2001	11	16	0.16345027
2001	11	17	0.15969307
2001	11	18	0.36565777
2001	11	19	2.60827582
2001	11	20	2.13795713
2001	11	21	0.45248389
2001	11	22	0.31900451
2001	11	23	0.33251294
2001	11	24	0.77458974
2001	11	25	0.34558833
2001	11	26	0.29878436
2001	11	27	0.31503169
2001	11	28	0.90564539
2001	11	29	0.71743432
2001	11	30	0.39066488
2001	12	1	1.59379868
2001	12	2	0.52977914
2001	12	3	0.38800923
2001	12	4	0.35658873
2001	12	5	0.34587206
2001	12	6	0.37659388
2001	12	7	0.32532938
2001	12	8	0.30759423
2001	12	9	0.29433697
2001	12	10	0.28401666
2001	12	11	0.32665631
2001	12	12	1.46366732
2001	12	13	1.78671368
2001	12	14	1.12238669
2001	12	15	1.00804821
2001	12	16	3.87363296
2001	12	17	9.83528945
2001	12	18	5.45611490
2001	12	19	2.83023471
2001	12	20	2.50455451
2001	12	21	2.26724176
2001	12	22	2.03270103
2001	12	23	1.82604276
2001	12	24	1.66351850
2001	12	25	1.53596699
2001	12	26	1.43041234
2001	12	27	1.33977204
2001	12	28	1.25781306
2001	12	29	1.18086450
2001	12	30	1.11477930
2001	12	31	1.05791486
2002	1	1	1.00736016
2002	1	2	0.96165406
2002	1	3	0.92001787
2002	1	4	0.88222860
2002	1	5	0.86754061
2002	1	6	0.98006967
2002	1	7	0.86609916
2002	1	8	0.77019284
2002	1	9	0.72376592
2002	1	10	0.68368612
2002	1	11	0.64473288
2002	1	12	0.61381555
2002	1	13	0.58550074
2002	1	14	0.55911861
2002	1	15	0.53400573
2002	1	16	0.51117581
2002	1	17	0.49310566
2002	1	18	0.49151916
2002	1	19	0.52330635
2002	1	20	0.49652116
2002	1	21	0.44154168
2002	1	22	0.43007179
2002	1	23	0.63328587
2002	1	24	1.85997448
2002	1	25	1.25977588
2002	1	26	0.53760764
2002	1	27	0.48583216
2002	1	28	0.46802660
2002	1	29	0.47808932
2002	1	30	1.33103697
2002	1	31	4.54748946
2002	2	1	3.61026508
2002	2	2	1.96272328
2002	2	3	1.35485835
2002	2	4	1.37795474
2002	2	5	1.21113702
2002	2	6	1.61354210
2002	2	7	1.38682377
2002	2	8	1.35591797
2002	2	9	1.10384631
2002	2	10	1.01110976
2002	2	11	0.95732347
2002	2	12	0.90879246
2002	2	13	0.85827062
2002	2	14	0.81002706
2002	2	15	0.76558822
2002	2	16	0.72437488
2002	2	17	0.69027219
2002	2	18	0.64504955
2002	2	19	0.90539524
2002	2	20	2.79645299
2002	2	21	1.18974182
2002	2	22	0.74999482
2002	2	23	0.70754925
2002	2	24	0.66957622
2002	2	25	0.62711214
2002	2	26	0.68500669
2002	2	27	0.57783437
2002	2	28	0.55245203
2002	3	1	0.79002926
2002	3	2	2.12489445
2002	3	3	0.90648004
2002	3	4	0.64581524
2002	3	5	0.69150613
2002	3	6	0.89345203
2002	3	7	0.61816704
2002	3	8	0.58251298
2002	3	9	0.96742735
2002	3	10	0.90728909
2002	3	11	0.53155864
2002	3	12	0.49187027
2002	3	13	0.47683070
2002	3	14	0.43986100
2002	3	15	0.56349792
2002	3	16	0.39106625
2002	3	17	0.47584163
2002	3	18	2.07111882
2002	3	19	3.69783006
2002	3	20	4.02786910
2002	3	21	1.34623917
2002	3	22	1.07458212
2002	3	23	1.10090605
2002	3	24	2.51914445
2002	3	25	2.34663340
2002	3	26	1.94028375
2002	3	27	1.32506075
2002	3	28	1.18345702
2002	3	29	1.06553935
2002	3	30	0.93933609
2002	3	31	0.83001542
2002	4	1	0.73275878
2002	4	2	0.63768007
2002	4	3	0.55555793
2002	4	4	0.49788048
2002	4	5	0.45265684
2002	4	6	0.40881486
2002	4	7	0.76565200
2002	4	8	8.90161314
2002	4	9	6.49190788
2002	4	10	2.11413147
2002	4	11	1.69879762
2002	4	12	1.48017081
2002	4	13	1.29696491
2002	4	14	1.07983481
2002	4	15	0.90864834
2002	4	16	0.80425196
2002	4	17	0.86832104
2002	4	18	0.72902639
2002	4	19	0.58981081
2002	4	20	0.58040706
2002	4	21	0.50648236
2002	4	22	0.62276490
2002	4	23	5.09044107
2002	4	24	3.62872192
2002	4	25	1.13513768
2002	4	26	2.22938820
2002	4	27	1.51728613
2002	4	28	0.96622657
2002	4	29	0.83537339
2002	4	30	0.72373163
2002	5	1	0.62736582
2002	5	2	0.72051670
2002	5	3	0.47531998
2002	5	4	0.64417582
2002	5	5	0.37230903
2002	5	6	0.55753779
2002	5	7	0.34213466
2002	5	8	1.60431160
2002	5	9	1.06613323
2002	5	10	0.80113037
2002	5	11	0.43872322
2002	5	12	2.97968021
2002	5	13	3.07532967
2002	5	14	1.23152458
2002	5	15	0.82340514
2002	5	16	2.49903074
2002	5	17	2.70179667
2002	5	18	3.74450082
2002	5	19	1.34117149
2002	5	20	1.05964043
2002	5	21	0.93356552
2002	5	22	0.83792794
2002	5	23	1.70626414
2002	5	24	0.78239065
2002	5	25	1.35920019
2002	5	26	0.75888454
2002	5	27	0.74005714
2002	5	28	1.79483965
2002	5	29	3.53647607
2002	5	30	1.23393538
2002	5	31	0.82497426
2002	6	1	0.68623249
2002	6	2	0.55022068
2002	6	3	0.43020793
2002	6	4	0.45526464
2002	6	5	3.02080787
2002	6	6	1.77611562
2002	6	7	0.47286032
2002	6	8	0.62840775
2002	6	9	0.33835955
2002	6	10	0.55729190
2002	6	11	0.80827123
2002	6	12	2.98874267
2002	6	13	2.80385586
2002	6	14	1.12543783
2002	6	15	0.55228807
2002	6	16	0.58145007
2002	6	17	0.42317794
2002	6	18	0.32968416
2002	6	19	0.27163995
2002	6	20	0.22239350
2002	6	21	0.18107623
2002	6	22	0.14768077
2002	6	23	0.12138144
2002	6	24	0.10408379
2002	6	25	0.16443945
2002	6	26	0.55350108
2002	6	27	0.14969857
2002	6	28	0.06778442
2002	6	29	0.05847633
2002	6	30	0.05281976
2002	7	1	0.04807964
2002	7	2	0.07017709
2002	7	3	0.25046434
2002	7	4	0.18131184
2002	7	5	0.64047718
2002	7	6	0.08305398
2002	7	7	0.03725895
2002	7	8	0.03020135
2002	7	9	0.03795171
2002	7	10	0.30388256
2002	7	11	0.05150690
2002	7	12	0.21853028
2002	7	13	0.58492303
2002	7	14	0.19343242
2002	7	15	0.03503527
2002	7	16	0.02358561
2002	7	17	0.02747849
2002	7	18	0.17058831
2002	7	19	1.15096041
2002	7	20	0.12608147
2002	7	21	0.24675101
2002	7	22	0.04532440
2002	7	23	0.16541249
2002	7	24	0.03579815
2002	7	25	0.01586413
2002	7	26	0.01339243
2002	7	27	0.01182079
2002	7	28	0.05307842
2002	7	29	0.99195758
2002	7	30	0.25699711
2002	7	31	0.02538094
2002	8	1	0.01115176
2002	8	2	0.01012523
2002	8	3	0.01145042
2002	8	4	0.00869965
2002	8	5	0.00800172
2002	8	6	0.00753048
2002	8	7	0.00800706
2002	8	8	0.00681112
2002	8	9	0.00634719
2002	8	10	0.00700280
2002	8	11	0.02742194
2002	8	12	0.00944401
2002	8	13	0.27203108
2002	8	14	5.60872186
2002	8	15	4.90568066
2002	8	16	0.41750782
2002	8	17	0.12745851
2002	8	18	0.11526701
2002	8	19	0.09742949
2002	8	20	0.08429581
2002	8	21	0.07367829
2002	8	22	0.06492246
2002	8	23	0.06016381
2002	8	24	0.13081180
2002	8	25	0.53517407
2002	8	26	0.09269111
2002	8	27	0.04518467
2002	8	28	0.04000977
2002	8	29	0.03620306
2002	8	30	0.03282391
2002	8	31	0.03158429
2002	9	1	0.06858397
2002	9	2	0.03449818
2002	9	3	0.02396913
2002	9	4	0.02173187
2002	9	5	0.02004471
2002	9	6	0.01852063
2002	9	7	0.01716275
2002	9	8	0.01588954
2002	9	9	0.01481835
2002	9	10	0.01385191
2002	9	11	0.01294310
2002	9	12	0.01211955
2002	9	13	0.01149833
2002	9	14	0.01212941
2002	9	15	0.01381965
2002	9	16	0.08216989
2002	9	17	0.02085483
2002	9	18	0.07373497
2002	9	19	0.69449354
2002	9	20	0.61469913
2002	9	21	0.05902020
2002	9	22	0.01381787
2002	9	23	0.01170083
2002	9	24	0.01063969
2002	9	25	0.00981431
2002	9	26	0.00914265
2002	9	27	0.00859284
2002	9	28	0.00812025
2002	9	29	0.00770307
2002	9	30	0.00733535
2002	10	1	0.00699983
2002	10	2	0.00669456
2002	10	3	0.00644228
2002	10	4	0.00622820
2002	10	5	0.00602625
2002	10	6	0.00796723
2002	10	7	0.05140629
2002	10	8	0.02872475
2002	10	9	0.11823477
2002	10	10	0.22692707
2002	10	11	0.02237933
2002	10	12	0.00649358
2002	10	13	0.01255779
2002	10	14	0.00959649
2002	10	15	0.00762623
2002	10	16	0.01263894
2002	10	17	0.04002560
2002	10	18	0.02785355
2002	10	19	0.10561124
2002	10	20	0.51240404
2002	10	21	0.06755304
2002	10	22	0.04206078
2002	10	23	0.01782698
2002	10	24	0.08586393
2002	10	25	0.90640318
2002	10	26	0.82928762
2002	10	27	0.10968371
2002	10	28	1.05733233
2002	10	29	1.80666541
2002	10	30	1.32905731
2002	10	31	0.12162873
2002	11	1	0.05167952
2002	11	2	0.21733990
2002	11	3	0.92281038
2002	11	4	0.48196950
2002	11	5	0.24652994
2002	11	6	0.06082926
2002	11	7	0.04480215
2002	11	8	0.04248473
2002	11	9	0.04048108
2002	11	10	0.03850301
2002	11	11	0.03668359
2002	11	12	0.03527353
2002	11	13	0.03532546
2002	11	14	0.06214846
2002	11	15	0.08285170
2002	11	16	0.04474616
2002	11	17	0.03183886
2002	11	18	0.03033435
2002	11	19	0.02931425
2002	11	20	0.02832559
2002	11	21	0.02734446
2002	11	22	0.02637852
2002	11	23	0.02551649
2002	11	24	0.02463976
2002	11	25	0.02383433
2002	11	26	0.02327265
2002	11	27	0.02290614
2002	11	28	0.02264021
2002	11	29	0.02229968
2002	11	30	0.02176711
2002	12	1	0.02119603
2002	12	2	0.02160602
2002	12	3	0.11991513
2002	12	4	1.74926335
2002	12	5	0.17104422
2002	12	6	0.03751972
2002	12	7	0.09679852
2002	12	8	0.82316862
2002	12	9	0.42040836
2002	12	10	0.14434676
2002	12	11	0.05668133
2002	12	12	0.11439193
2002	12	13	1.59022198
2002	12	14	1.40677312
2002	12	15	0.21122043
2002	12	16	0.09673416
2002	12	17	0.09336492
2002	12	18	0.15053364
2002	12	19	0.10420339
2002	12	20	0.12593408
2002	12	21	0.08290572
2002	12	22	0.07980934
2002	12	23	0.15660083
2002	12	24	0.71662554
2002	12	25	0.13469664
2002	12	26	0.08592597
2002	12	27	0.14708573
2002	12	28	0.37863192
2002	12	29	0.81260635
2002	12	30	0.49359924
2002	12	31	2.14063424
2003	1	1	0.58840899
2003	1	2	0.23504901
2003	1	3	0.22402169
2003	1	4	0.18736115
2003	1	5	0.18128230
2003	1	6	0.17695109
2003	1	7	0.17289203
2003	1	8	0.16841362
2003	1	9	0.16215622
2003	1	10	0.15633736
2003	1	11	0.15248267
2003	1	12	0.14966069
2003	1	13	0.14761256
2003	1	14	0.14698906
2003	1	15	0.17196211
2003	1	16	0.22048985
2003	1	17	0.20510564
2003	1	18	0.14438987
2003	1	19	0.13841817
2003	1	20	0.13529387
2003	1	21	0.13090179
2003	1	22	0.12646268
2003	1	23	0.12386602
2003	1	24	0.12230492
2003	1	25	0.12105198
2003	1	26	0.11992328
2003	1	27	0.11881105
2003	1	28	0.11825953
2003	1	29	0.13844177
2003	1	30	0.17759512
2003	1	31	0.15172957
2003	2	1	0.92394125
2003	2	2	0.60204566
2003	2	3	0.14418334
2003	2	4	0.11649218
2003	2	5	0.11942613
2003	2	6	0.21122317
2003	2	7	0.23381679
2003	2	8	0.13540141
2003	2	9	0.41675725
2003	2	10	0.55187942
2003	2	11	0.29708901
2003	2	12	0.15146679
2003	2	13	0.16981877
2003	2	14	1.04428695
2003	2	15	0.92170841
2003	2	16	0.22704544
2003	2	17	0.17245311
2003	2	18	0.25014282
2003	2	19	1.98253741
2003	2	20	1.46594449
2003	2	21	1.58377753
2003	2	22	1.75843463
2003	2	23	1.68604915
2003	2	24	1.11848865
2003	2	25	0.60725897
2003	2	26	0.57337265
2003	2	27	0.56665637
2003	2	28	0.55791030
2003	3	1	0.57614673
2003	3	2	0.68264182
2003	3	3	0.63092245
2003	3	4	0.58895253
2003	3	5	0.49131024
2003	3	6	0.46262711
2003	3	7	0.43991484
2003	3	8	0.41008878
2003	3	9	0.37558273
2003	3	10	0.34689335
2003	3	11	0.32665180
2003	3	12	0.31532042
2003	3	13	0.47951434
2003	3	14	0.27817180
2003	3	15	0.24314487
2003	3	16	0.27916587
2003	3	17	0.20143986
2003	3	18	0.29206934
2003	3	19	2.85656918
2003	3	20	3.25194801
2003	3	21	1.19075637
2003	3	22	0.48254805
2003	3	23	0.42360804
2003	3	24	0.39040736
2003	3	25	0.36148727
2003	3	26	0.31734315
2003	3	27	0.36126547
2003	3	28	2.05999877
2003	3	29	1.25393810
2003	3	30	0.47479291
2003	3	31	0.36786938
2003	4	1	0.33502249
2003	4	2	0.30191989
2003	4	3	0.26703966
2003	4	4	0.24061951
2003	4	5	0.31261087
2003	4	6	0.25337721
2003	4	7	1.03542725
2003	4	8	0.25965496
2003	4	9	0.18713420
2003	4	10	0.17658278
2003	4	11	0.16205282
2003	4	12	0.14412943
2003	4	13	0.12561714
2003	4	14	0.13231995
2003	4	15	0.66239854
2003	4	16	0.14406244
2003	4	17	0.39155156
2003	4	18	0.10415388
2003	4	19	0.10443479
2003	4	20	0.13430942
2003	4	21	0.31559109
2003	4	22	0.11737485
2003	4	23	1.02390200
2003	4	24	0.52351081
2003	4	25	0.63360217
2003	4	26	0.11967071
2003	4	27	0.07342296
2003	4	28	0.10007850
2003	4	29	0.08388659
2003	4	30	0.57351838
2003	5	1	0.41231259
2003	5	2	1.02713864
2003	5	3	0.14400544
2003	5	4	0.10977482
2003	5	5	0.06575665
2003	5	6	0.19226673
2003	5	7	0.07621742
2003	5	8	0.39295867
2003	5	9	0.06750414
2003	5	10	0.04407495
2003	5	11	0.03784761
2003	5	12	0.10719409
2003	5	13	1.73986605
2003	5	14	2.39833526
2003	5	15	0.70288218
2003	5	16	2.68150815
2003	5	17	3.89404744
2003	5	18	0.61693264
2003	5	19	0.43874676
2003	5	20	1.14534432
2003	5	21	0.56735017
2003	5	22	0.30992466
2003	5	23	0.26595230
2003	5	24	0.40656329
2003	5	25	1.35423993
2003	5	26	0.33236353
2003	5	27	0.21534108
2003	5	28	0.18375092
2003	5	29	0.15458959
2003	5	30	0.12895899
2003	5	31	0.10635439
2003	6	1	0.15158605
2003	6	2	1.59914595
2003	6	3	2.30959039
2003	6	4	0.27037812
2003	6	5	0.12541977
2003	6	6	0.12851211
2003	6	7	0.10540101
2003	6	8	0.08900326
2003	6	9	0.07617445
2003	6	10	0.15558672
2003	6	11	2.13925224
2003	6	12	2.01068727
2003	6	13	0.24532767
2003	6	14	0.10482943
2003	6	15	0.09142924
2003	6	16	0.10984447
2003	6	17	0.07175247
2003	6	18	0.07163795
2003	6	19	0.05663582
2003	6	20	0.04956944
2003	6	21	0.04397113
2003	6	22	0.04144294
2003	6	23	0.03449640
2003	6	24	0.03035442
2003	6	25	0.11880620
2003	6	26	2.17576556
2003	6	27	0.89771846
2003	6	28	0.09507737
2003	6	29	0.04442083
2003	6	30	0.03985689
2003	7	1	0.04163393
2003	7	2	0.03407134
2003	7	3	0.02960200
2003	7	4	0.02590145
2003	7	5	0.02307268
2003	7	6	0.02064085
2003	7	7	0.01852759
2003	7	8	0.01677306
2003	7	9	0.05329512
2003	7	10	0.88641419
2003	7	11	0.36239089
2003	7	12	0.27421087
2003	7	13	0.93977248
2003	7	14	1.32764604
2003	7	15	0.13943230
2003	7	16	0.03443759
2003	7	17	0.02829735
2003	7	18	0.02649028
2003	7	19	0.06796104
2003	7	20	0.02298384
2003	7	21	0.05471425
2003	7	22	0.77262040
2003	7	23	0.16200314
2003	7	24	0.02693569
2003	7	25	0.01759045
2003	7	26	0.01554491
2003	7	27	0.01399254
2003	7	28	0.01272244
2003	7	29	0.01166343
2003	7	30	0.01079287
2003	7	31	0.02666144
2003	8	1	0.40761739
2003	8	2	0.05265466
2003	8	3	0.39148498
2003	8	4	0.04918779
2003	8	5	0.20621044
2003	8	6	0.16211276
2003	8	7	0.01845608
2003	8	8	0.00886964
2003	8	9	0.00817394
2003	8	10	0.00771685
2003	8	11	0.00927750
2003	8	12	0.03068411
2003	8	13	0.06162601
2003	8	14	0.01079778
2003	8	15	0.00632856
2003	8	16	0.00599104
2003	8	17	0.00576782
2003	8	18	0.00555955
2003	8	19	0.00537522
2003	8	20	0.00519156
2003	8	21	0.00503227
2003	8	22	0.00490051
2003	8	23	0.00494717
2003	8	24	0.00858814
2003	8	25	0.00480265
2003	8	26	0.00445785
2003	8	27	0.03213523
2003	8	28	0.67620980
2003	8	29	1.49532276
2003	8	30	2.26955682
2003	8	31	0.79729409
2003	9	1	0.20688457
2003	9	2	2.93044180
2003	9	3	1.01759721
2003	9	4	0.10493036
2003	9	5	0.04510258
2003	9	6	0.03836853
2003	9	7	0.03342324
2003	9	8	0.03084145
2003	9	9	0.05731183
2003	9	10	0.04210685
2003	9	11	0.39486801
2003	9	12	0.31050269
2003	9	13	0.51138523
2003	9	14	0.08886839
2003	9	15	0.02866961
2003	9	16	0.02236823
2003	9	17	0.01999136
2003	9	18	0.01852373
2003	9	19	0.02573020
2003	9	20	0.03631017
2003	9	21	0.50128565
2003	9	22	0.34593023
2003	9	23	0.04967067
2003	9	24	0.01678625
2003	9	25	0.01456245
2003	9	26	0.01366891
2003	9	27	0.01343007
2003	9	28	0.01972301
2003	9	29	0.01328271
2003	9	30	0.02831515
2003	10	1	0.01849710
2003	10	2	0.09693600
2003	10	3	0.04550790
2003	10	4	0.33588892
2003	10	5	0.10078770
2003	10	6	0.10738378
2003	10	7	0.07913083
2003	10	8	1.51372136
2003	10	9	1.26913391
2003	10	10	0.92125993
2003	10	11	0.09643649
2003	10	12	0.06412354
2003	10	13	0.82541687
2003	10	14	0.37808063
2003	10	15	0.24060485
2003	10	16	0.15129581
2003	10	17	0.13686332
2003	10	18	0.15013955
2003	10	19	0.04291457
2003	10	20	0.03165918
2003	10	21	0.02940332
2003	10	22	0.02745347
2003	10	23	0.02568912
2003	10	24	0.02412624
2003	10	25	0.02422732
2003	10	26	0.06031088
2003	10	27	0.02376150
2003	10	28	0.01982769
2003	10	29	0.01903705
2003	10	30	0.03279460
2003	10	31	0.36537915
2003	11	1	0.05535361
2003	11	2	0.27686412
2003	11	3	0.03993041
2003	11	4	0.10145327
2003	11	5	0.88378889
2003	11	6	0.92876250
2003	11	7	0.28765446
2003	11	8	0.04603706
2003	11	9	0.03112083
2003	11	10	0.02952538
2003	11	11	0.02864668
2003	11	12	0.03060284
2003	11	13	0.09500101
2003	11	14	0.27641866
2003	11	15	0.45951953
2003	11	16	0.13976607
2003	11	17	0.37238155
2003	11	18	2.84846605
2003	11	19	3.13064518
2003	11	20	0.70322544
2003	11	21	0.18001937
2003	11	22	0.19474687
2003	11	23	1.08149125
2003	11	24	0.59799014
2003	11	25	0.21821042
2003	11	26	0.17321910
2003	11	27	0.16835647
2003	11	28	0.18031250
2003	11	29	0.17692894
2003	11	30	0.15584525
2003	12	1	0.14893727
2003	12	2	0.17026600
2003	12	3	0.74754867
2003	12	4	0.66424436
2003	12	5	0.18810783
2003	12	6	0.15453401
2003	12	7	0.15293961
2003	12	8	0.19523938
2003	12	9	1.25632706
2003	12	10	1.63297234
2003	12	11	0.57055539
2003	12	12	0.28463605
2003	12	13	0.94700783
2003	12	14	1.17469447
2003	12	15	0.38637699
2003	12	16	0.53681263
2003	12	17	0.76133332
2003	12	18	0.40670674
2003	12	19	0.31833372
2003	12	20	0.31029074
2003	12	21	0.30349262
2003	12	22	0.31455272
2003	12	23	0.73415671
2003	12	24	0.39576488
2003	12	25	0.29589005
2003	12	26	0.28416141
2003	12	27	0.34810211
2003	12	28	1.86037856
2003	12	29	1.61179655
2003	12	30	0.48611873
2003	12	31	0.41271796
2004	1	1	0.54204533
2004	1	2	1.37514621
2004	1	3	1.00845848
2004	1	4	0.94494489
2004	1	5	1.52296297
2004	1	6	0.65618231
2004	1	7	0.58303095
2004	1	8	0.57675809
2004	1	9	0.56692239
2004	1	10	0.55496217
2004	1	11	0.54041041
2004	1	12	0.52089594
2004	1	13	0.50143669
2004	1	14	0.49486548
2004	1	15	0.98077862
2004	1	16	3.14201657
2004	1	17	3.99795226
2004	1	18	3.94362795
2004	1	19	2.14443093
2004	1	20	1.47953503
2004	1	21	1.40633012
2004	1	22	1.34013570
2004	1	23	1.26468865
2004	1	24	1.23619032
2004	1	25	2.24551783
2004	1	26	1.84311836
2004	1	27	1.31577125
2004	1	28	1.16245808
2004	1	29	1.11920644
2004	1	30	1.07369877
2004	1	31	1.03023760
2004	2	1	1.01627377
2004	2	2	1.63046320
2004	2	3	1.68018652
2004	2	4	1.55668894
2004	2	5	1.74546046
2004	2	6	1.27947192
2004	2	7	1.08002535
2004	2	8	1.05330820
2004	2	9	1.28199924
2004	2	10	1.24407123
2004	2	11	1.07835060
2004	2	12	0.97474377
2004	2	13	0.92224201
2004	2	14	0.88243110
2004	2	15	0.85526450
2004	2	16	0.86736091
2004	2	17	0.79184076
2004	2	18	0.73749830
2004	2	19	0.68865309
2004	2	20	0.63687965
2004	2	21	0.58769434
2004	2	22	0.54536303
2004	2	23	0.50559876
2004	2	24	0.46978866
2004	2	25	0.44166897
2004	2	26	0.41928640
2004	2	27	0.39781750
2004	2	28	0.39010167
2004	2	29	0.70988513
2004	3	1	0.37464921
2004	3	2	0.47349907
2004	3	3	2.98161714
2004	3	4	13.82768693
2004	3	5	12.64232098
2004	3	6	6.20198072
2004	3	7	4.52561579
2004	3	8	3.81278717
2004	3	9	3.17485045
2004	3	10	2.64565624
2004	3	11	2.24703630
2004	3	12	1.94413622
2004	3	13	1.75362412
2004	3	14	2.00944317
2004	3	15	1.55123284
2004	3	16	1.37630144
2004	3	17	1.59819525
2004	3	18	1.23407254
2004	3	19	1.16092669
2004	3	20	0.92983057
2004	3	21	0.82715293
2004	3	22	0.74291099
2004	3	23	0.67358489
2004	3	24	0.62354354
2004	3	25	0.57007096
2004	3	26	0.60052765
2004	3	27	0.75363245
2004	3	28	6.26002801
2004	3	29	7.87447748
2004	3	30	2.41992811
2004	3	31	1.98151426
2004	4	1	1.79105532
2004	4	2	1.57420738
2004	4	3	1.35962170
2004	4	4	1.17090152
2004	4	5	1.01116284
2004	4	6	0.88304233
2004	4	7	0.90923535
2004	4	8	0.71414610
2004	4	9	0.91418136
2004	4	10	2.47130723
2004	4	11	2.82551232
2004	4	12	1.00283828
2004	4	13	0.85755999
2004	4	14	0.79826084
2004	4	15	0.71642807
2004	4	16	0.62669257
2004	4	17	0.54003154
2004	4	18	0.47084662
2004	4	19	0.44403624
2004	4	20	0.75786130
2004	4	21	2.35621716
2004	4	22	6.50210952
2004	4	23	5.35522162
2004	4	24	11.16085793
2004	4	25	7.65101370
2004	4	26	4.26897173
2004	4	27	3.46151425
2004	4	28	2.88309910
2004	4	29	2.36070312
2004	4	30	2.83436183
2004	5	1	4.52111868
2004	5	2	5.33792524
2004	5	3	2.61783228
2004	5	4	2.10459041
2004	5	5	1.72232590
2004	5	6	1.37350561
2004	5	7	1.08687434
2004	5	8	0.86057510
2004	5	9	0.68819610
2004	5	10	0.55687589
2004	5	11	0.45181745
2004	5	12	0.38769312
2004	5	13	0.90597635
2004	5	14	4.86376058
2004	5	15	2.74359301
2004	5	16	0.78891983
2004	5	17	0.61047460
2004	5	18	0.52218129
2004	5	19	0.43963122
2004	5	20	0.36954129
2004	5	21	0.30927759
2004	5	22	0.25838586
2004	5	23	0.22076797
2004	5	24	0.25050733
2004	5	25	0.16750700
2004	5	26	0.14042066
2004	5	27	0.12287029
2004	5	28	0.10770390
2004	5	29	0.14629409
2004	5	30	1.34775739
2004	5	31	0.53770838
2004	6	1	0.11679819
2004	6	2	0.13578185
2004	6	3	0.61788075
2004	6	4	0.11940870
2004	6	5	0.07265442
2004	6	6	0.06913179
2004	6	7	0.14638633
2004	6	8	0.14317544
2004	6	9	0.20009747
2004	6	10	0.17617619
2004	6	11	1.47615036
2004	6	12	0.68208245
2004	6	13	0.44424788
2004	6	14	0.53921872
2004	6	15	0.10722759
2004	6	16	0.14993986
2004	6	17	0.10307693
2004	6	18	0.30341088
2004	6	19	0.09334448
2004	6	20	0.47009215
2004	6	21	0.21449694
2004	6	22	2.46956902
2004	6	23	0.85652155
2004	6	24	0.13546124
2004	6	25	0.09239289
2004	6	26	0.28116621
2004	6	27	0.09021135
2004	6	28	0.06449570
2004	6	29	0.06513209
2004	6	30	0.23768967
2004	7	1	0.17784619
2004	7	2	2.97043641
2004	7	3	10.12446225
2004	7	4	9.06747054
2004	7	5	1.98628108
2004	7	6	1.27742568
2004	7	7	1.05085659
2004	7	8	0.95053297
2004	7	9	1.52747441
2004	7	10	3.05625954
2004	7	11	0.89939105
2004	7	12	0.64502137
2004	7	13	0.52615779
2004	7	14	0.42216213
2004	7	15	0.34092713
2004	7	16	0.27926478
2004	7	17	0.23141496
2004	7	18	0.19105495
2004	7	19	0.15828788
2004	7	20	0.13204265
2004	7	21	0.11118703
2004	7	22	0.09653677
2004	7	23	0.19190257
2004	7	24	1.83901513
2004	7	25	1.66131111
2004	7	26	0.25270916
2004	7	27	0.18817456
2004	7	28	0.13106961
2004	7	29	0.62500374
2004	7	30	4.35563447
2004	7	31	2.20391029
2004	8	1	0.38779976
2004	8	2	0.24693067
2004	8	3	0.20926585
2004	8	4	0.17714384
2004	8	5	0.15193881
2004	8	6	0.12931293
2004	8	7	0.11174289
2004	8	8	0.09773567
2004	8	9	0.08627034
2004	8	10	0.12179320
2004	8	11	1.08456063
2004	8	12	0.24292932
2004	8	13	0.08160628
2004	8	14	0.06558343
2004	8	15	0.05959322
2004	8	16	0.05408850
2004	8	17	0.04896250
2004	8	18	0.04426204
2004	8	19	0.12171195
2004	8	20	1.99509412
2004	8	21	1.99906125
2004	8	22	0.20922688
2004	8	23	0.08122631
2004	8	24	0.07305692
2004	8	25	0.06597080
2004	8	26	0.05957893
2004	8	27	0.05373536
2004	8	28	0.04872758
2004	8	29	0.04840726
2004	8	30	0.04057061
2004	8	31	0.03659509
2004	9	1	0.03336986
2004	9	2	0.03053475
2004	9	3	0.02805003
2004	9	4	0.02592567
2004	9	5	0.06661995
2004	9	6	0.98166567
2004	9	7	0.20236980
2004	9	8	0.03482125
2004	9	9	0.02450307
2004	9	10	0.02248170
2004	9	11	0.02070867
2004	9	12	0.01912006
2004	9	13	0.01770097
2004	9	14	0.01643695
2004	9	15	0.01533684
2004	9	16	0.01451430
2004	9	17	0.01622510
2004	9	18	0.01287259
2004	9	19	0.01189717
2004	9	20	0.01109909
2004	9	21	0.01037468
2004	9	22	0.00974570
2004	9	23	0.00920690
2004	9	24	0.00911988
2004	9	25	0.01724394
2004	9	26	0.00882283
2004	9	27	0.00765289
2004	9	28	0.00728793
2004	9	29	0.00697207
2004	9	30	0.02810123
2004	10	1	0.51642606
2004	10	2	0.05659725
2004	10	3	0.01912117
2004	10	4	0.00734724
2004	10	5	0.00628849
2004	10	6	0.02722354
2004	10	7	0.51181280
2004	10	8	0.09682588
2004	10	9	0.16033065
2004	10	10	0.48936464
2004	10	11	0.56862191
2004	10	12	0.08969729
2004	10	13	0.05230698
2004	10	14	0.18084445
2004	10	15	0.14502381
2004	10	16	0.01924752
2004	10	17	0.00931879
2004	10	18	0.00847290
2004	10	19	0.00793202
2004	10	20	0.00745138
2004	10	21	0.01766932
2004	10	22	0.25860034
2004	10	23	0.03911363
2004	10	24	0.23812011
2004	10	25	0.07725317
2004	10	26	1.27240974
2004	10	27	1.60774676
2004	10	28	1.32007596
2004	10	29	0.62404815
2004	10	30	0.12850671
2004	10	31	1.45568582
2004	11	1	11.16857763
2004	11	2	12.02432363
2004	11	3	3.67634378
2004	11	4	4.06705637
2004	11	5	2.34324239
2004	11	6	2.00303037
2004	11	7	1.76132789
2004	11	8	1.54042279
2004	11	9	1.40610866
2004	11	10	2.42345782
2004	11	11	1.79857607
2004	11	12	1.67388219
2004	11	13	1.22744218
2004	11	14	1.12691346
2004	11	15	1.05940691
2004	11	16	1.02091693
2004	11	17	1.00045431
2004	11	18	2.39006784
2004	11	19	2.28881492
2004	11	20	1.18683976
2004	11	21	1.76259384
2004	11	22	1.65298543
2004	11	23	1.49069873
2004	11	24	3.82301426
2004	11	25	3.54302324
2004	11	26	1.91945524
2004	11	27	2.83024793
2004	11	28	2.28177272
2004	11	29	3.29925719
2004	11	30	5.54726727
2004	12	1	3.70450255
2004	12	2	2.62253668
2004	12	3	2.39880780
2004	12	4	2.21898406
2004	12	5	2.45336361
2004	12	6	4.37019033
2004	12	7	5.57209375
2004	12	8	4.87771433
2004	12	9	3.08455228
2004	12	10	2.75286504
2004	12	11	2.49440851
2004	12	12	2.25545187
2004	12	13	2.04212568
2004	12	14	1.86236812
2004	12	15	1.71994216
2004	12	16	1.60018893
2004	12	17	1.48989395
2004	12	18	1.38660972
2004	12	19	1.29219573
2004	12	20	1.20983865
2004	12	21	1.13096357
2004	12	22	1.05916771
2004	12	23	1.00362474
2004	12	24	0.95839794
2004	12	25	0.91853143
2004	12	26	0.88111846
2004	12	27	0.84204028
2004	12	28	0.80051888
2004	12	29	0.75941982
2004	12	30	0.72146905
2004	12	31	0.68266384
2005	1	1	0.72604645
2005	1	2	2.72932980
2005	1	3	4.91140548
2005	1	4	5.78373721
2005	1	5	13.57899139
2005	1	6	12.92247900
2005	1	7	6.87272803
2005	1	8	5.68209761
2005	1	9	4.99871999
2005	1	10	4.73558583
2005	1	11	3.63523523
2005	1	12	3.83849990
2005	1	13	9.96238494
2005	1	14	10.26660928
2005	1	15	5.64141653
2005	1	16	4.78404687
2005	1	17	4.16093371
2005	1	18	3.61953067
2005	1	19	3.17207745
2005	1	20	2.78487485
2005	1	21	2.44186069
2005	1	22	2.15061325
2005	1	23	1.91870267
2005	1	24	1.74799213
2005	1	25	1.60091156
2005	1	26	1.45742276
2005	1	27	1.33174539
2005	1	28	1.28417195
2005	1	29	1.98154649
2005	1	30	1.38383633
2005	1	31	1.29905147
2005	2	1	1.18130598
2005	2	2	1.70940001
2005	2	3	1.50833160
2005	2	4	1.09690707
2005	2	5	1.05563262
2005	2	6	1.74724392
2005	2	7	1.84930256
2005	2	8	1.10774525
2005	2	9	1.19815000
2005	2	10	1.19631462
2005	2	11	0.99263190
2005	2	12	0.99175507
2005	2	13	1.91364935
2005	2	14	1.10410608
2005	2	15	0.89133560
2005	2	16	0.82127031
2005	2	17	0.76060564
2005	2	18	0.71465909
2005	2	19	0.69795099
2005	2	20	0.71401009
2005	2	21	0.75179254
2005	2	22	0.69953996
2005	2	23	2.02489214
2005	2	24	2.47622136
2005	2	25	1.12351669
2005	2	26	0.79426412
2005	2	27	0.78859753
2005	2	28	0.75713354
2005	3	1	0.74009215
2005	3	2	0.68641952
2005	3	3	0.64584007
2005	3	4	0.60431472
2005	3	5	0.57891001
2005	3	6	1.02542803
2005	3	7	0.55820336
2005	3	8	1.13314915
2005	3	9	0.58998730
2005	3	10	0.50695365
2005	3	11	0.44514776
2005	3	12	0.41499399
2005	3	13	0.37942786
2005	3	14	0.34490487
2005	3	15	0.32078438
2005	3	16	0.33142634
2005	3	17	0.33386635
2005	3	18	0.27427338
2005	3	19	0.28171155
2005	3	20	0.94719848
2005	3	21	1.26547525
2005	3	22	1.20898898
2005	3	23	1.02837748
2005	3	24	1.05393859
2005	3	25	1.23714648
2005	3	26	0.76297949
2005	3	27	0.61933093
2005	3	28	0.50505091
2005	3	29	0.46150460
2005	3	30	0.49094224
2005	3	31	2.24800830
2005	4	1	1.41239930
2005	4	2	1.27026323
2005	4	3	0.60694882
2005	4	4	0.54162152
2005	4	5	1.23510749
2005	4	6	1.36285286
2005	4	7	1.86421889
2005	4	8	0.72892256
2005	4	9	0.61207760
2005	4	10	1.07885098
2005	4	11	1.10094100
2005	4	12	1.14544008
2005	4	13	0.58150795
2005	4	14	0.49946830
2005	4	15	0.44638135
2005	4	16	0.38838384
2005	4	17	0.33311669
2005	4	18	0.28542409
2005	4	19	0.24626289
2005	4	20	0.21697849
2005	4	21	0.21327292
2005	4	22	0.17805278
2005	4	23	0.16549215
2005	4	24	0.14882580
2005	4	25	0.36961574
2005	4	26	0.15971167
2005	4	27	0.52667252
2005	4	28	0.29541553
2005	4	29	0.42131857
2005	4	30	0.16879108
2005	5	1	0.10296804
2005	5	2	0.08669916
2005	5	3	0.07734333
2005	5	4	0.06831153
2005	5	5	0.05982155
2005	5	6	0.05195934
2005	5	7	0.04662282
2005	5	8	0.08612246
2005	5	9	0.14811135
2005	5	10	0.07749823
2005	5	11	0.03302489
2005	5	12	0.02635525
2005	5	13	0.08292939
2005	5	14	1.40966444
2005	5	15	0.69574249
2005	5	16	0.07208695
2005	5	17	0.02692494
2005	5	18	0.02296446
2005	5	19	0.01995579
2005	5	20	0.01839048
2005	5	21	0.01535731
2005	5	22	0.10793129
2005	5	23	2.17272649
2005	5	24	2.28232069
2005	5	25	0.25318163
2005	5	26	0.15957119
2005	5	27	0.05406977
2005	5	28	0.22832913
2005	5	29	0.06179379
2005	5	30	0.02787141
2005	5	31	0.04669578
2005	6	1	0.57860355
2005	6	2	0.09545530
2005	6	3	0.02275551
2005	6	4	0.04435804
2005	6	5	0.60500022
2005	6	6	0.06818190
2005	6	7	0.03198986
2005	6	8	0.02379229
2005	6	9	0.18815457
2005	6	10	0.24428380
2005	6	11	0.10958709
2005	6	12	0.18461952
2005	6	13	1.55187092
2005	6	14	2.25269861
2005	6	15	0.66139147
2005	6	16	0.34598561
2005	6	17	1.09146591
2005	6	18	0.12604707
2005	6	19	0.04253885
2005	6	20	0.03596335
2005	6	21	0.03121574
2005	6	22	0.02728446
2005	6	23	0.02400091
2005	6	24	0.02116039
2005	6	25	0.01872122
2005	6	26	0.01670570
2005	6	27	0.01503780
2005	6	28	0.01365950
2005	6	29	0.01245987
2005	6	30	0.08502578
2005	7	1	1.74843252
2005	7	2	0.88472230
2005	7	3	0.09815519
2005	7	4	0.71715467
2005	7	5	0.07175190
2005	7	6	0.01889202
2005	7	7	0.01612534
2005	7	8	0.01449530
2005	7	9	0.01309816
2005	7	10	0.01192890
2005	7	11	0.01209788
2005	7	12	0.01016382
2005	7	13	0.00928290
2005	7	14	0.00863415
2005	7	15	0.00835488
2005	7	16	0.00811155
2005	7	17	0.00731783
2005	7	18	0.00909614
2005	7	19	0.05747908
2005	7	20	0.13565827
2005	7	21	0.05437532
2005	7	22	0.01093345
2005	7	23	0.05791912
2005	7	24	0.07227783
2005	7	25	0.05809891
2005	7	26	0.08068934
2005	7	27	1.62373124
2005	7	28	0.49357689
2005	7	29	0.04082858
2005	7	30	0.00995893
2005	7	31	0.00788567
2005	8	1	0.00674616
2005	8	2	0.00602408
2005	8	3	0.00551613
2005	8	4	0.07550696
2005	8	5	1.69636269
2005	8	6	0.55224017
2005	8	7	0.07709137
2005	8	8	0.43376777
2005	8	9	0.04022613
2005	8	10	0.00851577
2005	8	11	0.00718143
2005	8	12	0.00828804
2005	8	13	0.07684593
2005	8	14	0.72200787
2005	8	15	2.19286205
2005	8	16	1.47260705
2005	8	17	0.47632906
2005	8	18	0.06092911
2005	8	19	0.07203825
2005	8	20	1.10717603
2005	8	21	1.07589970
2005	8	22	0.10798921
2005	8	23	0.08329993
2005	8	24	0.04649305
2005	8	25	0.04749200
2005	8	26	0.02343431
2005	8	27	0.02504129
2005	8	28	0.01837115
2005	8	29	0.01665343
2005	8	30	0.01531800
2005	8	31	0.01414856
2005	9	1	0.01317235
2005	9	2	0.02110302
2005	9	3	0.22356157
2005	9	4	0.25489245
2005	9	5	0.04388394
2005	9	6	0.01314827
2005	9	7	0.01093502
2005	9	8	0.00994426
2005	9	9	0.00922453
2005	9	10	0.00864029
2005	9	11	0.00818958
2005	9	12	0.00782195
2005	9	13	0.03840751
2005	9	14	0.75344789
2005	9	15	1.46175758
2005	9	16	1.31454466
2005	9	17	0.11717814
2005	9	18	0.02314933
2005	9	19	0.01812485
2005	9	20	0.01535964
2005	9	21	0.01351996
2005	9	22	0.01222479
2005	9	23	0.01126587
2005	9	24	0.01623246
2005	9	25	0.12409935
2005	9	26	0.02238077
2005	9	27	0.01014004
2005	9	28	0.01098599
2005	9	29	0.04236285
2005	9	30	0.07412973
2005	10	1	0.03238921
2005	10	2	0.01938324
2005	10	3	0.00836203
2005	10	4	0.00737875
2005	10	5	0.02456533
2005	10	6	0.39733465
2005	10	7	0.03800123
2005	10	8	0.00811867
2005	10	9	0.00704141
2005	10	10	0.00665762
2005	10	11	0.00636972
2005	10	12	0.00615725
2005	10	13	0.00597150
2005	10	14	0.00580513
2005	10	15	0.00567014
2005	10	16	0.00553947
2005	10	17	0.00541801
2005	10	18	0.00795053
2005	10	19	0.06850039
2005	10	20	0.01010317
2005	10	21	0.01495362
2005	10	22	0.00627732
2005	10	23	0.00488044
2005	10	24	0.00474021
2005	10	25	0.00466463
2005	10	26	0.00459308
2005	10	27	0.00451357
2005	10	28	0.00443868
2005	10	29	0.00440859
2005	10	30	0.01485759
2005	10	31	0.30172909
2005	11	1	1.50581333
2005	11	2	0.31188289
2005	11	3	0.02864810
2005	11	4	0.01043008
2005	11	5	0.00809734
2005	11	6	0.00686924
2005	11	7	0.00601459
2005	11	8	0.00551676
2005	11	9	0.00518112
2005	11	10	0.00493686
2005	11	11	0.00478710
2005	11	12	0.00477422
2005	11	13	0.00743808
2005	11	14	0.02487083
2005	11	15	0.45402425
2005	11	16	0.23794898
2005	11	17	0.02944217
2005	11	18	0.00710174
2005	11	19	0.00585015
2005	11	20	0.01047632
2005	11	21	0.00582121
2005	11	22	0.00463661
2005	11	23	0.00445936
2005	11	24	0.00433280
2005	11	25	0.00426210
2005	11	26	0.00419807
2005	11	27	0.00458030
2005	11	28	0.00455882
2005	11	29	0.00403963
2005	11	30	0.00397952
2005	12	1	0.00393280
2005	12	2	0.00390705
2005	12	3	0.00387521
2005	12	4	0.00383750
2005	12	5	0.00381194
2005	12	6	0.00378032
2005	12	7	0.00422779
2005	12	8	0.01488004
2005	12	9	0.00438750
2005	12	10	0.00368988
2005	12	11	0.00365370
2005	12	12	0.00543339
2005	12	13	0.05111201
2005	12	14	0.09048519
2005	12	15	0.06384229
2005	12	16	0.00920530
2005	12	17	0.00416332
2005	12	18	0.00383756
2005	12	19	0.00370056
2005	12	20	0.00414707
2005	12	21	0.00481042
2005	12	22	0.00469789
2005	12	23	0.01791939
2005	12	24	0.05556007
2005	12	25	0.49308228
2005	12	26	0.06103551
2005	12	27	0.00616640
2005	12	28	0.00405750
2005	12	29	0.00378140
2005	12	30	0.00361695
2005	12	31	0.00351894
2006	1	1	0.00345377
2006	1	2	0.00338365
2006	1	3	0.00332839
2006	1	4	0.00329593
2006	1	5	0.00324817
2006	1	6	0.00321901
2006	1	7	0.00320354
2006	1	8	0.00507121
2006	1	9	0.06230441
2006	1	10	0.47303060
2006	1	11	0.41324592
2006	1	12	0.06605681
2006	1	13	0.07752808
2006	1	14	0.07726425
2006	1	15	0.01029330
2006	1	16	0.00539252
2006	1	17	0.00460145
2006	1	18	0.00416061
2006	1	19	0.00389076
2006	1	20	0.00371738
2006	1	21	0.00356643
2006	1	22	0.00351710
2006	1	23	0.00441627
2006	1	24	0.00435808
2006	1	25	0.00342983
2006	1	26	0.01715294
2006	1	27	0.36569067
2006	1	28	0.81297998
2006	1	29	0.95781609
2006	1	30	0.09217237
2006	1	31	0.01345935
2006	2	1	0.00930468
2006	2	2	0.00782147
2006	2	3	0.00680775
2006	2	4	0.00621867
2006	2	5	0.00587485
2006	2	6	0.00570116
2006	2	7	0.00559545
2006	2	8	0.00551808
2006	2	9	0.00544871
2006	2	10	0.00540264
2006	2	11	0.00545104
2006	2	12	0.00579137
2006	2	13	0.00658597
2006	2	14	0.00542937
2006	2	15	0.00524689
2006	2	16	0.02387113
2006	2	17	0.44826031
2006	2	18	0.17757224
2006	2	19	0.02044242
2006	2	20	0.00681471
2006	2	21	0.00949164
2006	2	22	0.08819289
2006	2	23	0.05081540
2006	2	24	0.00950316
2006	2	25	0.00568658
2006	2	26	0.00543464
2006	2	27	0.00529631
2006	2	28	0.00515148
2006	3	1	0.00493194
2006	3	2	0.00469507
2006	3	3	0.00449809
2006	3	4	0.00457683
2006	3	5	0.00692203
2006	3	6	0.00426813
2006	3	7	0.00395473
2006	3	8	0.07048098
2006	3	9	1.48069572
2006	3	10	1.03483652
2006	3	11	0.12215445
2006	3	12	0.63609689
2006	3	13	0.08779793
2006	3	14	0.22088345
2006	3	15	0.02822175
2006	3	16	0.02114194
2006	3	17	0.25088517
2006	3	18	0.37230971
2006	3	19	0.05328612
2006	3	20	0.38362428
2006	3	21	0.56749726
2006	3	22	0.24715929
2006	3	23	0.08204899
2006	3	24	0.03321298
2006	3	25	0.01614549
2006	3	26	0.01444165
2006	3	27	0.01364651
2006	3	28	0.01282864
2006	3	29	0.01273786
2006	3	30	0.02661982
2006	3	31	0.01815638
2006	4	1	0.08275236
2006	4	2	0.61284399
2006	4	3	0.13926795
2006	4	4	0.02187040
2006	4	5	0.05714776
2006	4	6	0.04938990
2006	4	7	0.64045548
2006	4	8	0.06589037
2006	4	9	0.01376390
2006	4	10	0.01114079
2006	4	11	0.00973739
2006	4	12	0.00864282
2006	4	13	0.00768368
2006	4	14	0.00687782
2006	4	15	0.00618844
2006	4	16	0.00561324
2006	4	17	0.00511124
2006	4	18	0.00461778
2006	4	19	0.00421891
2006	4	20	0.00389240
2006	4	21	0.00359400
2006	4	22	0.00337870
2006	4	23	0.00454287
2006	4	24	0.13873161
2006	4	25	2.79019664
2006	4	26	1.50411797
2006	4	27	0.11611094
2006	4	28	0.15454939
2006	4	29	2.06768601
2006	4	30	4.51951701
2006	5	1	2.07478530
2006	5	2	0.64477271
2006	5	3	0.21394386
2006	5	4	0.93277965
2006	5	5	3.12647399
2006	5	6	1.03434273
2006	5	7	0.63400485
2006	5	8	0.44459563
2006	5	9	0.46168363
2006	5	10	2.78137045
2006	5	11	3.11752318
2006	5	12	0.74122508
2006	5	13	0.51416979
2006	5	14	0.45320644
2006	5	15	0.38879909
2006	5	16	0.33101832
2006	5	17	0.28072992
2006	5	18	0.23551109
2006	5	19	0.19530132
2006	5	20	0.15940139
2006	5	21	0.13023611
2006	5	22	0.10877433
2006	5	23	0.11134695
2006	5	24	0.08323372
2006	5	25	0.14762002
2006	5	26	0.06476636
2006	5	27	0.04876738
2006	5	28	0.04201950
2006	5	29	0.03680913
2006	5	30	0.05195416
2006	5	31	0.48061396
2006	6	1	0.83973960
2006	6	2	0.40353829
2006	6	3	0.30334094
2006	6	4	0.05959309
2006	6	5	0.18310999
2006	6	6	0.14714476
2006	6	7	1.31787050
2006	6	8	0.13567046
2006	6	9	0.03526989
2006	6	10	0.02890932
2006	6	11	0.02462535
2006	6	12	0.02127650
2006	6	13	0.01873267
2006	6	14	0.01671897
2006	6	15	0.01508622
2006	6	16	0.01606881
2006	6	17	0.07034103
2006	6	18	0.02715580
2006	6	19	0.10303380
2006	6	20	0.01674682
2006	6	21	0.03876416
2006	6	22	0.80397147
2006	6	23	3.29673557
2006	6	24	0.32387005
2006	6	25	0.04569226
2006	6	26	0.06719971
2006	6	27	0.02661074
2006	6	28	0.02039965
2006	6	29	0.01793350
2006	6	30	0.01605987
2006	7	1	0.01462385
2006	7	2	0.01344703
2006	7	3	0.02530297
2006	7	4	0.31696203
2006	7	5	0.15187407
2006	7	6	0.02640089
2006	7	7	0.01139866
2006	7	8	0.01028580
2006	7	9	0.06520871
2006	7	10	1.37622266
2006	7	11	1.13404823
2006	7	12	0.98445969
2006	7	13	0.15921426
2006	7	14	0.03764196
2006	7	15	0.11706119
2006	7	16	0.02390819
2006	7	17	0.01508324
2006	7	18	0.01353075
2006	7	19	0.01234736
2006	7	20	0.01135294
2006	7	21	0.01051791
2006	7	22	0.00984369
2006	7	23	0.00922035
2006	7	24	0.00870001
2006	7	25	0.00826443
2006	7	26	0.00787083
2006	7	27	0.00913799
2006	7	28	0.03724504
2006	7	29	0.14610942
2006	7	30	0.01548279
2006	7	31	0.00682768
2006	8	1	0.00640869
2006	8	2	0.00615904
2006	8	3	0.00871128
2006	8	4	0.06615348
2006	8	5	0.05195666
2006	8	6	0.31879795
2006	8	7	0.02776321
2006	8	8	0.01843509
2006	8	9	0.00600153
2006	8	10	0.03177761
2006	8	11	0.62360625
2006	8	12	0.79256940
2006	8	13	0.06505565
2006	8	14	0.02954272
2006	8	15	0.48686861
2006	8	16	0.62900533
2006	8	17	0.04909862
2006	8	18	0.00789118
2006	8	19	0.00636226
2006	8	20	0.01406404
2006	8	21	0.26582168
2006	8	22	1.67634393
2006	8	23	0.74708718
2006	8	24	0.06550570
2006	8	25	0.22323676
2006	8	26	0.05463786
2006	8	27	0.84897857
2006	8	28	3.18359626
2006	8	29	2.18167153
2006	8	30	0.18942569
2006	8	31	0.04402396
2006	9	1	0.03554006
2006	9	2	0.03025893
2006	9	3	0.03012178
2006	9	4	0.11536469
2006	9	5	0.06903212
2006	9	6	0.02577192
2006	9	7	0.01899523
2006	9	8	0.01745018
2006	9	9	0.06945276
2006	9	10	1.28757005
2006	9	11	2.19227325
2006	9	12	0.59884055
2006	9	13	0.07379679
2006	9	14	0.03308839
2006	9	15	0.02945275
2006	9	16	0.12424369
2006	9	17	2.19810410
2006	9	18	3.69213210
2006	9	19	0.34611725
2006	9	20	0.09772984
2006	9	21	0.26375546
2006	9	22	0.79209831
2006	9	23	0.75158987
2006	9	24	0.14316258
2006	9	25	0.08481640
2006	9	26	0.07555085
2006	9	27	0.06817134
2006	9	28	0.06156953
2006	9	29	0.05557741
2006	9	30	0.05067436
2006	10	1	0.04628318
2006	10	2	0.04238819
2006	10	3	0.03894858
2006	10	4	0.03590552
2006	10	5	0.03318571
2006	10	6	0.03069876
2006	10	7	0.02862097
2006	10	8	0.02677387
2006	10	9	0.02513792
2006	10	10	0.02377408
2006	10	11	0.02291379
2006	10	12	0.02143324
2006	10	13	0.02088457
2006	10	14	0.02670050
2006	10	15	0.28076354
2006	10	16	2.32421586
2006	10	17	2.47496755
2006	10	18	0.28602740
2006	10	19	0.37386172
2006	10	20	0.09826295
2006	10	21	0.06523825
2006	10	22	0.06056016
2006	10	23	0.05732165
2006	10	24	0.05606879
2006	10	25	0.08010632
2006	10	26	0.06399251
2006	10	27	0.08712105
2006	10	28	0.05218124
2006	10	29	0.04509641
2006	10	30	0.04220651
2006	10	31	0.03978051
2006	11	1	0.03779046
2006	11	2	0.03644600
2006	11	3	0.03606114
2006	11	4	0.08220776
2006	11	5	0.74730486
2006	11	6	0.47674751
2006	11	7	0.07048489
2006	11	8	0.04308267
2006	11	9	0.04082253
2006	11	10	0.03860494
2006	11	11	0.03663316
2006	11	12	0.03918159
2006	11	13	0.11128665
2006	11	14	0.15911927
2006	11	15	2.19052481
2006	11	16	2.34492020
2006	11	17	0.41651372
2006	11	18	0.11906234
2006	11	19	0.10242347
2006	11	20	0.09846687
2006	11	21	0.09504449
2006	11	22	0.09142753
2006	11	23	0.08719219
2006	11	24	0.08247348
2006	11	25	0.07802482
2006	11	26	0.07418946
2006	11	27	0.09136357
2006	11	28	0.55455715
2006	11	29	0.40833396
2006	11	30	6.64931809
2006	12	1	10.68007389
2006	12	2	1.90008412
2006	12	3	1.31925935
2006	12	4	1.28158113
2006	12	5	1.31511552
2006	12	6	1.50856859
2006	12	7	1.30160863
2006	12	8	1.19142292
2006	12	9	1.10276992
2006	12	10	1.64968718
2006	12	11	1.78787788
2006	12	12	1.17880301
2006	12	13	1.04612368
2006	12	14	0.97662460
2006	12	15	0.90687464
2006	12	16	0.84089966
2006	12	17	0.77987447
2006	12	18	0.75976334
2006	12	19	1.37614256
2006	12	20	2.13649864
2006	12	21	2.16445230
2006	12	22	1.19198872
2006	12	23	0.92128359
2006	12	24	0.88994235
2006	12	25	0.90609146
2006	12	26	1.17464425
2006	12	27	0.83996674
2006	12	28	0.78961847
2006	12	29	1.01903778
2006	12	30	6.62556965
2006	12	31	7.55549723
2007	1	1	2.84456400
2007	1	2	2.46268734
2007	1	3	2.29424853
2007	1	4	2.11355772
2007	1	5	1.93623433
2007	1	6	1.77483260
2007	1	7	1.63118612
2007	1	8	1.50494046
2007	1	9	1.39362174
2007	1	10	1.29548738
2007	1	11	1.21093334
2007	1	12	1.25760422
2007	1	13	2.82114777
2007	1	14	7.04685753
2007	1	15	2.41015728
2007	1	16	2.07392043
2007	1	17	1.97971138
2007	1	18	1.86206655
2007	1	19	1.74667685
2007	1	20	1.69110176
2007	1	21	1.87472416
2007	1	22	3.75324214
2007	1	23	2.09690723
2007	1	24	2.43787856
2007	1	25	2.17195982
2007	1	26	2.03613183
2007	1	27	3.08244511
2007	1	28	2.74015716
2007	1	29	1.86708193
2007	1	30	1.91758680
2007	1	31	1.81180295
2007	2	1	1.60147310
2007	2	2	1.51174534
2007	2	3	1.43195895
2007	2	4	1.36764380
2007	2	5	1.43592229
2007	2	6	2.73206603
2007	2	7	3.09924993
2007	2	8	2.02315622
2007	2	9	1.63857868
2007	2	10	1.51602775
2007	2	11	1.48558454
2007	2	12	2.78544335
2007	2	13	4.71453733
2007	2	14	3.86959979
2007	2	15	2.25220481
2007	2	16	2.07083591
2007	2	17	1.94471987
2007	2	18	1.80973993
2007	2	19	1.68337386
2007	2	20	1.52609542
2007	2	21	1.36093182
2007	2	22	1.21394499
2007	2	23	1.14987321
2007	2	24	2.51807107
2007	2	25	2.11627438
2007	2	26	1.15791359
2007	2	27	1.05804242
2007	2	28	1.19816928
2007	3	1	0.94064728
2007	3	2	0.96055083
2007	3	3	0.80836270
2007	3	4	0.75788576
2007	3	5	0.71841763
2007	3	6	0.66747731
2007	3	7	0.60989972
2007	3	8	0.56489238
2007	3	9	0.76128728
2007	3	10	0.49811673
2007	3	11	0.60380887
2007	3	12	0.41422993
2007	3	13	0.36746846
2007	3	14	0.33054171
2007	3	15	0.29744361
2007	3	16	0.27008664
2007	3	17	0.24881670
2007	3	18	0.22789738
2007	3	19	0.21154044
2007	3	20	0.27178184
2007	3	21	0.19281512
2007	3	22	0.30601428
2007	3	23	0.23118239
2007	3	24	0.53765188
2007	3	25	0.16918060
2007	3	26	0.13329706
2007	3	27	0.24360518
2007	3	28	0.13103189
2007	3	29	0.34200155
2007	3	30	0.16797759
2007	3	31	1.32433158
2007	4	1	0.24602198
2007	4	2	0.10629037
2007	4	3	0.09137643
2007	4	4	0.08633721
2007	4	5	0.18438253
2007	4	6	0.13913914
2007	4	7	0.17100418
2007	4	8	0.07574773
2007	4	9	0.07014053
2007	4	10	0.13360517
2007	4	11	0.08932285
2007	4	12	0.16558674
2007	4	13	0.35130078
2007	4	14	2.06083727
2007	4	15	1.15440171
2007	4	16	0.19322745
2007	4	17	0.23210936
2007	4	18	0.13397136
2007	4	19	0.26053039
2007	4	20	0.09608874
2007	4	21	0.07291791
2007	4	22	0.06336849
2007	4	23	0.05566942
2007	4	24	0.11320162
2007	4	25	1.48995985
2007	4	26	1.06284897
2007	4	27	0.13790178
2007	4	28	0.06684004
2007	4	29	0.05858984
2007	4	30	0.05166981
2007	5	1	0.09378145
2007	5	2	0.87303625
2007	5	3	1.62397582
2007	5	4	0.19198393
2007	5	5	0.06691460
2007	5	6	0.09052352
2007	5	7	0.93450553
2007	5	8	2.09365308
2007	5	9	0.87181501
2007	5	10	0.40287836
2007	5	11	0.81007073
2007	5	12	0.42243994
2007	5	13	0.16942721
2007	5	14	0.11982336
2007	5	15	0.09895621
2007	5	16	0.11000956
2007	5	17	0.07594239
2007	5	18	0.06368457
2007	5	19	0.05517199
2007	5	20	0.04791012
2007	5	21	0.04389990
2007	5	22	0.08025503
2007	5	23	0.03922643
2007	5	24	0.06366898
2007	5	25	0.53772163
2007	5	26	0.17764967
2007	5	27	0.06178481
2007	5	28	0.32724679
2007	5	29	0.16439353
2007	5	30	0.40605477
2007	5	31	0.12376648
2007	6	1	0.31283382
2007	6	2	0.49637600
2007	6	3	0.47056017
2007	6	4	0.06051495
2007	6	5	0.02895095
2007	6	6	0.02519756
2007	6	7	0.05349646
2007	6	8	0.71561649
2007	6	9	0.12005093
2007	6	10	0.04367951
2007	6	11	0.58943081
2007	6	12	4.47837667
2007	6	13	1.97520006
2007	6	14	0.21793012
2007	6	15	0.25243277
2007	6	16	0.10538169
2007	6	17	0.08771042
2007	6	18	0.10497777
2007	6	19	0.36372041
2007	6	20	0.16141672
2007	6	21	0.47814382
2007	6	22	0.13985571
2007	6	23	1.15042836
2007	6	24	2.44479371
2007	6	25	0.71821636
2007	6	26	0.26575391
2007	6	27	0.51701453
2007	6	28	0.61849523
2007	6	29	0.22896865
2007	6	30	0.68016383
2007	7	1	0.44376387
2007	7	2	1.95362016
2007	7	3	0.73588873
2007	7	4	0.27019712
2007	7	5	0.82443550
2007	7	6	0.26157628
2007	7	7	0.19873429
2007	7	8	0.16534616
2007	7	9	0.14361877
2007	7	10	0.14203655
2007	7	11	0.42687796
2007	7	12	0.22663820
2007	7	13	2.27827679
2007	7	14	0.61062809
2007	7	15	0.16014758
2007	7	16	0.12841179
2007	7	17	0.11331979
2007	7	18	0.09883110
2007	7	19	0.08596492
2007	7	20	0.07511087
2007	7	21	0.06649615
2007	7	22	0.06288481
2007	7	23	0.05365299
2007	7	24	0.04763536
2007	7	25	0.04246066
2007	7	26	0.03778028
2007	7	27	0.03364702
2007	7	28	0.03002575
2007	7	29	0.02800653
2007	7	30	0.04860124
2007	7	31	0.02681626
2007	8	1	0.02502031
2007	8	2	0.02027674
2007	8	3	0.03444439
2007	8	4	0.02936141
2007	8	5	0.01670558
2007	8	6	0.01405666
2007	8	7	0.01273114
2007	8	8	0.01156369
2007	8	9	0.01052422
2007	8	10	0.00963011
2007	8	11	0.00881774
2007	8	12	0.00811378
2007	8	13	0.00749886
2007	8	14	0.00699518
2007	8	15	0.00653684
2007	8	16	0.00612620
2007	8	17	0.00618143
2007	8	18	0.01473582
2007	8	19	0.05287537
2007	8	20	0.56102988
2007	8	21	0.05488686
2007	8	22	0.00695176
2007	8	23	0.00529583
2007	8	24	0.06893058
2007	8	25	1.51844946
2007	8	26	1.69989864
2007	8	27	0.13793449
2007	8	28	0.02279668
2007	8	29	0.13988942
2007	8	30	0.47049003
2007	8	31	0.04771648
2007	9	1	0.01115258
2007	9	2	0.01102093
2007	9	3	0.04766203
2007	9	4	0.08986866
2007	9	5	1.21808195
2007	9	6	2.56367179
2007	9	7	0.91367179
2007	9	8	2.69160304
2007	9	9	4.37805051
2007	9	10	0.45835967
2007	9	11	0.32053902
2007	9	12	0.14567421
2007	9	13	0.11361063
2007	9	14	0.09842023
2007	9	15	0.08699349
2007	9	16	0.07967880
2007	9	17	0.06962980
2007	9	18	0.06165155
2007	9	19	0.05515949
2007	9	20	0.04975431
2007	9	21	0.04515368
2007	9	22	0.04104510
2007	9	23	0.03768370
2007	9	24	0.06893342
2007	9	25	0.74549026
2007	9	26	1.89292571
2007	9	27	0.17357606
2007	9	28	0.05273179
2007	9	29	0.04770520
2007	9	30	0.06199166
2007	10	1	0.48165949
2007	10	2	1.62689358
2007	10	3	2.46895858
2007	10	4	3.21766895
2007	10	5	0.38758006
2007	10	6	0.17279848
2007	10	7	0.16282388
2007	10	8	0.37713443
2007	10	9	1.97748909
2007	10	10	0.45159272
2007	10	11	0.18620057
2007	10	12	0.16535434
2007	10	13	0.15194514
2007	10	14	0.18016070
2007	10	15	1.09582076
2007	10	16	0.65930245
2007	10	17	0.23931298
2007	10	18	1.38379449
2007	10	19	0.66100456
2007	10	20	0.19796934
2007	10	21	0.17179723
2007	10	22	0.65332631
2007	10	23	1.93806787
2007	10	24	0.88158975
2007	10	25	0.25629595
2007	10	26	0.22572864
2007	10	27	0.22575096
2007	10	28	0.20640382
2007	10	29	0.19189569
2007	10	30	0.17941197
2007	10	31	0.16728188
2007	11	1	0.15632293
2007	11	2	0.14667946
2007	11	3	0.13796325
2007	11	4	0.12970867
2007	11	5	0.12161353
2007	11	6	0.11432744
2007	11	7	0.10815949
2007	11	8	0.10304171
2007	11	9	0.09791318
2007	11	10	0.09284148
2007	11	11	0.09290272
2007	11	12	0.20754631
2007	11	13	0.10124430
2007	11	14	0.30252518
2007	11	15	0.09194535
2007	11	16	0.07246299
2007	11	17	0.06947304
2007	11	18	0.06656083
2007	11	19	0.06375282
2007	11	20	0.06230840
2007	11	21	0.06045348
2007	11	22	0.07622787
2007	11	23	0.06212031
2007	11	24	0.08456869
2007	11	25	0.77065423
2007	11	26	0.72773007
2007	11	27	0.34538870
2007	11	28	0.09893399
2007	11	29	0.07202441
2007	11	30	0.07972157
2007	12	1	0.28279397
2007	12	2	0.09104695
2007	12	3	0.18854979
2007	12	4	0.07743306
2007	12	5	0.06682605
2007	12	6	0.06879778
2007	12	7	0.15240400
2007	12	8	0.37372907
2007	12	9	2.36178485
2007	12	10	4.49818932
2007	12	11	5.59043482
2007	12	12	5.62052516
2007	12	13	3.89202921
2007	12	14	1.94885432
2007	12	15	3.54320770
2007	12	16	2.06905042
2007	12	17	1.78751232
2007	12	18	2.15778053
2007	12	19	2.45556478
2007	12	20	1.73266140
2007	12	21	1.55001554
2007	12	22	1.42617079
2007	12	23	1.34623425
2007	12	24	1.23693515
2007	12	25	1.14864018
2007	12	26	1.10809195
2007	12	27	1.17910009
2007	12	28	1.06667289
2007	12	29	0.99152281
2007	12	30	0.90765798
2007	12	31	0.86093031
2008	1	1	0.82390069
2008	1	2	0.79260004
2008	1	3	0.76488995
2008	1	4	0.73797877
2008	1	5	0.70582035
2008	1	6	0.66593760
2008	1	7	1.18635033
2008	1	8	13.19599945
2008	1	9	18.36557739
2008	1	10	7.18078099
2008	1	11	5.71811598
2008	1	12	4.84154957
2008	1	13	4.08971533
2008	1	14	3.50888794
2008	1	15	3.05129974
2008	1	16	2.67931651
2008	1	17	2.38585327
2008	1	18	2.17590851
2008	1	19	1.96709454
2008	1	20	1.81506888
2008	1	21	1.74853353
2008	1	22	1.62092483
2008	1	23	1.48131813
2008	1	24	1.38932693
2008	1	25	1.31123603
2008	1	26	1.24214480
2008	1	27	1.17842859
2008	1	28	1.13713288
2008	1	29	1.04751265
2008	1	30	1.16083926
2008	1	31	1.57633471
2008	2	1	1.46763830
2008	2	2	1.02774691
2008	2	3	0.91618967
2008	2	4	0.85779780
2008	2	5	1.15526644
2008	2	6	2.08176789
2008	2	7	1.39634291
2008	2	8	1.10302603
2008	2	9	1.30423782
2008	2	10	1.38684519
2008	2	11	1.91704750
2008	2	12	1.32551603
2008	2	13	1.08711858
2008	2	14	1.20020584
2008	2	15	2.47438788
2008	2	16	9.08967142
2008	2	17	12.94180041
2008	2	18	7.84350908
2008	2	19	5.25892032
2008	2	20	4.93005785
2008	2	21	4.18684640
2008	2	22	3.72069892
2008	2	23	3.18714180
2008	2	24	3.03734855
2008	2	25	2.62079427
2008	2	26	2.27606075
2008	2	27	2.03818492
2008	2	28	1.84472543
2008	2	29	1.66315190
2008	3	1	1.48567448
2008	3	2	1.59384264
2008	3	3	7.59332803
2008	3	4	11.85786790
2008	3	5	4.87839340
2008	3	6	3.85505274
2008	3	7	3.41084214
2008	3	8	3.01346627
2008	3	9	2.66834385
2008	3	10	2.33957607
2008	3	11	2.04431748
2008	3	12	1.77988526
2008	3	13	1.54906794
2008	3	14	1.36619930
2008	3	15	1.52994359
2008	3	16	1.18101269
2008	3	17	1.54206652
2008	3	18	13.07592302
2008	3	19	36.44586795
2008	3	20	25.07848236
2008	3	21	13.24020388
2008	3	22	9.25852303
2008	3	23	6.75153034
2008	3	24	5.13657562
2008	3	25	4.05256099
2008	3	26	3.29203786
2008	3	27	2.74522950
2008	3	28	2.51543456
2008	3	29	2.28044423
2008	3	30	3.70148179
2008	3	31	3.90290405
2008	4	1	8.23825545
2008	4	2	6.08755514
2008	4	3	3.82731496
2008	4	4	4.68456698
2008	4	5	3.49076067
2008	4	6	2.77014705
2008	4	7	2.54209691
2008	4	8	6.54619711
2008	4	9	8.74830657
2008	4	10	17.67791835
2008	4	11	21.38786256
2008	4	12	10.55986775
2008	4	13	7.78871124
2008	4	14	6.01311791
2008	4	15	4.69118729
2008	4	16	3.70269051
2008	4	17	3.19505885
2008	4	18	7.55441100
2008	4	19	6.60798878
2008	4	20	3.50698263
2008	4	21	2.84558784
2008	4	22	2.59787015
2008	4	23	3.29367877
2008	4	24	6.41088592
2008	4	25	5.18173378
2008	4	26	3.11417325
2008	4	27	2.78147812
2008	4	28	2.26936627
2008	4	29	1.92631859
2008	4	30	1.62643218
2008	5	1	1.39889924
2008	5	2	1.75536554
2008	5	3	1.10729910
2008	5	4	0.95238570
2008	5	5	0.79693723
2008	5	6	0.69336401
2008	5	7	1.30822127
2008	5	8	6.87553649
2008	5	9	3.90683859
2008	5	10	1.62293689
2008	5	11	1.81104480
2008	5	12	1.50697210
2008	5	13	1.14205954
2008	5	14	0.99325101
2008	5	15	1.21507412
2008	5	16	3.55293059
2008	5	17	1.32139722
2008	5	18	0.94616901
2008	5	19	0.79502983
2008	5	20	0.64835986
2008	5	21	0.52250392
2008	5	22	0.42348332
2008	5	23	0.34924961
2008	5	24	0.32987815
2008	5	25	0.45242102
2008	5	26	1.46679483
2008	5	27	3.24650926
2008	5	28	2.02024060
2008	5	29	0.60544808
2008	5	30	0.46874979
2008	5	31	0.52656467
2008	6	1	0.92456477
2008	6	2	3.39644137
2008	6	3	1.25165900
2008	6	4	0.55981984
2008	6	5	0.91846311
2008	6	6	2.02590648
2008	6	7	0.81694912
2008	6	8	0.85468989
2008	6	9	6.19762638
2008	6	10	13.03622710
2008	6	11	4.87488620
2008	6	12	3.04027652
2008	6	13	3.17780302
2008	6	14	4.95246904
2008	6	15	2.86976284
2008	6	16	3.60209820
2008	6	17	3.80779936
2008	6	18	2.32383077
2008	6	19	1.96361479
2008	6	20	3.55576132
2008	6	21	2.33797051
2008	6	22	1.54965466
2008	6	23	2.27893679
2008	6	24	2.80294000
2008	6	25	1.41809084
2008	6	26	1.13566547
2008	6	27	0.94136360
2008	6	28	1.03011718
2008	6	29	0.71663312
2008	6	30	0.61006823
2008	7	1	0.47828077
2008	7	2	0.40267831
2008	7	3	0.78019794
2008	7	4	0.44617120
2008	7	5	1.85163536
2008	7	6	0.37454635
2008	7	7	0.34081330
2008	7	8	3.05166480
2008	7	9	2.93354055
2008	7	10	3.46031898
2008	7	11	1.69760180
2008	7	12	4.74351374
2008	7	13	3.58455788
2008	7	14	2.15624396
2008	7	15	1.35894124
2008	7	16	1.06408306
2008	7	17	0.83691087
2008	7	18	0.65582641
2008	7	19	0.51601279
2008	7	20	0.40665172
2008	7	21	0.32150283
2008	7	22	0.25603155
2008	7	23	0.22290475
2008	7	24	0.51246655
2008	7	25	0.18628280
2008	7	26	0.35545462
2008	7	27	0.12942521
2008	7	28	0.15720474
2008	7	29	0.09064407
2008	7	30	0.14550465
2008	7	31	0.07099656
2008	8	1	0.06720605
2008	8	2	0.05327419
2008	8	3	0.04628372
2008	8	4	0.04095978
2008	8	5	0.03631736
2008	8	6	0.04048370
2008	8	7	0.21877367
2008	8	8	0.64400203
2008	8	9	4.93588928
2008	8	10	5.03891943
2008	8	11	4.11107286
2008	8	12	0.79057378
2008	8	13	0.57773549
2008	8	14	2.00303970
2008	8	15	1.51001728
2008	8	16	0.63633624
2008	8	17	0.51865160
2008	8	18	0.44549464
2008	8	19	0.38070352
2008	8	20	0.33147991
2008	8	21	0.30563566
2008	8	22	0.27114429
2008	8	23	0.64595928
2008	8	24	0.97610963
2008	8	25	0.25699192
2008	8	26	0.17538275
2008	8	27	0.14607473
2008	8	28	0.13006369
2008	8	29	0.19609999
2008	8	30	0.22293278
2008	8	31	0.11113460
2008	9	1	0.08399686
2008	9	2	0.18263969
2008	9	3	2.48872903
2008	9	4	6.45789853
2008	9	5	2.98833387
2008	9	6	0.63372866
2008	9	7	0.74193230
2008	9	8	0.42536856
2008	9	9	0.34851361
2008	9	10	0.30131893
2008	9	11	0.27886377
2008	9	12	0.38581150
2008	9	13	0.93583681
2008	9	14	8.15862413
2008	9	15	8.75833701
2008	9	16	2.10709681
2008	9	17	1.48718943
2008	9	18	1.25530466
2008	9	19	1.04163726
2008	9	20	0.86346371
2008	9	21	0.71900629
2008	9	22	0.60124847
2008	9	23	0.50452389
2008	9	24	0.42520130
2008	9	25	0.36183335
2008	9	26	0.30937597
2008	9	27	0.26590672
2008	9	28	0.23073951
2008	9	29	0.20179724
2008	9	30	0.17542998
2008	10	1	0.15212171
2008	10	2	0.13370750
2008	10	3	0.15265981
2008	10	4	0.89700048
2008	10	5	0.17939332
2008	10	6	0.17189596
2008	10	7	0.44866356
2008	10	8	0.43148900
2008	10	9	0.12912382
2008	10	10	0.09760122
2008	10	11	0.08884322
2008	10	12	0.08110143
2008	10	13	0.07565453
2008	10	14	0.15255997
2008	10	15	1.60922869
2008	10	16	1.62403443
2008	10	17	0.22100706
2008	10	18	0.11976213
2008	10	19	0.11231558
2008	10	20	0.10508490
2008	10	21	0.15077754
2008	10	22	1.33462115
2008	10	23	0.60638556
2008	10	24	0.16146658
2008	10	25	0.12436380
2008	10	26	0.11659180
2008	10	27	0.10991780
2008	10	28	0.10387689
2008	10	29	0.10011748
2008	10	30	0.12132773
2008	10	31	0.09267140
2008	11	1	0.08343845
2008	11	2	0.07849121
2008	11	3	0.07386966
2008	11	4	0.08555628
2008	11	5	0.44463488
2008	11	6	0.14030232
2008	11	7	0.54913493
2008	11	8	0.10540267
2008	11	9	0.06857113
2008	11	10	0.15299114
2008	11	11	1.21139556
2008	11	12	0.52028993
2008	11	13	0.12218041
2008	11	14	0.32602171
2008	11	15	0.16845996
2008	11	16	0.13657879
2008	11	17	0.09089994
2008	11	18	0.08413352
2008	11	19	0.08157522
2008	11	20	0.07852857
2008	11	21	0.07593026
2008	11	22	0.07669247
2008	11	23	0.13123670
2008	11	24	0.15491168
2008	11	25	0.14737030
2008	11	26	0.07739111
2008	11	27	0.06943999
2008	11	28	0.09408353
2008	11	29	0.10156574
2008	11	30	0.24369435
2008	12	1	0.18451376
2008	12	2	0.10664805
2008	12	3	0.06556563
2008	12	4	0.06215710
2008	12	5	0.06159645
2008	12	6	0.06110832
2008	12	7	0.06032229
2008	12	8	0.09270460
2008	12	9	0.87181630
2008	12	10	0.90942581
2008	12	11	0.15352316
2008	12	12	0.08258468
2008	12	13	0.08064053
2008	12	14	0.08178036
2008	12	15	0.13099217
2008	12	16	0.15421149
2008	12	17	0.08494466
2008	12	18	0.07822976
2008	12	19	0.12306725
2008	12	20	0.13786364
2008	12	21	0.07955871
2008	12	22	0.07277118
2008	12	23	0.07792540
2008	12	24	0.21690106
2008	12	25	0.34317647
2008	12	26	0.20870391
2008	12	27	2.85319399
2008	12	28	2.24509944
2008	12	29	0.51089207
2008	12	30	0.23384964
2008	12	31	0.21769272
2009	1	1	0.21400536
2009	1	2	0.27277762
2009	1	3	0.24658554
2009	1	4	0.19466426
2009	1	5	0.18339519
2009	1	6	0.17835903
2009	1	7	0.17502985
2009	1	8	0.17127867
2009	1	9	0.16753128
2009	1	10	0.17541458
2009	1	11	0.18493957
2009	1	12	0.15579103
2009	1	13	0.14950800
2009	1	14	0.14604906
2009	1	15	0.14370410
2009	1	16	0.14177012
2009	1	17	0.13962483
2009	1	18	0.13708033
2009	1	19	0.13396121
2009	1	20	0.13100250
2009	1	21	0.12879407
2009	1	22	0.12600349
2009	1	23	0.12123002
2009	1	24	0.11631431
2009	1	25	0.11338684
2009	1	26	0.11176949
2009	1	27	0.11073153
2009	1	28	0.10971276
2009	1	29	0.11197899
2009	1	30	0.23710735
2009	1	31	1.22295558
2009	2	1	0.70172417
2009	2	2	0.24182173
2009	2	3	0.14293670
2009	2	4	0.13428931
2009	2	5	0.13258208
2009	2	6	0.12911661
2009	2	7	0.12398271
2009	2	8	0.12024929
2009	2	9	0.14962949
2009	2	10	0.21278967
2009	2	11	2.42443254
2009	2	12	5.71265334
2009	2	13	0.81580617
2009	2	14	0.45436648
2009	2	15	0.43920453
2009	2	16	0.42521790
2009	2	17	0.44105660
2009	2	18	0.45391422
2009	2	19	0.87851209
2009	2	20	0.43495696
2009	2	21	0.38645509
2009	2	22	0.37042072
2009	2	23	0.35676511
2009	2	24	0.34283043
2009	2	25	0.32726056
2009	2	26	0.30897695
2009	2	27	0.35198921
2009	2	28	0.69431445
2009	3	1	0.67520827
2009	3	2	0.30454904
2009	3	3	0.27662874
2009	3	4	0.26913746
2009	3	5	0.25765132
2009	3	6	0.24019661
2009	3	7	0.21979771
2009	3	8	0.20246134
2009	3	9	0.18671787
2009	3	10	0.17382853
2009	3	11	0.23092851
2009	3	12	0.19145667
2009	3	13	0.16806038
2009	3	14	0.16813770
2009	3	15	0.16155359
2009	3	16	0.13779582
2009	3	17	0.12358313
2009	3	18	0.11918826
2009	3	19	0.28128819
2009	3	20	0.26665447
2009	3	21	0.71913101
2009	3	22	1.01239506
2009	3	23	0.22089770
2009	3	24	0.90957990
2009	3	25	0.50974072
2009	3	26	0.19909011
2009	3	27	0.23148228
2009	3	28	0.50239560
2009	3	29	2.58079906
2009	3	30	0.95352800
2009	3	31	0.38939886
2009	4	1	0.98438038
2009	4	2	0.51857278
2009	4	3	0.85886853
2009	4	4	0.68672321
2009	4	5	0.30014997
2009	4	6	0.55317156
2009	4	7	0.26518865
2009	4	8	0.25766310
2009	4	9	0.86157622
2009	4	10	0.44718787
2009	4	11	1.48750370
2009	4	12	2.37664509
2009	4	13	1.98817111
2009	4	14	0.59641757
2009	4	15	0.48147590
2009	4	16	0.42607179
2009	4	17	0.42995453
2009	4	18	1.26152794
2009	4	19	1.40596934
2009	4	20	1.01633987
2009	4	21	0.48209256
2009	4	22	0.39910603
2009	4	23	0.34579575
2009	4	24	0.29639841
2009	4	25	0.27338247
2009	4	26	0.65458413
2009	4	27	0.27380784
2009	4	28	0.86991755
2009	4	29	0.26432681
2009	4	30	0.64448103
2009	5	1	2.40808388
2009	5	2	8.65796847
2009	5	3	8.55687741
2009	5	4	5.41294508
2009	5	5	3.30470668
2009	5	6	4.68328009
2009	5	7	2.90539110
2009	5	8	3.36283257
2009	5	9	5.57313602
2009	5	10	2.75389357
2009	5	11	2.24520183
2009	5	12	2.05704980
2009	5	13	3.69930686
2009	5	14	3.19055201
2009	5	15	2.40829413
2009	5	16	2.35405301
2009	5	17	2.52050459
2009	5	18	1.50189027
2009	5	19	1.20583674
2009	5	20	0.98177362
2009	5	21	0.79088309
2009	5	22	0.63631915
2009	5	23	0.52323004
2009	5	24	0.54015859
2009	5	25	0.83000272
2009	5	26	0.42211882
2009	5	27	0.35285370
2009	5	28	0.26757325
2009	5	29	0.22775561
2009	5	30	0.19208347
2009	5	31	0.15854946
2009	6	1	0.17842157
2009	6	2	1.25309281
2009	6	3	0.31499376
2009	6	4	0.27919183
2009	6	5	0.10993256
2009	6	6	0.08590703
2009	6	7	0.09044971
2009	6	8	0.07313013
2009	6	9	0.15219567
2009	6	10	0.18378562
2009	6	11	1.36186274
2009	6	12	0.25486033
2009	6	13	1.97463964
2009	6	14	0.77302827
2009	6	15	0.28208004
2009	6	16	0.86194336
2009	6	17	0.58865300
2009	6	18	0.15774637
2009	6	19	0.09205326
2009	6	20	0.07790625
2009	6	21	0.06709463
2009	6	22	0.05789679
2009	6	23	0.05007099
2009	6	24	0.04365673
2009	6	25	0.03825334
2009	6	26	0.03394183
2009	6	27	0.03031728
2009	6	28	0.02711893
2009	6	29	0.02440210
2009	6	30	0.02182334
2009	7	1	0.01961099
2009	7	2	0.02179799
2009	7	3	0.13692951
2009	7	4	0.86072536
2009	7	5	0.11755575
2009	7	6	0.06879263
2009	7	7	0.01992521
2009	7	8	0.01540598
2009	7	9	0.01406993
2009	7	10	0.01296406
2009	7	11	0.01185968
2009	7	12	0.01100670
2009	7	13	0.01093901
2009	7	14	0.01012125
2009	7	15	0.00920544
2009	7	16	0.00853320
2009	7	17	0.00808725
2009	7	18	0.00753666
2009	7	19	0.00711283
2009	7	20	0.08002525
2009	7	21	1.76053961
2009	7	22	1.84246263
2009	7	23	0.14906256
2009	7	24	0.02048000
2009	7	25	0.01536978
2009	7	26	0.01288521
2009	7	27	0.04133797
2009	7	28	0.72624407
2009	7	29	0.11111526
2009	7	30	0.08945916
2009	7	31	0.22377878
2009	8	1	0.17137153
2009	8	2	0.17547320
2009	8	3	0.04225316
2009	8	4	0.01096379
2009	8	5	0.02216250
2009	8	6	0.29857384
2009	8	7	0.03284616
2009	8	8	0.00886551
2009	8	9	0.02125135
2009	8	10	0.35753439
2009	8	11	1.19111096
2009	8	12	0.55226522
2009	8	13	0.05361462
2009	8	14	0.01399528
2009	8	15	0.01135541
2009	8	16	0.00987816
2009	8	17	0.02898246
2009	8	18	0.48214788
2009	8	19	0.09673773
2009	8	20	1.21620343
2009	8	21	0.86484926
2009	8	22	0.07668093
2009	8	23	0.01497649
2009	8	24	0.01189298
2009	8	25	0.01033831
2009	8	26	0.00921619
2009	8	27	0.04583578
2009	8	28	0.89974204
2009	8	29	1.06167328
2009	8	30	0.09049163
2009	8	31	0.01475462
2009	9	1	0.01551123
2009	9	2	0.17248230
2009	9	3	1.93945987
2009	9	4	0.90973711
2009	9	5	0.29983867
2009	9	6	0.09418359
2009	9	7	0.03933554
2009	9	8	0.04411227
2009	9	9	0.74386535
2009	9	10	5.91812651
2009	9	11	3.98426070
2009	9	12	0.48246496
2009	9	13	0.36392155
2009	9	14	2.73176388
2009	9	15	2.89319341
2009	9	16	1.32446585
2009	9	17	0.94750218
2009	9	18	0.58333227
2009	9	19	0.50183527
2009	9	20	0.44457068
2009	9	21	0.65082590
2009	9	22	4.33523448
2009	9	23	4.68752058
2009	9	24	1.11812944
2009	9	25	0.80832218
2009	9	26	0.70868803
2009	9	27	0.60221992
2009	9	28	0.50036607
2009	9	29	0.41376247
2009	9	30	0.35056488
2009	10	1	0.30150618
2009	10	2	0.26645606
2009	10	3	0.23384693
2009	10	4	0.22254950
2009	10	5	0.31358122
2009	10	6	0.79951800
2009	10	7	0.50775839
2009	10	8	0.92933632
2009	10	9	16.36883450
2009	10	10	20.23583637
2009	10	11	6.76460264
2009	10	12	5.40905046
2009	10	13	5.19540093
2009	10	14	4.74663716
2009	10	15	3.54146054
2009	10	16	3.13706641
2009	10	17	2.74482440
2009	10	18	2.49894094
2009	10	19	2.10515899
2009	10	20	1.83411264
2009	10	21	1.71065026
2009	10	22	4.02883261
2009	10	23	4.44890773
2009	10	24	2.13208736
2009	10	25	1.96210880
2009	10	26	2.91978300
2009	10	27	4.56007563
2009	10	28	3.96002415
2009	10	29	2.68006864
2009	10	30	6.72462094
2009	10	31	3.91167996
2009	11	1	2.89039574
2009	11	2	2.54641578
2009	11	3	2.23716903
2009	11	4	1.96598018
2009	11	5	1.73695163
2009	11	6	1.53893977
2009	11	7	1.36660857
2009	11	8	1.21831807
2009	11	9	1.09472036
2009	11	10	0.99235925
2009	11	11	0.90538608
2009	11	12	0.83183228
2009	11	13	0.76787439
2009	11	14	0.73189847
2009	11	15	1.26803333
2009	11	16	4.50064437
2009	11	17	2.41433143
2009	11	18	1.57609831
2009	11	19	1.21957377
2009	11	20	1.24128079
2009	11	21	1.64477248
2009	11	22	1.17467436
2009	11	23	1.05514672
2009	11	24	1.10006711
2009	11	25	0.94714775
2009	11	26	0.88764772
2009	11	27	0.84241554
2009	11	28	0.79528850
2009	11	29	0.80665685
2009	11	30	0.76417524
2009	12	1	0.73394033
2009	12	2	0.65684802
2009	12	3	0.62870742
2009	12	4	0.60895474
2009	12	5	0.59930576
2009	12	6	0.75572649
2009	12	7	0.68335148
2009	12	8	0.70736457
2009	12	9	1.05131394
2009	12	10	0.65398755
2009	12	11	0.55124742
2009	12	12	0.57736108
2009	12	13	1.23849622
2009	12	14	0.68722755
2009	12	15	0.55808333
2009	12	16	0.54755572
2009	12	17	0.53664530
2009	12	18	0.52054916
2009	12	19	0.50477395
2009	12	20	0.49152224
2009	12	21	0.47686935
2009	12	22	0.46172755
2009	12	23	0.48803063
2009	12	24	0.56485197
2009	12	25	1.24872343
2009	12	26	0.51447358
2009	12	27	0.44956199
2009	12	28	0.44682044
2009	12	29	0.45766437
2009	12	30	0.48656482
2009	12	31	0.54796778
2010	1	1	0.43528329
2010	1	2	0.42386441
2010	1	3	0.43995130
2010	1	4	0.41254286
2010	1	5	0.40529612
2010	1	6	0.39924382
2010	1	7	0.39356372
2010	1	8	0.38731059
2010	1	9	0.38131448
2010	1	10	0.37531524
2010	1	11	0.37320841
2010	1	12	0.45659369
2010	1	13	0.41536720
2010	1	14	0.90704659
2010	1	15	0.43187740
2010	1	16	0.55986559
2010	1	17	0.41920699
2010	1	18	0.35946735
2010	1	19	0.35194733
2010	1	20	0.55173107
2010	1	21	1.42488261
2010	1	22	1.30686865
2010	1	23	0.48967480
2010	1	24	0.75399421
2010	1	25	0.44681920
2010	1	26	0.42231455
2010	1	27	0.41707954
2010	1	28	0.41654173
2010	1	29	0.56244860
2010	1	30	0.41597907
2010	1	31	0.39359082
2010	2	1	0.38950236
2010	2	2	0.41538380
2010	2	3	0.44605769
2010	2	4	0.69509553
2010	2	5	1.16695761
2010	2	6	0.73451708
2010	2	7	0.52235329
2010	2	8	0.58183722
2010	2	9	0.57578880
2010	2	10	0.44824062
2010	2	11	0.43957443
2010	2	12	0.46195845
2010	2	13	0.52536928
2010	2	14	0.56152504
2010	2	15	0.44962890
2010	2	16	0.41886707
2010	2	17	0.41526888
2010	2	18	0.41659910
2010	2	19	0.39717260
2010	2	20	0.38827098
2010	2	21	0.71939902
2010	2	22	1.09283842
2010	2	23	0.50735291
2010	2	24	0.39110098
2010	2	25	0.38124656
2010	2	26	0.41890183
2010	2	27	0.40621186
2010	2	28	0.35784255
2010	3	1	0.34371180
2010	3	2	0.33126435
2010	3	3	0.32140221
2010	3	4	0.31066545
2010	3	5	0.29402781
2010	3	6	0.27219129
2010	3	7	0.25187719
2010	3	8	0.31183113
2010	3	9	0.89252072
2010	3	10	0.40201358
2010	3	11	0.45269903
2010	3	12	0.39590440
2010	3	13	0.24387152
2010	3	14	0.21279572
2010	3	15	0.20588303
2010	3	16	0.19711678
2010	3	17	0.18799672
2010	3	18	0.17960665
2010	3	19	0.20473513
2010	3	20	0.73553809
2010	3	21	1.83685327
2010	3	22	0.59140700
2010	3	23	2.09248548
2010	3	24	0.68438149
2010	3	25	1.19391897
2010	3	26	3.24299948
2010	3	27	1.41801172
2010	3	28	0.64447423
2010	3	29	0.68500190
2010	3	30	0.53540551
2010	3	31	0.46817330
2010	4	1	0.42293307
2010	4	2	0.71527496
2010	4	3	1.31571487
2010	4	4	0.45968414
2010	4	5	0.34929267
2010	4	6	0.31807868
2010	4	7	0.36400008
2010	4	8	0.26848127
2010	4	9	0.23616427
2010	4	10	0.20996597
2010	4	11	0.18376685
2010	4	12	0.15860896
2010	4	13	0.13580494
2010	4	14	0.11589637
2010	4	15	0.10001880
2010	4	16	0.10067078
2010	4	17	0.08833538
2010	4	18	0.23254300
2010	4	19	0.08442330
2010	4	20	0.14385646
2010	4	21	0.06125297
2010	4	22	0.05040900
2010	4	23	0.05808825
2010	4	24	0.24740969
2010	4	25	2.20573035
2010	4	26	0.22417708
2010	4	27	0.07766124
2010	4	28	0.06275698
2010	4	29	0.06527316
2010	4	30	0.25601124
2010	5	1	0.15630704
2010	5	2	0.06335822
2010	5	3	0.06189517
2010	5	4	0.03760541
2010	5	5	0.03105678
2010	5	6	0.02659920
2010	5	7	0.02275357
2010	5	8	0.01969822
2010	5	9	0.03034604
2010	5	10	0.31670740
2010	5	11	0.62991939
2010	5	12	0.07811555
2010	5	13	0.16410969
2010	5	14	0.47038807
2010	5	15	1.06136667
2010	5	16	1.14867861
2010	5	17	2.74682855
2010	5	18	0.34108934
2010	5	19	0.34155230
2010	5	20	0.99455622
2010	5	21	1.02982859
2010	5	22	0.22189992
2010	5	23	0.13881994
2010	5	24	0.11381847
2010	5	25	0.13607141
2010	5	26	1.06571912
2010	5	27	2.26378607
2010	5	28	0.34091970
2010	5	29	0.15697657
2010	5	30	0.12812652
2010	5	31	0.10387128
2010	6	1	0.08412285
2010	6	2	0.09938361
2010	6	3	0.83697028
2010	6	4	2.14265784
2010	6	5	0.21470281
2010	6	6	0.06749365
2010	6	7	0.10799409
2010	6	8	0.07118260
2010	6	9	0.21328226
2010	6	10	0.04565148
2010	6	11	0.03075939
2010	6	12	0.02634135
2010	6	13	0.03686263
2010	6	14	0.37345321
2010	6	15	0.94148748
2010	6	16	1.76759139
2010	6	17	0.21646741
2010	6	18	0.19015464
2010	6	19	0.04109659
2010	6	20	0.04801935
2010	6	21	0.02488430
2010	6	22	0.01993698
2010	6	23	0.01737004
2010	6	24	0.01542441
2010	6	25	0.01408325
2010	6	26	0.01666209
2010	6	27	0.10091556
2010	6	28	0.08657731
2010	6	29	0.65639102
2010	6	30	0.05443938
2010	7	1	0.01134714
2010	7	2	0.01211162
2010	7	3	0.05529438
2010	7	4	0.05586372
2010	7	5	0.11161127
2010	7	6	0.01803512
2010	7	7	0.10211701
2010	7	8	0.20971709
2010	7	9	0.70368965
2010	7	10	0.29244101
2010	7	11	0.02984452
2010	7	12	0.09343581
2010	7	13	1.98819351
2010	7	14	1.79545166
2010	7	15	0.21160724
2010	7	16	1.50463989
2010	7	17	0.40395068
2010	7	18	0.07556647
2010	7	19	0.02981508
2010	7	20	0.02356779
2010	7	21	0.02002814
2010	7	22	0.01753156
2010	7	23	0.01563601
2010	7	24	0.01418778
2010	7	25	0.01319557
2010	7	26	0.01252921
2010	7	27	0.01144169
2010	7	28	0.01072132
2010	7	29	0.01013673
2010	7	30	0.00960310
2010	7	31	0.00915371
2010	8	1	0.00875987
2010	8	2	0.00860849
2010	8	3	0.00817328
2010	8	4	0.00852412
2010	8	5	0.02396187
2010	8	6	0.01451344
2010	8	7	0.00744658
2010	8	8	0.00684602
2010	8	9	0.00662605
2010	8	10	0.00642752
2010	8	11	0.00625844
2010	8	12	0.00631313
2010	8	13	0.00726041
2010	8	14	0.01866811
2010	8	15	0.02059690
2010	8	16	0.23450437
2010	8	17	0.21096519
2010	8	18	0.03077871
2010	8	19	0.06189135
2010	8	20	0.00846549
2010	8	21	0.00586143
2010	8	22	0.00500036
2010	8	23	0.00486466
2010	8	24	0.00475975
2010	8	25	0.00467909
2010	8	26	0.00460100
2010	8	27	0.00452143
2010	8	28	0.00444619
2010	8	29	0.00436330
2010	8	30	0.00429998
2010	8	31	0.00423335
2010	9	1	0.01720532
2010	9	2	0.34127855
2010	9	3	0.99638616
2010	9	4	3.46722302
2010	9	5	0.27427360
2010	9	6	0.02990952
2010	9	7	0.02319862
2010	9	8	0.09562018
2010	9	9	1.27902617
2010	9	10	6.04843354
2010	9	11	0.63335298
2010	9	12	0.19747487
2010	9	13	0.10853071
2010	9	14	0.84828747
2010	9	15	3.59763322
2010	9	16	1.18149614
2010	9	17	0.27883197
2010	9	18	0.13407143
2010	9	19	0.10911604
2010	9	20	0.09254889
2010	9	21	0.07845200
2010	9	22	0.06690407
2010	9	23	0.09215219
2010	9	24	0.96801036
2010	9	25	2.60075865
2010	9	26	0.25673387
2010	9	27	0.08073070
2010	9	28	0.07067273
2010	9	29	0.06336186
2010	9	30	0.05693837
