1998	1	1	16.57672074
1998	1	2	15.35046731
1998	1	3	13.70373551
1998	1	4	15.74878311
1998	1	5	15.88108971
1998	1	6	13.58983566
1998	1	7	12.40676123
1998	1	8	11.84739020
1998	1	9	10.04688472
1998	1	10	8.53289175
1998	1	11	7.56237856
1998	1	12	6.93135020
1998	1	13	6.46745794
1998	1	14	6.20597671
1998	1	15	5.92166107
1998	1	16	5.63655253
1998	1	17	5.39015150
1998	1	18	5.17311886
1998	1	19	4.97234938
1998	1	20	4.78475453
1998	1	21	4.61087455
1998	1	22	4.44496216
1998	1	23	4.28463331
1998	1	24	4.13294983
1998	1	25	5.33969797
1998	1	26	6.05703709
1998	1	27	5.26060955
1998	1	28	4.49523122
1998	1	29	4.00055604
1998	1	30	3.66837532
1998	1	31	3.69378594
1998	2	1	3.60429703
1998	2	2	3.34390048
1998	2	3	3.11832771
1998	2	4	2.94820893
1998	2	5	2.81145941
1998	2	6	2.69347580
1998	2	7	2.58948493
1998	2	8	2.49637636
1998	2	9	2.41405866
1998	2	10	4.31188913
1998	2	11	4.70253354
1998	2	12	3.81634903
1998	2	13	3.07823582
1998	2	14	2.63025509
1998	2	15	3.15962401
1998	2	16	3.33596790
1998	2	17	2.83787879
1998	2	18	2.41676466
1998	2	19	2.20398621
1998	2	20	2.02721405
1998	2	21	1.89239115
1998	2	22	1.81093025
1998	2	23	1.72800144
1998	2	24	1.65953536
1998	2	25	3.53849276
1998	2	26	4.22663311
1998	2	27	3.44033639
1998	2	28	2.63274078
1998	3	1	2.12626044
1998	3	2	1.82265577
1998	3	3	1.63628107
1998	3	4	1.51795188
1998	3	5	2.24438386
1998	3	6	2.36076410
1998	3	7	4.60956327
1998	3	8	5.37165218
1998	3	9	4.03542647
1998	3	10	2.93104359
1998	3	11	2.29661093
1998	3	12	1.93189566
1998	3	13	1.72014830
1998	3	14	1.95983435
1998	3	15	2.95243064
1998	3	16	4.95249203
1998	3	17	5.34855659
1998	3	18	6.16246056
1998	3	19	7.36048088
1998	3	20	6.69142061
1998	3	21	4.94801781
1998	3	22	3.73394249
1998	3	23	3.02924305
1998	3	24	2.61040726
1998	3	25	2.35382926
1998	3	26	2.20564536
1998	3	27	2.62166675
1998	3	28	2.46901120
1998	3	29	2.23779001
1998	3	30	4.16937386
1998	3	31	4.07487816
1998	4	1	3.19991777
1998	4	2	2.91393793
1998	4	3	2.47454578
1998	4	4	2.12878667
1998	4	5	1.90836664
1998	4	6	2.31895251
1998	4	7	2.12157396
1998	4	8	1.91837877
1998	4	9	1.72669212
1998	4	10	1.58434603
1998	4	11	1.47997634
1998	4	12	1.47237130
1998	4	13	1.39596917
1998	4	14	1.31687660
1998	4	15	1.50776853
1998	4	16	1.44044579
1998	4	17	1.29502043
1998	4	18	1.18509087
1998	4	19	1.10499046
1998	4	20	1.04298759
1998	4	21	1.02788749
1998	4	22	1.08220411
1998	4	23	1.00503423
1998	4	24	0.92307847
1998	4	25	0.86366667
1998	4	26	2.43182091
1998	4	27	2.85970131
1998	4	28	2.12109003
1998	4	29	1.50944902
1998	4	30	1.22982200
1998	5	1	0.99154155
1998	5	2	0.91360796
1998	5	3	0.78838820
1998	5	4	0.68641947
1998	5	5	0.98339449
1998	5	6	1.19397264
1998	5	7	1.11096407
1998	5	8	0.89391844
1998	5	9	1.84188882
1998	5	10	1.80344104
1998	5	11	1.29003439
1998	5	12	0.91347383
1998	5	13	0.68832795
1998	5	14	0.55110271
1998	5	15	0.46535812
1998	5	16	0.40963521
1998	5	17	0.37100289
1998	5	18	0.34297501
1998	5	19	0.32166321
1998	5	20	0.30440183
1998	5	21	0.28788366
1998	5	22	0.27444128
1998	5	23	0.26283685
1998	5	24	1.79111136
1998	5	25	3.70192177
1998	5	26	6.00119925
1998	5	27	5.30496135
1998	5	28	3.39605796
1998	5	29	3.11345296
1998	5	30	2.15980870
1998	5	31	1.36271183
1998	6	1	0.88875332
1998	6	2	0.61114412
1998	6	3	0.44700581
1998	6	4	0.36630383
1998	6	5	0.30443383
1998	6	6	0.25674395
1998	6	7	0.23566846
1998	6	8	0.47384942
1998	6	9	0.44491314
1998	6	10	0.37099609
1998	6	11	0.44994971
1998	6	12	0.40114507
1998	6	13	0.30531857
1998	6	14	0.23972034
1998	6	15	0.29192954
1998	6	16	0.25435302
1998	6	17	0.23400400
1998	6	18	0.26697644
1998	6	19	0.37929509
1998	6	20	0.32665978
1998	6	21	0.41587117
1998	6	22	0.33705568
1998	6	23	0.24293361
1998	6	24	0.18348256
1998	6	25	0.14743665
1998	6	26	0.12497363
1998	6	27	0.11029834
1998	6	28	0.10045143
1998	6	29	0.12415115
1998	6	30	0.12187051
1998	7	1	0.44013439
1998	7	2	0.43311042
1998	7	3	0.32741386
1998	7	4	0.22507125
1998	7	5	0.15860012
1998	7	6	0.11894777
1998	7	7	0.25191324
1998	7	8	0.21641254
1998	7	9	0.16011597
1998	7	10	0.13491009
1998	7	11	0.58655582
1998	7	12	0.48783592
1998	7	13	0.32386829
1998	7	14	0.21032160
1998	7	15	0.14129105
1998	7	16	0.10056684
1998	7	17	0.07627000
1998	7	18	0.06153500
1998	7	19	0.05213038
1998	7	20	0.04767957
1998	7	21	0.04423645
1998	7	22	0.04453963
1998	7	23	0.04733129
1998	7	24	0.04612999
1998	7	25	0.04115764
1998	7	26	0.03695744
1998	7	27	0.03509541
1998	7	28	0.03703221
1998	7	29	0.03566601
1998	7	30	0.03252700
1998	7	31	0.03001188
1998	8	1	0.02805823
1998	8	2	0.16677661
1998	8	3	0.15712936
1998	8	4	0.78311368
1998	8	5	0.63594614
1998	8	6	0.38571683
1998	8	7	0.23273270
1998	8	8	0.15598079
1998	8	9	0.20597692
1998	8	10	0.20375986
1998	8	11	0.14422544
1998	8	12	0.10694802
1998	8	13	0.30185618
1998	8	14	0.27696248
1998	8	15	0.18302097
1998	8	16	0.11366496
1998	8	17	0.07218220
1998	8	18	0.38412255
1998	8	19	0.31015362
1998	8	20	0.19082478
1998	8	21	0.11688403
1998	8	22	0.07336729
1998	8	23	0.04803027
1998	8	24	0.03316331
1998	8	25	0.03195302
1998	8	26	0.06519311
1998	8	27	0.09421419
1998	8	28	0.06744284
1998	8	29	0.04496418
1998	8	30	0.03032570
1998	8	31	0.02191053
1998	9	1	0.01703303
1998	9	2	0.01409951
1998	9	3	0.01231642
1998	9	4	0.01573085
1998	9	5	0.01497643
1998	9	6	0.01272976
1998	9	7	0.01108441
1998	9	8	0.01002222
1998	9	9	0.00938770
1998	9	10	0.00895857
1998	9	11	0.00863866
1998	9	12	0.23040578
1998	9	13	2.22656470
1998	9	14	4.40747693
1998	9	15	3.63399571
1998	9	16	2.26095158
1998	9	17	1.33357834
1998	9	18	0.78172033
1998	9	19	0.46046436
1998	9	20	0.27433378
1998	9	21	0.84608824
1998	9	22	0.70556903
1998	9	23	0.43573946
1998	9	24	0.26071524
1998	9	25	0.15647430
1998	9	26	0.09448882
1998	9	27	0.06152649
1998	9	28	0.04377926
1998	9	29	0.03367838
1998	9	30	0.31068403
1998	10	1	0.27238252
1998	10	2	0.35233378
1998	10	3	0.25458530
1998	10	4	0.51996331
1998	10	5	5.89282530
1998	10	6	7.45575451
1998	10	7	4.97040502
1998	10	8	2.92899862
1998	10	9	1.75284850
1998	10	10	1.07638834
1998	10	11	0.68855196
1998	10	12	0.46663637
1998	10	13	0.34073857
1998	10	14	0.26929101
1998	10	15	0.22918353
1998	10	16	0.76098243
1998	10	17	0.73119800
1998	10	18	0.69050980
1998	10	19	0.51167158
1998	10	20	0.37249427
1998	10	21	0.29151487
1998	10	22	0.24406637
1998	10	23	0.21591304
1998	10	24	0.19879380
1998	10	25	0.18794284
1998	10	26	0.18052250
1998	10	27	0.17551204
1998	10	28	0.17039492
1998	10	29	0.18467992
1998	10	30	0.38593110
1998	10	31	0.37911980
1998	11	1	1.92032000
1998	11	2	2.33179178
1998	11	3	1.62817772
1998	11	4	1.03165435
1998	11	5	0.67268808
1998	11	6	0.62644117
1998	11	7	2.10328148
1998	11	8	2.29875849
1998	11	9	2.94940475
1998	11	10	2.62178907
1998	11	11	1.73072007
1998	11	12	1.11123233
1998	11	13	0.75764627
1998	11	14	0.56007621
1998	11	15	0.45271437
1998	11	16	0.39531989
1998	11	17	0.36552994
1998	11	18	0.48983949
1998	11	19	1.58303646
1998	11	20	1.80794328
1998	11	21	1.30403620
1998	11	22	0.91051403
1998	11	23	0.68691735
1998	11	24	0.56009251
1998	11	25	0.48830467
1998	11	26	0.44778405
1998	11	27	0.42471071
1998	11	28	0.41111367
1998	11	29	2.45211399
1998	11	30	3.15352810
1998	12	1	2.24220331
1998	12	2	1.48424064
1998	12	3	1.67202594
1998	12	4	1.45477518
1998	12	5	1.08552336
1998	12	6	1.61340734
1998	12	7	1.35536732
1998	12	8	1.01375788
1998	12	9	0.81050873
1998	12	10	0.69668341
1998	12	11	0.66437839
1998	12	12	2.10521692
1998	12	13	2.20266415
1998	12	14	1.63330776
1998	12	15	1.20949851
1998	12	16	0.96253617
1998	12	17	0.83071375
1998	12	18	1.49411099
1998	12	19	1.64837095
1998	12	20	1.41475629
1998	12	21	1.20162886
1998	12	22	0.99888706
1998	12	23	0.86753663
1998	12	24	0.79133508
1998	12	25	0.74977690
1998	12	26	0.72748223
1998	12	27	0.71493106
1998	12	28	0.70728767
1998	12	29	0.70175347
1998	12	30	0.69584819
1998	12	31	0.71295576
1999	1	1	0.70469722
1999	1	2	0.69314762
1999	1	3	0.68298505
1999	1	4	0.67375781
1999	1	5	0.66529570
1999	1	6	0.66596705
1999	1	7	0.68234493
1999	1	8	0.68298488
1999	1	9	0.66049366
1999	1	10	0.63994794
1999	1	11	0.62408672
1999	1	12	0.61091956
1999	1	13	0.59906659
1999	1	14	0.58779548
1999	1	15	0.57696290
1999	1	16	0.56643170
1999	1	17	0.56195386
1999	1	18	0.55332235
1999	1	19	0.54012592
1999	1	20	0.52638313
1999	1	21	0.51759587
1999	1	22	0.90918007
1999	1	23	0.95541343
1999	1	24	0.78397627
1999	1	25	0.64386131
1999	1	26	0.55807374
1999	1	27	0.50424061
1999	1	28	0.79829046
1999	1	29	1.04569922
1999	1	30	1.87297072
1999	1	31	1.88262964
1999	2	1	1.34637730
1999	2	2	0.94509148
1999	2	3	0.71031937
1999	2	4	0.57296406
1999	2	5	0.51217838
1999	2	6	4.49348076
1999	2	7	6.23310270
1999	2	8	4.36991264
1999	2	9	2.77840306
1999	2	10	1.87384176
1999	2	11	1.85229065
1999	2	12	1.70691660
1999	2	13	1.33036192
1999	2	14	1.06942697
1999	2	15	0.93876594
1999	2	16	0.85755750
1999	2	17	0.83421637
1999	2	18	0.85833065
1999	2	19	0.83845474
1999	2	20	0.79771823
1999	2	21	0.76795736
1999	2	22	0.74798184
1999	2	23	0.73286476
1999	2	24	0.72125050
1999	2	25	0.71115367
1999	2	26	0.70040715
1999	2	27	0.68828293
1999	2	28	0.67507298
1999	3	1	0.66603596
1999	3	2	0.74591062
1999	3	3	0.73800096
1999	3	4	0.68989396
1999	3	5	0.69633143
1999	3	6	0.66062004
1999	3	7	1.38633486
1999	3	8	3.41335008
1999	3	9	3.61411492
1999	3	10	2.52238969
1999	3	11	1.88886169
1999	3	12	4.75739898
1999	3	13	5.89967100
1999	3	14	4.21359578
1999	3	15	3.06586174
1999	3	16	3.17929251
1999	3	17	2.48974863
1999	3	18	1.85802146
1999	3	19	2.59219612
1999	3	20	3.04415512
1999	3	21	2.52049345
1999	3	22	1.93262780
1999	3	23	1.56697467
1999	3	24	1.34884403
1999	3	25	1.22008152
1999	3	26	1.14418281
1999	3	27	1.09794980
1999	3	28	1.51255631
1999	3	29	1.45524621
1999	3	30	1.26841009
1999	3	31	1.13444747
1999	4	1	1.04647194
1999	4	2	2.01868210
1999	4	3	4.06524568
1999	4	4	3.98713921
1999	4	5	2.98447687
1999	4	6	2.19615231
1999	4	7	1.67205316
1999	4	8	1.81065682
1999	4	9	1.53115069
1999	4	10	1.26091618
1999	4	11	1.09338542
1999	4	12	0.98883000
1999	4	13	2.06276562
1999	4	14	2.78938562
1999	4	15	2.16734014
1999	4	16	1.58547198
1999	4	17	1.24085355
1999	4	18	1.03542630
1999	4	19	0.90953475
1999	4	20	0.82770156
1999	4	21	0.82455234
1999	4	22	1.67960930
1999	4	23	1.91059948
1999	4	24	1.74704188
1999	4	25	3.84147464
1999	4	26	5.18180705
1999	4	27	3.77507135
1999	4	28	2.51732941
1999	4	29	1.77911700
1999	4	30	1.34895810
1999	5	1	1.09588922
1999	5	2	0.94255437
1999	5	3	2.55372432
1999	5	4	5.64514056
1999	5	5	5.33380042
1999	5	6	3.64849714
1999	5	7	2.45692052
1999	5	8	1.76263849
1999	5	9	1.39308710
1999	5	10	4.87883137
1999	5	11	9.11597275
1999	5	12	7.99179887
1999	5	13	5.40255049
1999	5	14	3.66901973
1999	5	15	2.65648356
1999	5	16	2.38838218
1999	5	17	2.80702604
1999	5	18	2.35674462
1999	5	19	1.89445420
1999	5	20	2.36825068
1999	5	21	2.30420819
1999	5	22	4.14425281
1999	5	23	4.29679065
1999	5	24	3.19588865
1999	5	25	2.67976447
1999	5	26	2.14187000
1999	5	27	1.74523247
1999	5	28	1.49853229
1999	5	29	1.64735535
1999	5	30	1.51465792
1999	5	31	2.23465916
1999	6	1	1.96383910
1999	6	2	1.57150142
1999	6	3	1.31327302
1999	6	4	1.14924634
1999	6	5	1.04039513
1999	6	6	0.96211621
1999	6	7	0.90531191
1999	6	8	0.85742637
1999	6	9	0.81533283
1999	6	10	3.47679763
1999	6	11	4.76952285
1999	6	12	3.46627879
1999	6	13	4.62123277
1999	6	14	3.90867200
1999	6	15	2.66159080
1999	6	16	3.60288738
1999	6	17	3.10105071
1999	6	18	2.17380645
1999	6	19	2.99801271
1999	6	20	2.75125835
1999	6	21	1.97971935
1999	6	22	1.64306048
1999	6	23	2.40863314
1999	6	24	5.41605152
1999	6	25	7.16306853
1999	6	26	5.44271300
1999	6	27	3.64613696
1999	6	28	3.49875652
1999	6	29	7.30270477
1999	6	30	9.20463333
1999	7	1	9.80147010
1999	7	2	8.01582123
1999	7	3	5.65347277
1999	7	4	4.06581833
1999	7	5	3.11336131
1999	7	6	2.77576401
1999	7	7	2.36844495
1999	7	8	2.05650136
1999	7	9	1.87435095
1999	7	10	1.88647524
1999	7	11	1.80820133
1999	7	12	1.64660083
1999	7	13	1.51268466
1999	7	14	1.41589080
1999	7	15	1.33988601
1999	7	16	1.27481020
1999	7	17	1.21661504
1999	7	18	1.16282795
1999	7	19	1.11330935
1999	7	20	1.06639289
1999	7	21	1.02141068
1999	7	22	0.97823894
1999	7	23	0.93713130
1999	7	24	0.89791596
1999	7	25	0.86030976
1999	7	26	0.82422329
1999	7	27	0.78960833
1999	7	28	0.75640920
1999	7	29	0.72458580
1999	7	30	0.69407528
1999	7	31	0.66484372
1999	8	1	0.63682727
1999	8	2	0.61431099
1999	8	3	0.58832208
1999	8	4	0.62747971
1999	8	5	0.60755010
1999	8	6	0.55940135
1999	8	7	0.51854738
1999	8	8	0.48663967
1999	8	9	0.46033475
1999	8	10	0.43758034
1999	8	11	0.41719631
1999	8	12	0.53794350
1999	8	13	0.49660998
1999	8	14	0.43342767
1999	8	15	0.38908901
1999	8	16	0.35749403
1999	8	17	0.33367517
1999	8	18	0.31462434
1999	8	19	0.29851714
1999	8	20	0.28431146
1999	8	21	0.27143265
1999	8	22	0.26150421
1999	8	23	0.40782250
1999	8	24	0.39699481
1999	8	25	0.32939382
1999	8	26	0.80966348
1999	8	27	0.69285407
1999	8	28	0.48867838
1999	8	29	0.35952060
1999	8	30	0.28138002
1999	8	31	0.23301415
1999	9	1	0.20205967
1999	9	2	0.18134458
1999	9	3	0.16667625
1999	9	4	1.18051711
1999	9	5	1.51345950
1999	9	6	1.05657684
1999	9	7	1.21246473
1999	9	8	0.94062142
1999	9	9	0.61189579
1999	9	10	0.60685973
1999	9	11	1.33438069
1999	9	12	2.36740515
1999	9	13	1.72697367
1999	9	14	1.05037446
1999	9	15	0.64815121
1999	9	16	0.41173320
1999	9	17	0.27350597
1999	9	18	0.19309568
1999	9	19	0.32776390
1999	9	20	0.46112079
1999	9	21	0.35329407
1999	9	22	0.23794328
1999	9	23	0.16541889
1999	9	24	0.12137454
1999	9	25	0.09680110
1999	9	26	0.08198668
1999	9	27	0.07237705
1999	9	28	0.11515853
1999	9	29	0.10926781
1999	9	30	0.08700310
1999	10	1	0.07165219
1999	10	2	0.06509601
1999	10	3	0.06258167
1999	10	4	0.06390044
1999	10	5	0.05700007
1999	10	6	0.05746580
1999	10	7	0.20520228
1999	10	8	0.18658766
1999	10	9	0.17480836
1999	10	10	0.13373579
1999	10	11	0.09488674
1999	10	12	0.06961142
1999	10	13	0.05442758
1999	10	14	0.04516565
1999	10	15	0.03931747
1999	10	16	0.11675919
1999	10	17	0.10020166
1999	10	18	0.07088872
1999	10	19	0.05238705
1999	10	20	0.04142482
1999	10	21	0.03470373
1999	10	22	0.03051929
1999	10	23	0.02777518
1999	10	24	0.02586338
1999	10	25	0.02445344
1999	10	26	0.02334494
1999	10	27	0.02240910
1999	10	28	0.02147463
1999	10	29	0.04459948
1999	10	30	1.44833625
1999	10	31	2.50222269
1999	11	1	2.49154796
1999	11	2	1.62231757
1999	11	3	0.95312150
1999	11	4	0.56129882
1999	11	5	0.33379038
1999	11	6	0.20167871
1999	11	7	0.12495709
1999	11	8	0.08037021
1999	11	9	0.05446148
1999	11	10	0.03934560
1999	11	11	0.02847392
1999	11	12	0.02177609
1999	11	13	0.01874860
1999	11	14	0.01818326
1999	11	15	0.01804300
1999	11	16	0.01788812
1999	11	17	0.01770823
1999	11	18	0.01758428
1999	11	19	0.01768852
1999	11	20	0.01740089
1999	11	21	0.03459478
1999	11	22	1.33603742
1999	11	23	1.97823894
1999	11	24	1.34556978
1999	11	25	0.78888227
1999	11	26	0.46586684
1999	11	27	0.27854164
1999	11	28	0.16997475
1999	11	29	0.10713378
1999	11	30	0.07082431
1999	12	1	0.04989577
1999	12	2	0.86882507
1999	12	3	1.25959380
1999	12	4	3.54212504
1999	12	5	3.61448539
1999	12	6	2.32861024
1999	12	7	1.37827908
1999	12	8	1.96202946
1999	12	9	3.51950786
1999	12	10	3.21914580
1999	12	11	4.11514591
1999	12	12	4.28841687
1999	12	13	2.98180358
1999	12	14	1.93159483
1999	12	15	1.33384481
1999	12	16	1.00223701
1999	12	17	0.82630459
1999	12	18	0.73777630
1999	12	19	0.69567609
1999	12	20	0.67669503
1999	12	21	0.66946053
1999	12	22	0.67143600
1999	12	23	0.67432817
1999	12	24	0.67878748
1999	12	25	0.68477326
1999	12	26	0.68923569
1999	12	27	0.69143982
1999	12	28	0.69160189
1999	12	29	0.69006842
1999	12	30	0.68687667
1999	12	31	0.68197876
2000	1	1	0.68438924
2000	1	2	3.36713911
2000	1	3	4.25549555
2000	1	4	3.07782900
2000	1	5	2.08991304
2000	1	6	1.52302322
2000	1	7	1.20205409
2000	1	8	1.18147304
2000	1	9	1.05773433
2000	1	10	0.95080391
2000	1	11	0.88006190
2000	1	12	0.83388576
2000	1	13	0.80525115
2000	1	14	0.78182672
2000	1	15	0.76600244
2000	1	16	0.75592698
2000	1	17	0.74658880
2000	1	18	0.73676346
2000	1	19	0.72610741
2000	1	20	0.71458563
2000	1	21	0.70420186
2000	1	22	0.69314276
2000	1	23	0.68065311
2000	1	24	0.66795638
2000	1	25	0.65538761
2000	1	26	0.64588226
2000	1	27	0.63287620
2000	1	28	0.61995190
2000	1	29	0.60759040
2000	1	30	0.59558650
2000	1	31	0.58458961
2000	2	1	0.57777825
2000	2	2	0.57020365
2000	2	3	0.60807120
2000	2	4	0.59581315
2000	2	5	0.56501369
2000	2	6	0.53844158
2000	2	7	0.51850195
2000	2	8	0.50227846
2000	2	9	0.48801657
2000	2	10	0.47474116
2000	2	11	0.46236956
2000	2	12	0.45135045
2000	2	13	0.43861045
2000	2	14	0.42583759
2000	2	15	0.41338927
2000	2	16	1.07657519
2000	2	17	2.51505625
2000	2	18	2.33741021
2000	2	19	1.59315419
2000	2	20	1.07496651
2000	2	21	0.77195924
2000	2	22	0.60185994
2000	2	23	0.49415536
2000	2	24	0.44496729
2000	2	25	1.25248177
2000	2	26	1.37209638
2000	2	27	0.99856828
2000	2	28	0.71004860
2000	2	29	0.53875174
2000	3	1	0.44313426
2000	3	2	1.89972232
2000	3	3	3.17488868
2000	3	4	2.60966906
2000	3	5	1.71336258
2000	3	6	1.13381511
2000	3	7	1.10981628
2000	3	8	0.85788771
2000	3	9	0.64318824
2000	3	10	1.08342638
2000	3	11	1.21776976
2000	3	12	0.91592926
2000	3	13	0.67606993
2000	3	14	0.53458139
2000	3	15	0.45085547
2000	3	16	0.40351064
2000	3	17	0.75954623
2000	3	18	1.23085513
2000	3	19	0.98489491
2000	3	20	0.71166614
2000	3	21	0.57847083
2000	3	22	0.52212361
2000	3	23	0.65384617
2000	3	24	0.58949632
2000	3	25	0.61723566
2000	3	26	0.54466341
2000	3	27	0.50290876
2000	3	28	0.42480206
2000	3	29	0.62707001
2000	3	30	0.54465043
2000	3	31	0.45202104
2000	4	1	0.57183260
2000	4	2	0.49672092
2000	4	3	0.39650263
2000	4	4	0.33189182
2000	4	5	0.29171172
2000	4	6	0.26535385
2000	4	7	0.24750783
2000	4	8	0.23487844
2000	4	9	0.22332712
2000	4	10	1.00352322
2000	4	11	1.51604327
2000	4	12	1.11377818
2000	4	13	0.72543893
2000	4	14	0.49475734
2000	4	15	0.64775826
2000	4	16	0.51259986
2000	4	17	0.36681682
2000	4	18	0.27728407
2000	4	19	0.50542462
2000	4	20	0.41748126
2000	4	21	0.30156371
2000	4	22	0.30431833
2000	4	23	0.25087817
2000	4	24	0.39815392
2000	4	25	0.32055781
2000	4	26	0.25018822
2000	4	27	0.19454987
2000	4	28	0.17141332
2000	4	29	0.14431735
2000	4	30	1.27915591
2000	5	1	1.67351535
2000	5	2	1.14653347
2000	5	3	0.85936106
2000	5	4	0.57787814
2000	5	5	0.82008892
2000	5	6	2.07053676
2000	5	7	2.00700763
2000	5	8	1.30462517
2000	5	9	1.55605806
2000	5	10	1.10309802
2000	5	11	0.67484805
2000	5	12	0.42813404
2000	5	13	0.28062879
2000	5	14	0.19195287
2000	5	15	0.16457157
2000	5	16	0.15336037
2000	5	17	0.25698971
2000	5	18	0.20740939
2000	5	19	0.17696919
2000	5	20	0.13360046
2000	5	21	0.14555932
2000	5	22	0.11872003
2000	5	23	0.09086558
2000	5	24	1.64343740
2000	5	25	1.98057919
2000	5	26	1.77231174
2000	5	27	1.48079902
2000	5	28	0.96378707
2000	5	29	0.58106892
2000	5	30	0.35574818
2000	5	31	0.22436234
2000	6	1	0.14752042
2000	6	2	0.10626587
2000	6	3	0.07976164
2000	6	4	0.46888190
2000	6	5	0.38256720
2000	6	6	0.23873979
2000	6	7	0.15171188
2000	6	8	0.10090679
2000	6	9	0.42895204
2000	6	10	0.84442860
2000	6	11	1.48317403
2000	6	12	1.08059963
2000	6	13	0.66540880
2000	6	14	1.77756731
2000	6	15	1.72986025
2000	6	16	4.42904524
2000	6	17	7.05741729
2000	6	18	5.32765201
2000	6	19	3.23367975
2000	6	20	6.86894951
2000	6	21	9.06965077
2000	6	22	6.59016525
2000	6	23	4.15401067
2000	6	24	4.18018264
2000	6	25	3.78992210
2000	6	26	2.73978981
2000	6	27	3.75587130
2000	6	28	7.23455838
2000	6	29	7.11861863
2000	6	30	5.00822082
2000	7	1	3.46920641
2000	7	2	4.28072415
2000	7	3	3.57512006
2000	7	4	2.67031341
2000	7	5	2.09102189
2000	7	6	1.73400340
2000	7	7	1.50789754
2000	7	8	1.35894600
2000	7	9	1.25128740
2000	7	10	1.16601103
2000	7	11	1.10169300
2000	7	12	1.05076545
2000	7	13	1.00496790
2000	7	14	0.95947008
2000	7	15	0.91921956
2000	7	16	0.88167449
2000	7	17	0.84557302
2000	7	18	0.81081099
2000	7	19	0.79206527
2000	7	20	1.93043437
2000	7	21	2.26945462
2000	7	22	1.73960790
2000	7	23	1.35452354
2000	7	24	1.05163835
2000	7	25	0.84890161
2000	7	26	0.94833029
2000	7	27	0.82620101
2000	7	28	3.03212908
2000	7	29	4.58962301
2000	7	30	3.33994355
2000	7	31	2.14130901
2000	8	1	1.42585179
2000	8	2	1.00336419
2000	8	3	0.75258507
2000	8	4	0.60065962
2000	8	5	0.50623700
2000	8	6	0.44530719
2000	8	7	0.40365201
2000	8	8	0.37395734
2000	8	9	0.34780467
2000	8	10	0.32683077
2000	8	11	0.31263664
2000	8	12	0.30011190
2000	8	13	0.28807023
2000	8	14	0.27647409
2000	8	15	0.26531524
2000	8	16	0.25459998
2000	8	17	0.24429108
2000	8	18	0.23440275
2000	8	19	0.22490599
2000	8	20	0.21578958
2000	8	21	0.20705436
2000	8	22	0.19866847
2000	8	23	0.19353335
2000	8	24	0.18618866
2000	8	25	0.17756289
2000	8	26	0.16962674
2000	8	27	0.16234944
2000	8	28	0.15553775
2000	8	29	0.14912660
2000	8	30	0.14304971
2000	8	31	0.13725888
2000	9	1	0.13175055
2000	9	2	0.12648184
2000	9	3	0.12142323
2000	9	4	0.11656280
2000	9	5	0.11237939
2000	9	6	0.10787217
2000	9	7	0.10344302
2000	9	8	0.09924676
2000	9	9	0.09527827
2000	9	10	0.09150965
2000	9	11	1.08520846
2000	9	12	1.62609921
2000	9	13	1.14324800
2000	9	14	0.69755344
2000	9	15	0.43475636
2000	9	16	0.28099367
2000	9	17	0.19062329
2000	9	18	0.13707787
2000	9	19	0.10498779
2000	9	20	0.08540872
2000	9	21	0.07309413
2000	9	22	2.00983168
2000	9	23	4.90655576
2000	9	24	5.18562630
2000	9	25	3.45478034
2000	9	26	2.05298072
2000	9	27	1.21863822
2000	9	28	0.73460929
2000	9	29	0.45360762
2000	9	30	0.29023329
2000	10	1	0.19507982
2000	10	2	0.13956084
2000	10	3	0.10698714
2000	10	4	0.08688317
2000	10	5	0.32704334
2000	10	6	0.27651952
2000	10	7	0.18848404
2000	10	8	0.13343278
2000	10	9	0.10109037
2000	10	10	0.08192748
2000	10	11	0.07039423
2000	10	12	0.06326162
2000	10	13	0.05896009
2000	10	14	0.06022680
2000	10	15	0.95086385
2000	10	16	1.08799023
2000	10	17	0.72465912
2000	10	18	0.44091802
2000	10	19	0.27579147
2000	10	20	0.18091620
2000	10	21	0.33440874
2000	10	22	0.66626370
2000	10	23	0.51321546
2000	10	24	0.32315030
2000	10	25	0.25295541
2000	10	26	0.72365251
2000	10	27	1.30276804
2000	10	28	0.94632977
2000	10	29	0.68891143
2000	10	30	0.46586090
2000	10	31	0.29807826
2000	11	1	0.29848211
2000	11	2	0.28989642
2000	11	3	0.64135405
2000	11	4	0.74893067
2000	11	5	2.62904929
2000	11	6	3.84098413
2000	11	7	3.11086520
2000	11	8	3.42420690
2000	11	9	2.53079044
2000	11	10	1.56925197
2000	11	11	1.02589467
2000	11	12	1.61731465
2000	11	13	1.48471840
2000	11	14	1.03050928
2000	11	15	0.72626951
2000	11	16	0.55934024
2000	11	17	0.46708076
2000	11	18	0.42057203
2000	11	19	0.40220751
2000	11	20	0.39582816
2000	11	21	0.39816354
2000	11	22	1.02900806
2000	11	23	1.84103962
2000	11	24	3.95320682
2000	11	25	4.02740720
2000	11	26	2.80577128
2000	11	27	1.89311064
2000	11	28	1.37513857
2000	11	29	1.08643012
2000	11	30	0.92749955
2000	12	1	0.84181685
2000	12	2	0.79691767
2000	12	3	0.77453957
2000	12	4	0.76328714
2000	12	5	0.75976653
2000	12	6	0.80332006
2000	12	7	0.80794067
2000	12	8	0.78890531
2000	12	9	0.93619853
2000	12	10	1.05335799
2000	12	11	1.08466903
2000	12	12	0.96517230
2000	12	13	0.86445975
2000	12	14	0.80306362
2000	12	15	0.76435721
2000	12	16	0.84928761
2000	12	17	0.80771989
2000	12	18	0.75713538
2000	12	19	0.72433430
2000	12	20	0.70178526
2000	12	21	0.68479923
2000	12	22	0.67116249
2000	12	23	0.65945868
2000	12	24	0.65062977
2000	12	25	0.64022549
2000	12	26	0.62988023
2000	12	27	0.61986391
2000	12	28	0.60989505
2000	12	29	0.60026123
2000	12	30	0.59068566
2000	12	31	0.58116160
2001	1	1	0.57164513
2001	1	2	0.56217920
2001	1	3	0.55273165
2001	1	4	0.54335716
2001	1	5	0.57129558
2001	1	6	0.57832546
2001	1	7	0.60340295
2001	1	8	0.57875621
2001	1	9	0.54711458
2001	1	10	0.71935828
2001	1	11	1.13295492
2001	1	12	1.05433313
2001	1	13	1.12317141
2001	1	14	1.06941477
2001	1	15	0.84147222
2001	1	16	0.67396106
2001	1	17	0.59483843
2001	1	18	0.53303736
2001	1	19	0.48822738
2001	1	20	0.45736988
2001	1	21	0.43680038
2001	1	22	0.42256089
2001	1	23	0.41173145
2001	1	24	0.40371611
2001	1	25	0.40297036
2001	1	26	0.40023130
2001	1	27	0.55531053
2001	1	28	2.91304282
2001	1	29	4.25146040
2001	1	30	3.15089219
2001	1	31	2.04467798
2001	2	1	1.38209308
2001	2	2	1.00563666
2001	2	3	0.79395654
2001	2	4	0.67674536
2001	2	5	0.61308695
2001	2	6	0.57922764
2001	2	7	0.56131603
2001	2	8	1.81052723
2001	2	9	2.03399757
2001	2	10	1.51969537
2001	2	11	1.11768503
2001	2	12	1.23667177
2001	2	13	2.51035929
2001	2	14	5.59507781
2001	2	15	6.48641610
2001	2	16	4.88195647
2001	2	17	3.30858930
2001	2	18	2.37248446
2001	2	19	1.84894335
2001	2	20	1.56466217
2001	2	21	1.41665981
2001	2	22	1.38508874
2001	2	23	5.52653361
2001	2	24	10.89827525
2001	2	25	9.69796927
2001	2	26	6.97359449
2001	2	27	4.95043323
2001	2	28	3.73200570
2001	3	1	3.02579483
2001	3	2	2.61088295
2001	3	3	2.36187187
2001	3	4	2.20570714
2001	3	5	2.10138074
2001	3	6	2.02526266
2001	3	7	1.95819758
2001	3	8	1.89690360
2001	3	9	1.84845263
2001	3	10	1.80838622
2001	3	11	2.58058754
2001	3	12	2.41566405
2001	3	13	2.08787456
2001	3	14	2.33659129
2001	3	15	2.63385193
2001	3	16	2.75421089
2001	3	17	2.30300710
2001	3	18	1.92569416
2001	3	19	1.69196621
2001	3	20	1.54121096
2001	3	21	1.43831153
2001	3	22	1.36248088
2001	3	23	1.30070596
2001	3	24	1.24893205
2001	3	25	1.20255156
2001	3	26	1.15911870
2001	3	27	1.11846137
2001	3	28	1.08100937
2001	3	29	1.04526503
2001	3	30	1.01052465
2001	3	31	0.97558520
2001	4	1	0.94112736
2001	4	2	0.91415530
2001	4	3	0.87989819
2001	4	4	0.84538023
2001	4	5	0.81221181
2001	4	6	0.78012170
2001	4	7	0.74910624
2001	4	8	0.71913278
2001	4	9	0.69015273
2001	4	10	0.97430944
2001	4	11	1.43301211
2001	4	12	1.20992086
2001	4	13	0.94013186
2001	4	14	1.67969237
2001	4	15	1.61094749
2001	4	16	1.18925347
2001	4	17	0.88672000
2001	4	18	0.70323870
2001	4	19	0.71378204
2001	4	20	0.61782584
2001	4	21	0.52643173
2001	4	22	1.08009419
2001	4	23	0.92829926
2001	4	24	0.69252040
2001	4	25	0.54380251
2001	4	26	0.45038413
2001	4	27	0.39137133
2001	4	28	0.35233922
2001	4	29	0.32463361
2001	4	30	0.30362296
2001	5	1	0.28648295
2001	5	2	0.27212222
2001	5	3	0.25946485
2001	5	4	0.25001893
2001	5	5	0.24704625
2001	5	6	1.39314226
2001	5	7	1.41234015
2001	5	8	0.96283528
2001	5	9	0.63792964
2001	5	10	0.51280186
2001	5	11	0.93940000
2001	5	12	0.84794845
2001	5	13	0.58715726
2001	5	14	0.40504530
2001	5	15	0.29668530
2001	5	16	0.23126605
2001	5	17	1.62204736
2001	5	18	2.22364116
2001	5	19	1.55297186
2001	5	20	2.85696133
2001	5	21	2.85498327
2001	5	22	1.87673195
2001	5	23	1.21140307
2001	5	24	0.76754073
2001	5	25	0.49218423
2001	5	26	0.33041339
2001	5	27	0.31595722
2001	5	28	0.27643368
2001	5	29	2.05291210
2001	5	30	3.12022228
2001	5	31	2.18218689
2001	6	1	1.84466646
2001	6	2	1.29174128
2001	6	3	0.80820377
2001	6	4	0.50883689
2001	6	5	0.33404664
2001	6	6	0.23129216
2001	6	7	0.17041052
2001	6	8	0.13438315
2001	6	9	0.11198978
2001	6	10	0.09486141
2001	6	11	0.08361425
2001	6	12	0.07821607
2001	6	13	0.07366735
2001	6	14	2.59439422
2001	6	15	3.35389762
2001	6	16	2.24393765
2001	6	17	1.32909816
2001	6	18	0.79703533
2001	6	19	0.48730910
2001	6	20	1.85016010
2001	6	21	2.13577679
2001	6	22	1.41921943
2001	6	23	0.84766472
2001	6	24	0.51405337
2001	6	25	0.31973253
2001	6	26	0.42135817
2001	6	27	0.33818664
2001	6	28	0.39424381
2001	6	29	0.28830163
2001	6	30	0.18803050
2001	7	1	0.12696662
2001	7	2	0.08860786
2001	7	3	0.06649674
2001	7	4	0.06041254
2001	7	5	0.24985939
2001	7	6	0.23040871
2001	7	7	0.15362626
2001	7	8	0.10285388
2001	7	9	0.07308255
2001	7	10	0.05517265
2001	7	11	0.04452130
2001	7	12	0.89249244
2001	7	13	0.74732690
2001	7	14	0.45575137
2001	7	15	0.30241534
2001	7	16	1.39951940
2001	7	17	1.26769596
2001	7	18	0.78888689
2001	7	19	0.46773992
2001	7	20	0.28093866
2001	7	21	0.17217493
2001	7	22	0.10871914
2001	7	23	0.07159311
2001	7	24	0.04868132
2001	7	25	0.30692769
2001	7	26	0.28323229
2001	7	27	0.85354426
2001	7	28	2.53953054
2001	7	29	2.46403097
2001	7	30	1.56368755
2001	7	31	0.91520276
2001	8	1	0.53853653
2001	8	2	0.31968594
2001	8	3	0.19246874
2001	8	4	0.11844700
2001	8	5	0.07531140
2001	8	6	0.05177503
2001	8	7	0.12702264
2001	8	8	0.14051782
2001	8	9	0.12202004
2001	8	10	0.08946186
2001	8	11	0.34297881
2001	8	12	0.31492050
2001	8	13	0.19742758
2001	8	14	0.11997856
2001	8	15	0.47033194
2001	8	16	0.38062951
2001	8	17	0.23131008
2001	8	18	0.13972515
2001	8	19	0.08617125
2001	8	20	0.05491024
2001	8	21	0.03656610
2001	8	22	0.02570002
2001	8	23	0.01888261
2001	8	24	0.03627651
2001	8	25	0.08158904
2001	8	26	0.07897351
2001	8	27	0.05378505
2001	8	28	0.03498737
2001	8	29	0.79761532
2001	8	30	0.66638674
2001	8	31	0.40143796
2001	9	1	0.23735112
2001	9	2	0.14150840
2001	9	3	0.08564903
2001	9	4	0.05314362
2001	9	5	0.03439247
2001	9	6	0.02328932
2001	9	7	0.90141430
2001	9	8	3.40707421
2001	9	9	3.73726417
2001	9	10	2.42868561
2001	9	11	1.41460430
2001	9	12	0.82629812
2001	9	13	0.48491941
2001	9	14	0.28685336
2001	9	15	0.17197565
2001	9	16	0.36181186
2001	9	17	2.81801621
2001	9	18	3.69134409
2001	9	19	2.49688169
2001	9	20	1.46341348
2001	9	21	0.86076673
2001	9	22	0.51338602
2001	9	23	0.31253610
2001	9	24	0.19628149
2001	9	25	0.12901496
2001	9	26	0.09013493
2001	9	27	0.06770210
2001	9	28	0.05436420
2001	9	29	0.04314500
2001	9	30	0.03735572
2001	10	1	0.03637781
2001	10	2	0.03618890
2001	10	3	0.03592198
2001	10	4	0.28252917
2001	10	5	1.50152131
2001	10	6	1.53400606
2001	10	7	0.98684176
2001	10	8	0.58753218
2001	10	9	0.97943346
2001	10	10	4.30252812
2001	10	11	6.33821797
2001	10	12	5.51651970
2001	10	13	3.54251053
2001	10	14	2.14176318
2001	10	15	1.32985135
2001	10	16	0.86749902
2001	10	17	0.60488744
2001	10	18	0.45951859
2001	10	19	0.38055972
2001	10	20	0.33808286
2001	10	21	0.31450425
2001	10	22	0.33407888
2001	10	23	0.32661505
2001	10	24	0.34775031
2001	10	25	0.33028842
2001	10	26	0.31166009
2001	10	27	0.29983401
2001	10	28	0.29172431
2001	10	29	0.28552557
2001	10	30	0.28014079
2001	10	31	0.27492096
2001	11	1	0.28716043
2001	11	2	0.96157761
2001	11	3	1.50689940
2001	11	4	1.12277728
2001	11	5	0.75563655
2001	11	6	0.54113340
2001	11	7	0.41495990
2001	11	8	0.66184404
2001	11	9	0.57408507
2001	11	10	0.43486604
2001	11	11	0.34667565
2001	11	12	0.29374442
2001	11	13	0.26114388
2001	11	14	0.23930635
2001	11	15	0.22441160
2001	11	16	0.21476744
2001	11	17	0.20969383
2001	11	18	2.23278903
2001	11	19	3.02360316
2001	11	20	2.14427151
2001	11	21	1.33969160
2001	11	22	0.86330390
2001	11	23	1.15886141
2001	11	24	0.92072124
2001	11	25	0.63501108
2001	11	26	0.46027207
2001	11	27	1.10781032
2001	11	28	1.33766842
2001	11	29	0.96617794
2001	11	30	1.06022306
2001	12	1	1.00241101
2001	12	2	1.24246521
2001	12	3	0.95206731
2001	12	4	0.67008178
2001	12	5	0.67440232
2001	12	6	0.55320016
2001	12	7	0.44824194
2001	12	8	0.38824375
2001	12	9	0.35370611
2001	12	10	0.33507913
2001	12	11	1.30884164
2001	12	12	2.21023033
2001	12	13	2.26631026
2001	12	14	1.84208554
2001	12	15	4.82864281
2001	12	16	10.81795127
2001	12	17	10.72478351
2001	12	18	7.35030641
2001	12	19	4.87717581
2001	12	20	3.45515309
2001	12	21	2.64279810
2001	12	22	2.18417214
2001	12	23	1.91646303
2001	12	24	1.75881128
2001	12	25	1.66628507
2001	12	26	1.60971982
2001	12	27	1.56682228
2001	12	28	1.52895008
2001	12	29	1.50442311
2001	12	30	1.48615816
2001	12	31	1.46660623
2002	1	1	1.44485783
2002	1	2	1.42142744
2002	1	3	1.39663649
2002	1	4	1.37161579
2002	1	5	1.40109956
2002	1	6	1.39709789
2002	1	7	1.35226628
2002	1	8	1.30006819
2002	1	9	1.25606224
2002	1	10	1.21841331
2002	1	11	1.18424666
2002	1	12	1.15220449
2002	1	13	1.12157184
2002	1	14	1.09184445
2002	1	15	1.06273950
2002	1	16	1.03423046
2002	1	17	1.00768458
2002	1	18	0.98855362
2002	1	19	0.99551036
2002	1	20	0.95948755
2002	1	21	0.92030786
2002	1	22	0.90440497
2002	1	23	2.16663145
2002	1	24	2.72779214
2002	1	25	2.09174422
2002	1	26	1.53610622
2002	1	27	1.20766122
2002	1	28	1.01078740
2002	1	29	1.12244964
2002	1	30	2.86843560
2002	1	31	5.02629419
2002	2	1	4.29178409
2002	2	2	2.93399245
2002	2	3	2.05462330
2002	2	4	1.55322673
2002	2	5	1.54906614
2002	2	6	1.55626785
2002	2	7	1.33638615
2002	2	8	1.16435172
2002	2	9	1.06177334
2002	2	10	0.99944107
2002	2	11	0.95922999
2002	2	12	0.93227912
2002	2	13	0.91661136
2002	2	14	0.90495382
2002	2	15	0.89384217
2002	2	16	0.88227852
2002	2	17	0.86947751
2002	2	18	0.90388079
2002	2	19	2.02965187
2002	2	20	2.08207817
2002	2	21	1.61482269
2002	2	22	1.26826661
2002	2	23	1.06192175
2002	2	24	0.93648045
2002	2	25	0.86680325
2002	2	26	0.81776525
2002	2	27	0.77638485
2002	2	28	0.78508433
2002	3	1	1.74611649
2002	3	2	2.10981077
2002	3	3	1.62707636
2002	3	4	1.22399399
2002	3	5	1.00088529
2002	3	6	0.87487927
2002	3	7	0.78256818
2002	3	8	0.99484634
2002	3	9	1.04447474
2002	3	10	0.89572908
2002	3	11	0.77774266
2002	3	12	0.70909285
2002	3	13	0.65789088
2002	3	14	0.62410158
2002	3	15	1.00029119
2002	3	16	1.17159128
2002	3	17	0.96879315
2002	3	18	2.79238992
2002	3	19	5.57159621
2002	3	20	5.01525091
2002	3	21	3.36075386
2002	3	22	2.23748634
2002	3	23	1.60280751
2002	3	24	2.44462843
2002	3	25	2.66329289
2002	3	26	2.05228413
2002	3	27	1.54418685
2002	3	28	1.25141745
2002	3	29	1.08449203
2002	3	30	0.98254258
2002	3	31	0.91627835
2002	4	1	0.87552833
2002	4	2	0.84682685
2002	4	3	0.82217507
2002	4	4	0.79932169
2002	4	5	0.77600096
2002	4	6	0.75430274
2002	4	7	6.92214895
2002	4	8	9.21480992
2002	4	9	6.48478465
2002	4	10	4.18546154
2002	4	11	2.86461386
2002	4	12	2.18392078
2002	4	13	1.72603350
2002	4	14	1.43471733
2002	4	15	1.25766927
2002	4	16	2.50226504
2002	4	17	2.40154122
2002	4	18	1.85386205
2002	4	19	1.76222734
2002	4	20	1.48212655
2002	4	21	1.23854270
2002	4	22	2.45215990
2002	4	23	2.73514245
2002	4	24	2.08801379
2002	4	25	2.44520316
2002	4	26	2.42626005
2002	4	27	1.85852212
2002	4	28	1.41907463
2002	4	29	1.15083586
2002	4	30	0.98662681
2002	5	1	1.38863590
2002	5	2	1.22435450
2002	5	3	1.19951719
2002	5	4	1.02025933
2002	5	5	0.97935696
2002	5	6	0.85840217
2002	5	7	1.24378113
2002	5	8	2.16243605
2002	5	9	2.13267237
2002	5	10	1.55796751
2002	5	11	1.17416317
2002	5	12	3.32927657
2002	5	13	3.52982757
2002	5	14	2.45251977
2002	5	15	1.93264941
2002	5	16	3.14819787
2002	5	17	4.69372954
2002	5	18	3.46562688
2002	5	19	2.27944627
2002	5	20	1.58174160
2002	5	21	1.17319338
2002	5	22	0.93874270
2002	5	23	0.96318183
2002	5	24	1.26732487
2002	5	25	1.07180474
2002	5	26	0.93644462
2002	5	27	1.57813786
2002	5	28	5.33704522
2002	5	29	5.77893172
2002	5	30	3.96473266
2002	5	31	2.59343912
2002	6	1	1.79822884
2002	6	2	1.32973237
2002	6	3	1.06823890
2002	6	4	2.28289017
2002	6	5	2.97328906
2002	6	6	2.23484029
2002	6	7	1.55819844
2002	6	8	1.49685998
2002	6	9	1.23391447
2002	6	10	0.97744160
2002	6	11	1.30722123
2002	6	12	3.32773532
2002	6	13	3.48147568
2002	6	14	2.43051184
2002	6	15	1.62955164
2002	6	16	1.15636487
2002	6	17	0.87492603
2002	6	18	0.70626912
2002	6	19	0.60158406
2002	6	20	0.53315172
2002	6	21	0.48678450
2002	6	22	0.45323627
2002	6	23	0.42645505
2002	6	24	0.40260931
2002	6	25	0.48742063
2002	6	26	0.49389591
2002	6	27	0.43936260
2002	6	28	0.39060110
2002	6	29	0.36217341
2002	6	30	0.34021014
2002	7	1	0.31757338
2002	7	2	0.59987985
2002	7	3	1.65637058
2002	7	4	2.37060060
2002	7	5	1.90219762
2002	7	6	1.25481856
2002	7	7	0.82568120
2002	7	8	0.57038624
2002	7	9	0.41799438
2002	7	10	0.52925887
2002	7	11	0.45256737
2002	7	12	0.52728857
2002	7	13	0.44081392
2002	7	14	0.33278753
2002	7	15	0.26123466
2002	7	16	0.21602264
2002	7	17	0.25170503
2002	7	18	1.38999246
2002	7	19	1.32374433
2002	7	20	0.90066811
2002	7	21	0.58426266
2002	7	22	0.92671928
2002	7	23	0.71326255
2002	7	24	0.46857831
2002	7	25	0.31813245
2002	7	26	0.22903411
2002	7	27	0.17558485
2002	7	28	0.57395355
2002	7	29	0.48421261
2002	7	30	0.32359170
2002	7	31	0.22359325
2002	8	1	0.16463792
2002	8	2	0.12940251
2002	8	3	0.10682130
2002	8	4	0.09287280
2002	8	5	0.08370398
2002	8	6	0.07783551
2002	8	7	0.07322792
2002	8	8	0.06907834
2002	8	9	0.06491278
2002	8	10	0.10482922
2002	8	11	0.09879577
2002	8	12	0.09077703
2002	8	13	2.89097689
2002	8	14	4.32726417
2002	8	15	2.97538381
2002	8	16	1.75131383
2002	8	17	1.05067067
2002	8	18	0.64312295
2002	8	19	0.39703399
2002	8	20	0.25241943
2002	8	21	0.16804959
2002	8	22	0.11858841
2002	8	23	0.09578929
2002	8	24	0.40814230
2002	8	25	0.34309962
2002	8	26	0.21899522
2002	8	27	0.14540237
2002	8	28	0.10286349
2002	8	29	0.07768859
2002	8	30	0.06261883
2002	8	31	0.05342760
2002	9	1	0.04765442
2002	9	2	0.04384621
2002	9	3	0.04123437
2002	9	4	0.03927902
2002	9	5	0.03742687
2002	9	6	0.03627314
2002	9	7	0.03524981
2002	9	8	0.03424399
2002	9	9	0.03330194
2002	9	10	0.03236735
2002	9	11	0.03149044
2002	9	12	0.03065160
2002	9	13	0.05243761
2002	9	14	0.04857521
2002	9	15	0.04154160
2002	9	16	0.05152937
2002	9	17	0.07903891
2002	9	18	0.38688409
2002	9	19	0.53166318
2002	9	20	0.41684600
2002	9	21	0.26101528
2002	9	22	0.16101487
2002	9	23	0.10272152
2002	9	24	0.06864012
2002	9	25	0.04856217
2002	9	26	0.03673719
2002	9	27	0.02964016
2002	9	28	0.02529086
2002	9	29	0.02252394
2002	9	30	0.02030450
2002	10	1	0.01886242
2002	10	2	0.01814238
2002	10	3	0.02615211
2002	10	4	0.02475240
2002	10	5	0.02137187
2002	10	6	0.06275604
2002	10	7	0.05747669
2002	10	8	0.08316865
2002	10	9	0.09538635
2002	10	10	0.10934478
2002	10	11	0.07788021
2002	10	12	0.05266564
2002	10	13	0.03725981
2002	10	14	0.02735090
2002	10	15	0.02128190
2002	10	16	0.12595637
2002	10	17	0.15240648
2002	10	18	0.11435750
2002	10	19	0.38961131
2002	10	20	0.30965480
2002	10	21	0.21516235
2002	10	22	0.13525162
2002	10	23	0.11379747
2002	10	24	0.35903803
2002	10	25	0.48408417
2002	10	26	0.33172559
2002	10	27	0.66419550
2002	10	28	1.71663069
2002	10	29	1.87894581
2002	10	30	1.22655907
2002	10	31	0.71850122
2002	11	1	0.42445667
2002	11	2	0.91815653
2002	11	3	0.98868630
2002	11	4	0.82799321
2002	11	5	0.57825663
2002	11	6	0.35819929
2002	11	7	0.21464960
2002	11	8	0.12977341
2002	11	9	0.07947233
2002	11	10	0.05110322
2002	11	11	0.03589217
2002	11	12	0.02741295
2002	11	13	0.02494482
2002	11	14	0.16498425
2002	11	15	0.13756543
2002	11	16	0.08800616
2002	11	17	0.05820068
2002	11	18	0.04112117
2002	11	19	0.03132866
2002	11	20	0.02571912
2002	11	21	0.02253187
2002	11	22	0.02073676
2002	11	23	0.01973753
2002	11	24	0.01921191
2002	11	25	0.01891060
2002	11	26	0.01858342
2002	11	27	0.01855177
2002	11	28	0.01861958
2002	11	29	0.01866506
2002	11	30	0.01872460
2002	12	1	0.01875850
2002	12	2	0.01945871
2002	12	3	1.86131223
2002	12	4	1.68674676
2002	12	5	1.02696948
2002	12	6	0.60531358
2002	12	7	0.39040531
2002	12	8	0.25847885
2002	12	9	0.17234013
2002	12	10	0.11198597
2002	12	11	0.07598943
2002	12	12	1.28997100
2002	12	13	2.13876446
2002	12	14	1.55920209
2002	12	15	0.93356741
2002	12	16	0.55909315
2002	12	17	0.58775253
2002	12	18	0.81691478
2002	12	19	0.64643487
2002	12	20	0.41394189
2002	12	21	0.26768071
2002	12	22	0.19391867
2002	12	23	0.97745504
2002	12	24	0.87209424
2002	12	25	0.55909942
2002	12	26	0.36680879
2002	12	27	0.27447957
2002	12	28	0.25946600
2002	12	29	0.26881340
2002	12	30	1.91927329
2002	12	31	2.06022779
2003	1	1	1.37896193
2003	1	2	0.88448015
2003	1	3	0.59060068
2003	1	4	0.42093213
2003	1	5	0.32836740
2003	1	6	0.27945254
2003	1	7	0.25508426
2003	1	8	0.24457331
2003	1	9	0.24148462
2003	1	10	0.24212086
2003	1	11	0.24220732
2003	1	12	0.24545250
2003	1	13	0.25026344
2003	1	14	0.25504981
2003	1	15	0.40645451
2003	1	16	0.44386554
2003	1	17	0.38432995
2003	1	18	0.33705522
2003	1	19	0.31035305
2003	1	20	0.29541248
2003	1	21	0.28694384
2003	1	22	0.28184059
2003	1	23	0.27871583
2003	1	24	0.27672166
2003	1	25	0.27529926
2003	1	26	0.27417555
2003	1	27	0.27292384
2003	1	28	0.27690014
2003	1	29	0.28472702
2003	1	30	0.28124241
2003	1	31	0.27904005
2003	2	1	0.27641433
2003	2	2	0.27001011
2003	2	3	0.26406608
2003	2	4	0.25881597
2003	2	5	0.42803926
2003	2	6	0.46402144
2003	2	7	0.38592072
2003	2	8	0.32294300
2003	2	9	0.44672743
2003	2	10	0.51172785
2003	2	11	0.63338590
2003	2	12	0.53168937
2003	2	13	0.99659940
2003	2	14	1.31676117
2003	2	15	0.96246812
2003	2	16	0.67940271
2003	2	17	0.48743440
2003	2	18	1.45337625
2003	2	19	1.75940196
2003	2	20	1.27648195
2003	2	21	2.25596996
2003	2	22	2.17307154
2003	2	23	2.32330184
2003	2	24	1.64492993
2003	2	25	1.08385960
2003	2	26	0.76702693
2003	2	27	0.59173471
2003	2	28	0.51665195
2003	3	1	0.49092323
2003	3	2	0.46441307
2003	3	3	0.44820617
2003	3	4	0.43935840
2003	3	5	0.42987353
2003	3	6	0.42537098
2003	3	7	0.42348578
2003	3	8	0.42377439
2003	3	9	0.42303866
2003	3	10	0.42064664
2003	3	11	0.41735075
2003	3	12	0.76347989
2003	3	13	0.70931083
2003	3	14	0.58537401
2003	3	15	0.50296716
2003	3	16	0.45157560
2003	3	17	0.41766318
2003	3	18	2.05588366
2003	3	19	3.00109532
2003	3	20	2.45546215
2003	3	21	1.64279051
2003	3	22	1.10592323
2003	3	23	0.79180623
2003	3	24	0.62607341
2003	3	25	0.51486204
2003	3	26	0.44282802
2003	3	27	1.04560035
2003	3	28	1.17418019
2003	3	29	0.96215108
2003	3	30	0.70676678
2003	3	31	0.53973277
2003	4	1	0.44216258
2003	4	2	0.38341178
2003	4	3	0.34610721
2003	4	4	0.32119813
2003	4	5	0.33490678
2003	4	6	1.35174040
2003	4	7	1.49259083
2003	4	8	1.05540039
2003	4	9	0.71770042
2003	4	10	0.51983520
2003	4	11	0.40277450
2003	4	12	0.33203277
2003	4	13	0.28785194
2003	4	14	0.26213777
2003	4	15	0.46930002
2003	4	16	0.43477688
2003	4	17	0.34415077
2003	4	18	0.28026944
2003	4	19	0.69432848
2003	4	20	0.63817798
2003	4	21	0.45952178
2003	4	22	0.34133682
2003	4	23	1.47223637
2003	4	24	1.64319079
2003	4	25	1.11713713
2003	4	26	0.70827830
2003	4	27	0.57342618
2003	4	28	0.41292575
2003	4	29	0.29725428
2003	4	30	0.87124897
2003	5	1	1.67410338
2003	5	2	1.23980079
2003	5	3	0.78463162
2003	5	4	0.50496240
2003	5	5	0.76317405
2003	5	6	0.58353906
2003	5	7	0.84107400
2003	5	8	0.63149847
2003	5	9	0.40832477
2003	5	10	0.28742252
2003	5	11	0.23270657
2003	5	12	0.17950684
2003	5	13	2.98718865
2003	5	14	3.85857089
2003	5	15	3.87650552
2003	5	16	4.77017196
2003	5	17	3.74781034
2003	5	18	2.34747216
2003	5	19	3.89571849
2003	5	20	3.37716433
2003	5	21	2.18501166
2003	5	22	1.39960442
2003	5	23	0.96449719
2003	5	24	1.92361060
2003	5	25	1.63147351
2003	5	26	1.11941705
2003	5	27	0.78831479
2003	5	28	0.59386329
2003	5	29	0.48047158
2003	5	30	0.41225565
2003	5	31	0.36502714
2003	6	1	1.50032307
2003	6	2	2.09147363
2003	6	3	1.52832482
2003	6	4	1.00628777
2003	6	5	0.76445376
2003	6	6	0.56889912
2003	6	7	0.43585587
2003	6	8	0.35405784
2003	6	9	0.30287295
2003	6	10	2.07642601
2003	6	11	3.21407967
2003	6	12	2.29650667
2003	6	13	1.42575696
2003	6	14	0.91237672
2003	6	15	0.61299730
2003	6	16	0.43675181
2003	6	17	0.36964541
2003	6	18	0.30284623
2003	6	19	0.24969295
2003	6	20	0.21539183
2003	6	21	0.19292954
2003	6	22	0.17470654
2003	6	23	0.16148652
2003	6	24	0.15372466
2003	6	25	0.92662956
2003	6	26	0.81598222
2003	6	27	0.54405044
2003	6	28	0.36761751
2003	6	29	0.26309342
2003	6	30	0.22784965
2003	7	1	0.19330363
2003	7	2	0.17517455
2003	7	3	0.14771012
2003	7	4	0.12652880
2003	7	5	0.11257667
2003	7	6	0.10294224
2003	7	7	0.09474297
2003	7	8	0.09401631
2003	7	9	0.42893990
2003	7	10	0.43741097
2003	7	11	0.77412608
2003	7	12	0.96717582
2003	7	13	1.83755277
2003	7	14	1.47520402
2003	7	15	0.91856597
2003	7	16	0.55900437
2003	7	17	0.34925591
2003	7	18	0.22656773
2003	7	19	0.15446543
2003	7	20	0.11177392
2003	7	21	1.15984070
2003	7	22	1.03985076
2003	7	23	0.65701014
2003	7	24	0.39999431
2003	7	25	0.24885692
2003	7	26	0.16172071
2003	7	27	0.11098568
2003	7	28	0.08098994
2003	7	29	0.06298011
2003	7	30	0.05196188
2003	7	31	0.04571008
2003	8	1	0.04105838
2003	8	2	0.17848829
2003	8	3	0.14985561
2003	8	4	0.33651597
2003	8	5	0.32843922
2003	8	6	0.22286958
2003	8	7	0.14109080
2003	8	8	0.09314899
2003	8	9	0.06495031
2003	8	10	0.04818341
2003	8	11	0.04475261
2003	8	12	0.04510023
2003	8	13	0.04011189
2003	8	14	0.03359365
2003	8	15	0.02852868
2003	8	16	0.02481792
2003	8	17	0.02255610
2003	8	18	0.02112074
2003	8	19	0.02009318
2003	8	20	0.01923657
2003	8	21	0.01850099
2003	8	22	0.01786334
2003	8	23	0.01726010
2003	8	24	0.01670404
2003	8	25	0.01618132
2003	8	26	0.01569451
2003	8	27	0.15519211
2003	8	28	0.14225987
2003	8	29	1.73893195
2003	8	30	2.30218141
2003	8	31	1.60574947
2003	9	1	3.14951714
2003	9	2	3.09735907
2003	9	3	1.97987292
2003	9	4	1.15792776
2003	9	5	0.67994707
2003	9	6	0.40258562
2003	9	7	0.24168052
2003	9	8	0.14813094
2003	9	9	0.09399460
2003	9	10	0.07865924
2003	9	11	0.85989994
2003	9	12	1.84042179
2003	9	13	1.58037812
2003	9	14	0.98396693
2003	9	15	0.58016308
2003	9	16	0.34574621
2003	9	17	0.20976601
2003	9	18	0.13095194
2003	9	19	0.08502350
2003	9	20	0.07283767
2003	9	21	0.11032256
2003	9	22	0.13860943
2003	9	23	0.09787096
2003	9	24	0.06335760
2003	9	25	0.04440466
2003	9	26	0.06719946
2003	9	27	0.05601311
2003	9	28	0.04092019
2003	9	29	0.03170974
2003	9	30	0.05447387
2003	10	1	0.06824323
2003	10	2	0.05470451
2003	10	3	0.23937314
2003	10	4	0.29736420
2003	10	5	0.21996857
2003	10	6	0.16447700
2003	10	7	0.11503489
2003	10	8	0.81493578
2003	10	9	1.52509545
2003	10	10	1.17159306
2003	10	11	0.70966022
2003	10	12	0.41965640
2003	10	13	0.74877957
2003	10	14	0.58239578
2003	10	15	0.36612633
2003	10	16	0.69196615
2003	10	17	0.53884686
2003	10	18	0.32767587
2003	10	19	0.19690532
2003	10	20	0.11991573
2003	10	21	0.07475269
2003	10	22	0.04965313
2003	10	23	0.03541766
2003	10	24	0.02715229
2003	10	25	0.02226053
2003	10	26	0.01985538
2003	10	27	0.01810536
2003	10	28	0.01621140
2003	10	29	0.01558720
2003	10	30	0.01852866
2003	10	31	0.19860894
2003	11	1	0.20520680
2003	11	2	0.13516129
2003	11	3	0.09754346
2003	11	4	1.10687909
2003	11	5	1.98419889
2003	11	6	1.66013404
2003	11	7	1.04790881
2003	11	8	0.62100889
2003	11	9	0.36798344
2003	11	10	0.22142328
2003	11	11	0.13764986
2003	11	12	0.08865026
2003	11	13	0.19761913
2003	11	14	0.59678224
2003	11	15	0.62558022
2003	11	16	0.47066792
2003	11	17	1.92376552
2003	11	18	2.77230949
2003	11	19	1.98046593
2003	11	20	1.18441351
2003	11	21	0.70935003
2003	11	22	1.29895851
2003	11	23	1.39262425
2003	11	24	0.96327153
2003	11	25	0.60013265
2003	11	26	0.38687178
2003	11	27	0.34364624
2003	11	28	0.29387675
2003	11	29	0.22454427
2003	11	30	0.18039041
2003	12	1	0.15933825
2003	12	2	0.80786085
2003	12	3	1.02451400
2003	12	4	0.73486276
2003	12	5	0.49198846
2003	12	6	0.35469383
2003	12	7	0.27806809
2003	12	8	0.29358219
2003	12	9	1.70197154
2003	12	10	1.76009831
2003	12	11	1.19292084
2003	12	12	1.21743482
2003	12	13	1.31971228
2003	12	14	0.96528774
2003	12	15	0.85774383
2003	12	16	0.86478731
2003	12	17	0.67315094
2003	12	18	0.52407549
2003	12	19	0.44240952
2003	12	20	0.39924567
2003	12	21	0.37582919
2003	12	22	0.67830855
2003	12	23	0.64305213
2003	12	24	0.53804294
2003	12	25	0.46791410
2003	12	26	0.42963614
2003	12	27	1.74808516
2003	12	28	2.18668878
2003	12	29	1.59874355
2003	12	30	1.10493083
2003	12	31	0.83786951
2004	1	1	1.09124859
2004	1	2	0.98226940
2004	1	3	1.38044768
2004	1	4	1.68003429
2004	1	5	1.34486331
2004	1	6	1.00419443
2004	1	7	0.80294131
2004	1	8	0.68922314
2004	1	9	0.62788064
2004	1	10	0.59688059
2004	1	11	0.58169704
2004	1	12	0.57456464
2004	1	13	0.57058987
2004	1	14	0.57237661
2004	1	15	0.66815852
2004	1	16	2.65302372
2004	1	17	4.17442478
2004	1	18	3.77060415
2004	1	19	2.60359206
2004	1	20	1.80618449
2004	1	21	1.35547377
2004	1	22	1.10299818
2004	1	23	0.96319191
2004	1	24	2.02791469
2004	1	25	2.25035835
2004	1	26	1.82465070
2004	1	27	1.43981543
2004	1	28	1.19464425
2004	1	29	1.05350306
2004	1	30	0.97650259
2004	1	31	0.93491685
2004	2	1	1.18641843
2004	2	2	1.52880941
2004	2	3	1.36835585
2004	2	4	1.45218103
2004	2	5	1.55040119
2004	2	6	1.33385323
2004	2	7	1.14294546
2004	2	8	1.03307130
2004	2	9	1.01244921
2004	2	10	0.95992973
2004	2	11	0.91745204
2004	2	12	0.88865578
2004	2	13	0.86713438
2004	2	14	0.85004908
2004	2	15	0.83741293
2004	2	16	0.82489976
2004	2	17	0.81169272
2004	2	18	0.79818423
2004	2	19	0.78392824
2004	2	20	0.76874931
2004	2	21	0.75242531
2004	2	22	0.73551555
2004	2	23	0.71811398
2004	2	24	0.70012494
2004	2	25	0.68181070
2004	2	26	0.66353152
2004	2	27	0.64546992
2004	2	28	0.62968344
2004	2	29	0.84245232
2004	3	1	0.79621756
2004	3	2	1.71398588
2004	3	3	5.47730835
2004	3	4	7.31683610
2004	3	5	5.48769330
2004	3	6	3.56054653
2004	3	7	2.38823952
2004	3	8	1.71648478
2004	3	9	1.33109304
2004	3	10	1.10870178
2004	3	11	0.97913271
2004	3	12	0.90203832
2004	3	13	2.11611030
2004	3	14	2.36991917
2004	3	15	1.82146605
2004	3	16	1.51427199
2004	3	17	1.49653445
2004	3	18	1.36487262
2004	3	19	1.14072705
2004	3	20	0.98292614
2004	3	21	0.88486011
2004	3	22	0.82073763
2004	3	23	0.77618788
2004	3	24	0.75415003
2004	3	25	0.73345105
2004	3	26	0.74482082
2004	3	27	1.50148579
2004	3	28	4.10495320
2004	3	29	3.93092159
2004	3	30	2.70850643
2004	3	31	1.85120709
2004	4	1	1.35386768
2004	4	2	1.06306513
2004	4	3	0.89046766
2004	4	4	0.78522442
2004	4	5	0.71813239
2004	4	6	0.68471284
2004	4	7	1.07432513
2004	4	8	0.97049185
2004	4	9	1.81181810
2004	4	10	2.20321891
2004	4	11	1.69368062
2004	4	12	1.21574849
2004	4	13	0.92422291
2004	4	14	0.75039524
2004	4	15	0.64420791
2004	4	16	0.57676074
2004	4	17	0.53129191
2004	4	18	0.50117866
2004	4	19	0.52007989
2004	4	20	1.43304097
2004	4	21	4.45662902
2004	4	22	5.93593836
2004	4	23	8.65903544
2004	4	24	8.36399988
2004	4	25	5.67784935
2004	4	26	3.69559271
2004	4	27	2.55580614
2004	4	28	1.89452663
2004	4	29	1.51867029
2004	4	30	6.69674171
2004	5	1	9.60203329
2004	5	2	7.06404014
2004	5	3	4.75636763
2004	5	4	3.39758067
2004	5	5	2.59450909
2004	5	6	2.11630175
2004	5	7	1.82435903
2004	5	8	1.63625262
2004	5	9	1.50715238
2004	5	10	1.41204392
2004	5	11	1.33653034
2004	5	12	1.35858522
2004	5	13	3.79632032
2004	5	14	4.12125442
2004	5	15	3.04872378
2004	5	16	2.20720048
2004	5	17	1.70443587
2004	5	18	1.39720187
2004	5	19	1.20563645
2004	5	20	1.07836453
2004	5	21	0.98854718
2004	5	22	0.92172082
2004	5	23	0.90539347
2004	5	24	0.85747151
2004	5	25	0.80289107
2004	5	26	0.75906222
2004	5	27	0.72343866
2004	5	28	0.69150010
2004	5	29	0.70570034
2004	5	30	0.69808658
2004	5	31	0.72020628
2004	6	1	0.66547409
2004	6	2	1.07209333
2004	6	3	0.93868106
2004	6	4	0.75060193
2004	6	5	0.62955610
2004	6	6	0.55122164
2004	6	7	0.51520302
2004	6	8	0.48786638
2004	6	9	0.51329495
2004	6	10	0.56173937
2004	6	11	0.55052872
2004	6	12	0.96830777
2004	6	13	0.90923465
2004	6	14	0.70067414
2004	6	15	0.77785858
2004	6	16	1.06932665
2004	6	17	0.84831701
2004	6	18	0.60984810
2004	6	19	0.46120116
2004	6	20	0.44825594
2004	6	21	1.41343737
2004	6	22	1.58345347
2004	6	23	1.11406075
2004	6	24	0.73362162
2004	6	25	0.50913627
2004	6	26	0.37545218
2004	6	27	0.29418938
2004	6	28	0.25246689
2004	6	29	0.22120997
2004	6	30	0.20257775
2004	7	1	0.88167028
2004	7	2	8.14254504
2004	7	3	11.48206388
2004	7	4	7.94877884
2004	7	5	4.83612991
2004	7	6	2.98062100
2004	7	7	1.89669960
2004	7	8	1.64151404
2004	7	9	1.55176972
2004	7	10	1.21897752
2004	7	11	0.88830573
2004	7	12	0.67576846
2004	7	13	0.54657814
2004	7	14	0.45641989
2004	7	15	0.40037278
2004	7	16	0.37182673
2004	7	17	0.35216857
2004	7	18	0.33555132
2004	7	19	0.32106862
2004	7	20	0.30752519
2004	7	21	0.29510162
2004	7	22	0.28752577
2004	7	23	1.11858742
2004	7	24	3.42033575
2004	7	25	3.21277679
2004	7	26	2.09857401
2004	7	27	1.31536517
2004	7	28	0.92839849
2004	7	29	3.97169920
2004	7	30	5.02756961
2004	7	31	3.43430584
2004	8	1	2.09898953
2004	8	2	1.32353218
2004	8	3	0.87165428
2004	8	4	0.60629855
2004	8	5	0.44710202
2004	8	6	0.35438924
2004	8	7	0.29947410
2004	8	8	0.26515269
2004	8	9	0.24248056
2004	8	10	0.96094375
2004	8	11	0.88528488
2004	8	12	0.63762243
2004	8	13	0.45261999
2004	8	14	0.33882927
2004	8	15	0.27029321
2004	8	16	0.22805938
2004	8	17	0.20114272
2004	8	18	0.18322892
2004	8	19	0.79828783
2004	8	20	0.99195388
2004	8	21	0.70696130
2004	8	22	0.46721438
2004	8	23	0.32668954
2004	8	24	0.24344989
2004	8	25	0.19327346
2004	8	26	0.16229299
2004	8	27	0.14250797
2004	8	28	0.14794348
2004	8	29	0.15041543
2004	8	30	0.13528038
2004	8	31	0.11929899
2004	9	1	0.10873742
2004	9	2	0.10172711
2004	9	3	0.09632855
2004	9	4	0.09184837
2004	9	5	0.82130273
2004	9	6	0.72651704
2004	9	7	0.47018256
2004	9	8	0.30402600
2004	9	9	0.20636133
2004	9	10	0.14857343
2004	9	11	0.11398953
2004	9	12	0.09292632
2004	9	13	0.07972035
2004	9	14	0.07113748
2004	9	15	0.06526459
2004	9	16	0.06099848
2004	9	17	0.05660949
2004	9	18	0.05404391
2004	9	19	0.05208366
2004	9	20	0.05025224
2004	9	21	0.04846998
2004	9	22	0.04677640
2004	9	23	0.04512115
2004	9	24	0.04353443
2004	9	25	0.04203687
2004	9	26	0.04059010
2004	9	27	0.03919196
2004	9	28	0.03783813
2004	9	29	0.03655177
2004	9	30	0.04094734
2004	10	1	0.05138063
2004	10	2	0.09955468
2004	10	3	0.08196745
2004	10	4	0.05989640
2004	10	5	0.04669951
2004	10	6	0.04513871
2004	10	7	0.27827872
2004	10	8	0.41515593
2004	10	9	0.29680341
2004	10	10	0.59605741
2004	10	11	0.46665237
2004	10	12	0.29823061
2004	10	13	0.43005787
2004	10	14	0.32351807
2004	10	15	0.22526229
2004	10	16	0.14468992
2004	10	17	0.09219545
2004	10	18	0.06143183
2004	10	19	0.04300284
2004	10	20	0.03205912
2004	10	21	0.02782676
2004	10	22	0.34246824
2004	10	23	0.31772534
2004	10	24	0.20073745
2004	10	25	0.18713023
2004	10	26	0.84599226
2004	10	27	1.88987214
2004	10	28	1.89219877
2004	10	29	1.24184672
2004	10	30	1.04713266
2004	10	31	6.34829923
2004	11	1	9.53750430
2004	11	2	6.89398820
2004	11	3	5.22572693
2004	11	4	3.59431108
2004	11	5	2.28540564
2004	11	6	1.49978685
2004	11	7	1.05846542
2004	11	8	0.81271535
2004	11	9	0.73317443
2004	11	10	1.45449223
2004	11	11	1.74357795
2004	11	12	1.34974204
2004	11	13	1.01412128
2004	11	14	0.83177336
2004	11	15	0.73053808
2004	11	16	0.70360581
2004	11	17	1.50456537
2004	11	18	2.13020334
2004	11	19	1.75712192
2004	11	20	1.32693510
2004	11	21	1.10448883
2004	11	22	0.97688783
2004	11	23	2.24488976
2004	11	24	2.63941759
2004	11	25	2.00375047
2004	11	26	3.56276058
2004	11	27	3.79102629
2004	11	28	3.43890823
2004	11	29	4.50922874
2004	11	30	4.03021804
2004	12	1	2.94789962
2004	12	2	2.21437890
2004	12	3	1.80234224
2004	12	4	1.59536648
2004	12	5	2.88499194
2004	12	6	5.18318542
2004	12	7	5.32424094
2004	12	8	4.05604248
2004	12	9	3.02442709
2004	12	10	2.42228116
2004	12	11	2.07506591
2004	12	12	1.87571189
2004	12	13	1.75862143
2004	12	14	1.68553812
2004	12	15	1.63648884
2004	12	16	1.60024101
2004	12	17	1.56820098
2004	12	18	1.53721032
2004	12	19	1.50992272
2004	12	20	1.48440802
2004	12	21	1.45809612
2004	12	22	1.43202015
2004	12	23	1.40313715
2004	12	24	1.37324371
2004	12	25	1.34330482
2004	12	26	1.31338768
2004	12	27	1.28348761
2004	12	28	1.25347224
2004	12	29	1.22329293
2004	12	30	1.19304086
2004	12	31	1.16331410
2005	1	1	1.18215529
2005	1	2	3.62954494
2005	1	3	6.81600333
2005	1	4	11.47707663
2005	1	5	12.64620811
2005	1	6	8.99862167
2005	1	7	6.09094297
2005	1	8	4.46146851
2005	1	9	3.53717838
2005	1	10	2.95127590
2005	1	11	2.68823815
2005	1	12	7.01696440
2005	1	13	9.41479549
2005	1	14	7.20846157
2005	1	15	5.24493598
2005	1	16	4.11010724
2005	1	17	3.44949403
2005	1	18	3.06348315
2005	1	19	2.82808454
2005	1	20	2.67569675
2005	1	21	2.56822498
2005	1	22	2.48424962
2005	1	23	2.41208374
2005	1	24	2.34047321
2005	1	25	2.27596650
2005	1	26	2.21985816
2005	1	27	2.16857944
2005	1	28	2.19909801
2005	1	29	2.15185674
2005	1	30	2.06141660
2005	1	31	1.99433437
2005	2	1	2.38896014
2005	2	2	2.45500940
2005	2	3	2.20830320
2005	2	4	1.98102230
2005	2	5	1.94623559
2005	2	6	2.12227528
2005	2	7	2.02822147
2005	2	8	2.22091761
2005	2	9	2.08871052
2005	2	10	1.82328525
2005	2	11	1.62982174
2005	2	12	2.18798659
2005	2	13	2.10948433
2005	2	14	1.78803764
2005	2	15	1.55353538
2005	2	16	1.40330477
2005	2	17	1.30145407
2005	2	18	1.22907851
2005	2	19	1.18378902
2005	2	20	1.34149080
2005	2	21	1.28350453
2005	2	22	2.06461728
2005	2	23	2.36173222
2005	2	24	1.96995810
2005	2	25	1.55136039
2005	2	26	1.28514303
2005	2	27	1.32491215
2005	2	28	1.23753252
2005	3	1	1.09725996
2005	3	2	0.98799102
2005	3	3	0.91462970
2005	3	4	0.86328594
2005	3	5	0.82912747
2005	3	6	0.86534265
2005	3	7	0.98906658
2005	3	8	1.02453060
2005	3	9	0.92879028
2005	3	10	0.82493610
2005	3	11	0.75084244
2005	3	12	0.69959747
2005	3	13	0.66163497
2005	3	14	0.63114372
2005	3	15	0.60715423
2005	3	16	0.58685659
2005	3	17	0.56430541
2005	3	18	0.54326100
2005	3	19	0.53292226
2005	3	20	0.51527102
2005	3	21	1.60672483
2005	3	22	2.42357593
2005	3	23	1.90763615
2005	3	24	2.11638319
2005	3	25	1.84216824
2005	3	26	1.61657586
2005	3	27	1.27161431
2005	3	28	0.93645149
2005	3	29	0.71307520
2005	3	30	0.59792130
2005	3	31	1.39226659
2005	4	1	1.83431838
2005	4	2	1.61995535
2005	4	3	1.14988194
2005	4	4	0.82946335
2005	4	5	1.70177430
2005	4	6	2.42810246
2005	4	7	1.80992579
2005	4	8	1.22082179
2005	4	9	0.87013569
2005	4	10	2.91764851
2005	4	11	3.88439029
2005	4	12	2.77551677
2005	4	13	1.81556822
2005	4	14	1.24807567
2005	4	15	0.91861370
2005	4	16	0.72703180
2005	4	17	0.61174636
2005	4	18	0.54071632
2005	4	19	0.49659038
2005	4	20	0.47164405
2005	4	21	0.45346728
2005	4	22	0.49091998
2005	4	23	0.46033253
2005	4	24	0.42572699
2005	4	25	0.75106843
2005	4	26	0.69869380
2005	4	27	0.88967748
2005	4	28	0.83732274
2005	4	29	0.73206527
2005	4	30	0.60411126
2005	5	1	0.48229631
2005	5	2	0.39953501
2005	5	3	0.34688057
2005	5	4	0.31177307
2005	5	5	0.28715617
2005	5	6	0.26872796
2005	5	7	0.26071202
2005	5	8	0.27632058
2005	5	9	0.32916651
2005	5	10	0.29229676
2005	5	11	0.25273846
2005	5	12	0.22645097
2005	5	13	1.08504102
2005	5	14	1.11069663
2005	5	15	0.76972216
2005	5	16	0.51461115
2005	5	17	0.36354742
2005	5	18	0.27317492
2005	5	19	0.21812498
2005	5	20	0.18364868
2005	5	21	0.16133624
2005	5	22	2.12045760
2005	5	23	2.96140445
2005	5	24	2.16436899
2005	5	25	1.39128705
2005	5	26	0.86991963
2005	5	27	0.54988727
2005	5	28	0.36202295
2005	5	29	0.25126452
2005	5	30	0.18540667
2005	5	31	0.15021306
2005	6	1	0.20414367
2005	6	2	0.17429801
2005	6	3	0.13290915
2005	6	4	0.68546561
2005	6	5	0.56753206
2005	6	6	0.36746857
2005	6	7	0.24320787
2005	6	8	0.17653269
2005	6	9	0.13319750
2005	6	10	0.10552344
2005	6	11	0.09391437
2005	6	12	0.88800921
2005	6	13	2.50947787
2005	6	14	2.26270172
2005	6	15	1.57148653
2005	6	16	1.25542368
2005	6	17	0.82165891
2005	6	18	0.49988251
2005	6	19	0.30945854
2005	6	20	0.19825647
2005	6	21	0.13306064
2005	6	22	0.09457517
2005	6	23	0.07161889
2005	6	24	0.05650141
2005	6	25	0.04595479
2005	6	26	0.04273972
2005	6	27	0.03962248
2005	6	28	0.03641438
2005	6	29	0.03439168
2005	6	30	0.56266336
2005	7	1	0.56396085
2005	7	2	0.37067467
2005	7	3	0.53985460
2005	7	4	0.39964560
2005	7	5	0.24772577
2005	7	6	0.15535284
2005	7	7	0.10028215
2005	7	8	0.06779569
2005	7	9	0.04859714
2005	7	10	0.03711482
2005	7	11	0.03014963
2005	7	12	0.02500459
2005	7	13	0.02218977
2005	7	14	0.02210783
2005	7	15	0.02084117
2005	7	16	0.01943125
2005	7	17	0.01899721
2005	7	18	0.02575181
2005	7	19	0.34535702
2005	7	20	0.29999541
2005	7	21	0.18502619
2005	7	22	0.11513237
2005	7	23	0.10450383
2005	7	24	0.09154733
2005	7	25	0.06187049
2005	7	26	1.31147554
2005	7	27	1.13574005
2005	7	28	0.69364763
2005	7	29	0.40763843
2005	7	30	0.24128690
2005	7	31	0.14406997
2005	8	1	0.08785637
2005	8	2	0.05521620
2005	8	3	0.03628559
2005	8	4	0.04702725
2005	8	5	0.40224246
2005	8	6	0.37623416
2005	8	7	0.34758934
2005	8	8	0.22981490
2005	8	9	0.13684513
2005	8	10	0.08282738
2005	8	11	0.05134945
2005	8	12	0.03298331
2005	8	13	0.19070964
2005	8	14	1.21200600
2005	8	15	2.48325221
2005	8	16	2.27965157
2005	8	17	1.43916648
2005	8	18	0.83981639
2005	8	19	0.54213354
2005	8	20	0.50111732
2005	8	21	0.33622290
2005	8	22	0.20443047
2005	8	23	0.13415147
2005	8	24	0.08430538
2005	8	25	0.05179635
2005	8	26	0.03150536
2005	8	27	0.02090548
2005	8	28	0.01520202
2005	8	29	0.01172995
2005	8	30	0.00966577
2005	8	31	0.00834940
2005	9	1	0.00734241
2005	9	2	0.03110614
2005	9	3	0.63728663
2005	9	4	0.55747536
2005	9	5	0.34241965
2005	9	6	0.20140434
2005	9	7	0.11946621
2005	9	8	0.07185379
2005	9	9	0.04416723
2005	9	10	0.02803810
2005	9	11	0.01864582
2005	9	12	0.01316808
2005	9	13	0.67227763
2005	9	14	2.16982025
2005	9	15	2.55968415
2005	9	16	1.69829978
2005	9	17	0.99006744
2005	9	18	0.57745067
2005	9	19	0.33785261
2005	9	20	0.19874855
2005	9	21	0.11795999
2005	9	22	0.07104663
2005	9	23	0.04380166
2005	9	24	0.37525592
2005	9	25	0.31741003
2005	9	26	0.19228953
2005	9	27	0.11228502
2005	9	28	0.26541354
2005	9	29	0.20286969
2005	9	30	0.12190861
2005	10	1	0.07342606
2005	10	2	0.04508416
2005	10	3	0.02853697
2005	10	4	0.01893574
2005	10	5	0.32485219
2005	10	6	0.26288389
2005	10	7	0.15765659
2005	10	8	0.09394247
2005	10	9	0.05681926
2005	10	10	0.03493986
2005	10	11	0.02244226
2005	10	12	0.01523734
2005	10	13	0.01103329
2005	10	14	0.00858073
2005	10	15	0.00713155
2005	10	16	0.00625671
2005	10	17	0.00530463
2005	10	18	0.00547886
2005	10	19	0.00935315
2005	10	20	0.01008188
2005	10	21	0.01022433
2005	10	22	0.00836651
2005	10	23	0.00684788
2005	10	24	0.00596634
2005	10	25	0.00544355
2005	10	26	0.00512262
2005	10	27	0.00489413
2005	10	28	0.00476356
2005	10	29	0.00476934
2005	10	30	0.05287438
2005	10	31	1.38013516
2005	11	1	1.74800111
2005	11	2	1.16285583
2005	11	3	0.67723886
2005	11	4	0.39522059
2005	11	5	0.23148043
2005	11	6	0.13640687
2005	11	7	0.08122449
2005	11	8	0.04920562
2005	11	9	0.03063157
2005	11	10	0.01982725
2005	11	11	0.01350939
2005	11	12	0.00817364
2005	11	13	0.00596242
2005	11	14	0.36239472
2005	11	15	0.48019930
2005	11	16	0.37095434
2005	11	17	0.22777855
2005	11	18	0.13442838
2005	11	19	0.08071544
2005	11	20	0.04946272
2005	11	21	0.03102629
2005	11	22	0.02027555
2005	11	23	0.01404301
2005	11	24	0.01041422
2005	11	25	0.00835520
2005	11	26	0.00825315
2005	11	27	0.01083204
2005	11	28	0.01240587
2005	11	29	0.01056197
2005	11	30	0.00849964
2005	12	1	0.00731801
2005	12	2	0.00664033
2005	12	3	0.00625263
2005	12	4	0.00603808
2005	12	5	0.00593264
2005	12	6	0.00587693
2005	12	7	0.00699315
2005	12	8	0.00785423
2005	12	9	0.00722383
2005	12	10	0.00666154
2005	12	11	0.00633524
2005	12	12	0.00627951
2005	12	13	0.12456360
2005	12	14	0.19231837
2005	12	15	0.13415320
2005	12	16	0.08040815
2005	12	17	0.04919168
2005	12	18	0.03109883
2005	12	19	0.02093063
2005	12	20	0.01493010
2005	12	21	0.01124659
2005	12	22	0.00916174
2005	12	23	0.02036904
2005	12	24	0.19256064
2005	12	25	0.17352035
2005	12	26	0.10827963
2005	12	27	0.06544910
2005	12	28	0.04060664
2005	12	29	0.02619010
2005	12	30	0.01781963
2005	12	31	0.01296319
2006	1	1	0.01015302
2006	1	2	0.00851786
2006	1	3	0.00754779
2006	1	4	0.00696843
2006	1	5	0.00639030
2006	1	6	0.00622195
2006	1	7	0.00622368
2006	1	8	0.01657766
2006	1	9	0.33818369
2006	1	10	0.50277326
2006	1	11	0.35043754
2006	1	12	0.93115217
2006	1	13	0.84938992
2006	1	14	0.52967748
2006	1	15	0.31042848
2006	1	16	0.18318111
2006	1	17	0.10938418
2006	1	18	0.06659926
2006	1	19	0.04184929
2006	1	20	0.02753639
2006	1	21	0.01881601
2006	1	22	0.01498144
2006	1	23	0.01328490
2006	1	24	0.01043073
2006	1	25	0.00917454
2006	1	26	0.01086333
2006	1	27	0.40911623
2006	1	28	1.59425984
2006	1	29	1.61817827
2006	1	30	1.03740752
2006	1	31	0.60744138
2006	2	1	0.35850559
2006	2	2	0.21427869
2006	2	3	0.13065284
2006	2	4	0.08232951
2006	2	5	0.05455600
2006	2	6	0.03871675
2006	2	7	0.02979025
2006	2	8	0.02429660
2006	2	9	0.01995449
2006	2	10	0.01910342
2006	2	11	0.02243533
2006	2	12	0.02258190
2006	2	13	0.02190824
2006	2	14	0.02163519
2006	2	15	0.02341759
2006	2	16	0.13146374
2006	2	17	0.40588739
2006	2	18	0.31376258
2006	2	19	0.19259646
2006	2	20	0.12143873
2006	2	21	0.08236246
2006	2	22	0.06101316
2006	2	23	0.04589522
2006	2	24	0.03668580
2006	2	25	0.03138953
2006	2	26	0.02834564
2006	2	27	0.02657847
2006	2	28	0.02540366
2006	3	1	0.02435706
2006	3	2	0.02403370
2006	3	3	0.02384737
2006	3	4	0.02369031
2006	3	5	0.02339927
2006	3	6	0.02309457
2006	3	7	0.02277505
2006	3	8	1.94080514
2006	3	9	2.69679170
2006	3	10	1.83566549
2006	3	11	2.87012211
2006	3	12	2.65706806
2006	3	13	1.69988582
2006	3	14	1.00780298
2006	3	15	0.60597330
2006	3	16	0.37646769
2006	3	17	0.24687864
2006	3	18	0.18137514
2006	3	19	0.54661859
2006	3	20	1.00579261
2006	3	21	0.79431818
2006	3	22	0.51039658
2006	3	23	0.32938027
2006	3	24	0.22378489
2006	3	25	0.16431339
2006	3	26	0.13105142
2006	3	27	0.11246374
2006	3	28	0.10204433
2006	3	29	0.09990883
2006	3	30	0.09742587
2006	3	31	0.11422418
2006	4	1	0.61623128
2006	4	2	0.62661296
2006	4	3	0.43480797
2006	4	4	0.39520268
2006	4	5	0.28856992
2006	4	6	1.07683127
2006	4	7	0.88178000
2006	4	8	0.55673751
2006	4	9	0.35563377
2006	4	10	0.23811413
2006	4	11	0.16905093
2006	4	12	0.12805897
2006	4	13	0.10265860
2006	4	14	0.08740697
2006	4	15	0.08928217
2006	4	16	0.08129958
2006	4	17	0.07280478
2006	4	18	0.06556401
2006	4	19	0.06144212
2006	4	20	0.05852380
2006	4	21	0.05598608
2006	4	22	0.05379333
2006	4	23	0.15770655
2006	4	24	2.11660962
2006	4	25	2.70016510
2006	4	26	1.82463550
2006	4	27	1.09012843
2006	4	28	2.95336481
2006	4	29	5.05533840
2006	4	30	4.66654070
2006	5	1	3.84435168
2006	5	2	2.47767152
2006	5	3	3.03149139
2006	5	4	4.71073962
2006	5	5	4.08864673
2006	5	6	2.70920571
2006	5	7	1.87638428
2006	5	8	1.30863132
2006	5	9	3.25698678
2006	5	10	3.55797916
2006	5	11	2.50801102
2006	5	12	1.69958705
2006	5	13	1.23516973
2006	5	14	0.96638480
2006	5	15	0.80479735
2006	5	16	0.70400280
2006	5	17	0.64192086
2006	5	18	0.60061432
2006	5	19	0.56928353
2006	5	20	0.54331396
2006	5	21	0.51707282
2006	5	22	0.49779587
2006	5	23	0.47936920
2006	5	24	0.46671628
2006	5	25	0.45107213
2006	5	26	0.43036580
2006	5	27	0.41111741
2006	5	28	0.39344650
2006	5	29	0.37701121
2006	5	30	0.83752339
2006	5	31	1.01703296
2006	6	1	0.97248088
2006	6	2	0.77277917
2006	6	3	0.57926512
2006	6	4	0.49652507
2006	6	5	0.48717881
2006	6	6	1.56116996
2006	6	7	1.58331216
2006	6	8	1.09269688
2006	6	9	0.72915328
2006	6	10	0.51424566
2006	6	11	0.38507907
2006	6	12	0.30668181
2006	6	13	0.25796412
2006	6	14	0.22666858
2006	6	15	0.20548209
2006	6	16	0.19066325
2006	6	17	0.31075467
2006	6	18	0.31028775
2006	6	19	0.24896020
2006	6	20	0.20454437
2006	6	21	0.26776542
2006	6	22	2.09665802
2006	6	23	2.26299040
2006	6	24	1.49689798
2006	6	25	0.93702655
2006	6	26	0.59533021
2006	6	27	0.39110399
2006	6	28	0.27071883
2006	6	29	0.19890755
2006	6	30	0.15564862
2006	7	1	0.12904333
2006	7	2	0.11205325
2006	7	3	0.11191465
2006	7	4	0.26047198
2006	7	5	0.24194082
2006	7	6	0.17681467
2006	7	7	0.13305727
2006	7	8	0.10649654
2006	7	9	0.10198801
2006	7	10	0.67358627
2006	7	11	1.52711896
2006	7	12	1.36633239
2006	7	13	0.87371195
2006	7	14	0.55586486
2006	7	15	0.35204684
2006	7	16	0.25081184
2006	7	17	0.17450182
2006	7	18	0.12123988
2006	7	19	0.09019199
2006	7	20	0.07127243
2006	7	21	0.05915801
2006	7	22	0.05055095
2006	7	23	0.04414246
2006	7	24	0.04079655
2006	7	25	0.03885989
2006	7	26	0.03722604
2006	7	27	0.14089797
2006	7	28	0.12735406
2006	7	29	0.09487380
2006	7	30	0.06948563
2006	7	31	0.05260054
2006	8	1	0.04237158
2006	8	2	0.03600618
2006	8	3	0.08196412
2006	8	4	0.08051325
2006	8	5	0.19478021
2006	8	6	0.15591312
2006	8	7	0.11571014
2006	8	8	0.08038638
2006	8	9	0.05557340
2006	8	10	0.47064345
2006	8	11	0.82698147
2006	8	12	0.59589656
2006	8	13	0.35485413
2006	8	14	0.53907203
2006	8	15	0.51972111
2006	8	16	0.33959613
2006	8	17	0.20390828
2006	8	18	0.12503692
2006	8	19	0.08572087
2006	8	20	0.13837969
2006	8	21	1.86189371
2006	8	22	2.24130996
2006	8	23	1.48395531
2006	8	24	0.87380098
2006	8	25	0.52976989
2006	8	26	0.55432128
2006	8	27	1.82395042
2006	8	28	2.63568729
2006	8	29	1.83026401
2006	8	30	1.07434192
2006	8	31	0.63042638
2006	9	1	0.37255351
2006	9	2	0.22034621
2006	9	3	0.13285626
2006	9	4	0.08357417
2006	9	5	0.05514443
2006	9	6	0.03848838
2006	9	7	0.02840591
2006	9	8	0.02061216
2006	9	9	1.13005822
2006	9	10	1.07765993
2006	9	11	0.76303131
2006	9	12	0.51777823
2006	9	13	0.31378055
2006	9	14	0.18821673
2006	9	15	0.11520170
2006	9	16	3.88119653
2006	9	17	5.31887725
2006	9	18	3.59397885
2006	9	19	2.10561193
2006	9	20	1.23614838
2006	9	21	3.00456698
2006	9	22	3.08000264
2006	9	23	2.00331685
2006	9	24	1.19135803
2006	9	25	0.71700311
2006	9	26	0.44248219
2006	9	27	0.28363596
2006	9	28	0.18601843
2006	9	29	0.13038039
2006	9	30	0.10178188
2006	10	1	0.08576665
2006	10	2	0.07627487
2006	10	3	0.06712094
2006	10	4	0.06285167
2006	10	5	0.06163431
2006	10	6	0.06074734
2006	10	7	0.05978869
2006	10	8	0.05876125
2006	10	9	0.05768699
2006	10	10	0.05868537
2006	10	11	0.05740168
2006	10	12	0.05554958
2006	10	13	0.05386175
2006	10	14	0.06490047
2006	10	15	1.58271163
2006	10	16	2.91754873
2006	10	17	2.09163626
2006	10	18	1.96045964
2006	10	19	1.32634515
2006	10	20	0.79860166
2006	10	21	0.48679760
2006	10	22	0.30619625
2006	10	23	0.20166591
2006	10	24	0.16101177
2006	10	25	0.26369588
2006	10	26	0.23250811
2006	10	27	0.18893366
2006	10	28	0.13850075
2006	10	29	0.10506297
2006	10	30	0.08485128
2006	10	31	0.07378940
2006	11	1	0.06740243
2006	11	2	0.06355940
2006	11	3	0.06221936
2006	11	4	0.68523414
2006	11	5	0.94558002
2006	11	6	0.69107011
2006	11	7	0.43326526
2006	11	8	0.27573268
2006	11	9	0.18425753
2006	11	10	0.13102866
2006	11	11	0.10323561
2006	11	12	0.19062721
2006	11	13	0.22771388
2006	11	14	1.14156614
2006	11	15	2.79075046
2006	11	16	2.74925435
2006	11	17	1.77630976
2006	11	18	1.06393603
2006	11	19	0.65328289
2006	11	20	0.41744613
2006	11	21	0.28291875
2006	11	22	0.20697544
2006	11	23	0.16472364
2006	11	24	0.14144675
2006	11	25	0.12906634
2006	11	26	0.12135137
2006	11	27	0.11993505
2006	11	28	0.11839589
2006	11	29	7.60950856
2006	11	30	12.67356109
2006	12	1	8.96642779
2006	12	2	5.54732352
2006	12	3	3.60733617
2006	12	4	2.50723412
2006	12	5	1.89350888
2006	12	6	1.55247947
2006	12	7	1.36080971
2006	12	8	1.25573728
2006	12	9	1.19938827
2006	12	10	1.17048068
2006	12	11	1.14185410
2006	12	12	1.12257656
2006	12	13	1.11801869
2006	12	14	1.11257585
2006	12	15	1.10327309
2006	12	16	1.09080304
2006	12	17	1.07598658
2006	12	18	1.06237217
2006	12	19	1.62367707
2006	12	20	2.47034378
2006	12	21	2.21049459
2006	12	22	1.72594581
2006	12	23	1.40266206
2006	12	24	1.21652108
2006	12	25	1.14869654
2006	12	26	1.06244089
2006	12	27	0.99486957
2006	12	28	0.94961558
2006	12	29	2.94339966
2006	12	30	4.55809107
2006	12	31	3.48094875
2007	1	1	2.42054601
2007	1	2	1.80805935
2007	1	3	1.45980663
2007	1	4	1.28763217
2007	1	5	1.16611840
2007	1	6	1.08827185
2007	1	7	1.04119931
2007	1	8	1.01103292
2007	1	9	0.98985717
2007	1	10	0.97021656
2007	1	11	1.07847478
2007	1	12	3.91878454
2007	1	13	8.01117049
2007	1	14	6.10845790
2007	1	15	4.06633831
2007	1	16	2.90634346
2007	1	17	2.24712233
2007	1	18	1.87328858
2007	1	19	1.66137256
2007	1	20	2.28034318
2007	1	21	3.40603306
2007	1	22	2.99141297
2007	1	23	2.38354823
2007	1	24	2.03970023
2007	1	25	1.83234139
2007	1	26	1.87173350
2007	1	27	1.76640034
2007	1	28	1.63138710
2007	1	29	1.53925891
2007	1	30	1.48529515
2007	1	31	1.44088922
2007	2	1	1.40461939
2007	2	2	1.37374357
2007	2	3	1.34817014
2007	2	4	1.32428031
2007	2	5	1.39781278
2007	2	6	1.38247892
2007	2	7	1.34136810
2007	2	8	1.28561863
2007	2	9	1.23572274
2007	2	10	1.19472473
2007	2	11	1.16905711
2007	2	12	4.19236316
2007	2	13	5.46790603
2007	2	14	4.04538179
2007	2	15	2.83486001
2007	2	16	2.13981840
2007	2	17	1.74012837
2007	2	18	1.51096368
2007	2	19	1.37658422
2007	2	20	1.29393204
2007	2	21	1.23960489
2007	2	22	1.19973552
2007	2	23	1.22020941
2007	2	24	1.68427136
2007	2	25	1.54813498
2007	2	26	1.34564196
2007	2	27	1.21886696
2007	2	28	1.23321601
2007	3	1	1.15683541
2007	3	2	1.07759027
2007	3	3	1.01885792
2007	3	4	0.97478265
2007	3	5	0.93941242
2007	3	6	0.90868239
2007	3	7	0.88009054
2007	3	8	0.88244209
2007	3	9	0.85289627
2007	3	10	0.84635500
2007	3	11	0.80871062
2007	3	12	0.76881746
2007	3	13	0.73525017
2007	3	14	0.70532934
2007	3	15	0.67883058
2007	3	16	0.65299095
2007	3	17	0.62779136
2007	3	18	0.60359094
2007	3	19	0.80356704
2007	3	20	0.77094186
2007	3	21	0.70279246
2007	3	22	0.64058469
2007	3	23	0.78324468
2007	3	24	0.68136911
2007	3	25	0.57712608
2007	3	26	0.51096572
2007	3	27	0.59499865
2007	3	28	0.57283105
2007	3	29	0.52636182
2007	3	30	0.58122126
2007	3	31	0.61457594
2007	4	1	0.51099240
2007	4	2	0.42824705
2007	4	3	0.37459763
2007	4	4	0.33949788
2007	4	5	0.34221871
2007	4	6	0.38108755
2007	4	7	0.34187687
2007	4	8	0.30098381
2007	4	9	0.27838401
2007	4	10	0.42069197
2007	4	11	0.43416813
2007	4	12	0.53408462
2007	4	13	1.17385797
2007	4	14	1.51249621
2007	4	15	1.09402487
2007	4	16	0.71229129
2007	4	17	0.65776102
2007	4	18	0.52338137
2007	4	19	0.37882146
2007	4	20	0.28459577
2007	4	21	0.22743908
2007	4	22	0.19162748
2007	4	23	0.16863089
2007	4	24	1.25282928
2007	4	25	1.67286086
2007	4	26	1.16772029
2007	4	27	0.73045442
2007	4	28	0.47249277
2007	4	29	0.32043401
2007	4	30	0.24404042
2007	5	1	0.46235733
2007	5	2	1.19005832
2007	5	3	0.99026257
2007	5	4	0.63729643
2007	5	5	0.40799188
2007	5	6	0.47889898
2007	5	7	1.18309831
2007	5	8	1.18070011
2007	5	9	0.78803017
2007	5	10	0.70657691
2007	5	11	0.83171218
2007	5	12	0.60542492
2007	5	13	0.38470361
2007	5	14	0.25100858
2007	5	15	0.20549807
2007	5	16	0.30706210
2007	5	17	0.24017334
2007	5	18	0.16431089
2007	5	19	0.11838587
2007	5	20	0.09144911
2007	5	21	0.19887379
2007	5	22	0.16721357
2007	5	23	0.12864352
2007	5	24	0.13595409
2007	5	25	0.33775503
2007	5	26	0.27263204
2007	5	27	0.20804954
2007	5	28	0.15269078
2007	5	29	0.30475730
2007	5	30	0.24754054
2007	5	31	0.38290366
2007	6	1	0.35711145
2007	6	2	0.43318415
2007	6	3	0.30882721
2007	6	4	0.19319529
2007	6	5	0.12521211
2007	6	6	0.08482431
2007	6	7	0.90868803
2007	6	8	1.06430482
2007	6	9	0.71086460
2007	6	10	0.72839255
2007	6	11	1.78693974
2007	6	12	1.46166061
2007	6	13	0.89820159
2007	6	14	0.53191692
2007	6	15	0.31826349
2007	6	16	0.20048502
2007	6	17	0.12943146
2007	6	18	0.26338888
2007	6	19	0.20331210
2007	6	20	0.14792988
2007	6	21	0.09890703
2007	6	22	0.15104399
2007	6	23	0.16397992
2007	6	24	0.12335495
2007	6	25	0.08252168
2007	6	26	0.08139300
2007	6	27	0.22468632
2007	6	28	0.20273576
2007	6	29	0.15196954
2007	6	30	0.27246370
2007	7	1	1.08096405
2007	7	2	0.85913816
2007	7	3	0.51737351
2007	7	4	0.31203401
2007	7	5	0.29869876
2007	7	6	0.22972945
2007	7	7	0.14350925
2007	7	8	0.08855681
2007	7	9	0.05921834
2007	7	10	0.13422294
2007	7	11	0.25389664
2007	7	12	0.79717349
2007	7	13	0.62198974
2007	7	14	0.37501296
2007	7	15	0.22157069
2007	7	16	0.13236245
2007	7	17	0.08030347
2007	7	18	0.05006465
2007	7	19	0.03247960
2007	7	20	0.04111235
2007	7	21	0.03501565
2007	7	22	0.02395744
2007	7	23	0.01674179
2007	7	24	0.01177469
2007	7	25	0.00952774
2007	7	26	0.00838475
2007	7	27	0.00765394
2007	7	28	0.00782888
2007	7	29	0.01265890
2007	7	30	0.01504149
2007	7	31	0.01254754
2007	8	1	0.00973873
2007	8	2	0.01783061
2007	8	3	0.02003558
2007	8	4	0.01563139
2007	8	5	0.01135767
2007	8	6	0.00882837
2007	8	7	0.00730513
2007	8	8	0.00637314
2007	8	9	0.00579878
2007	8	10	0.00540577
2007	8	11	0.00515702
2007	8	12	0.00498591
2007	8	13	0.00482939
2007	8	14	0.00471353
2007	8	15	0.00460630
2007	8	16	0.00451281
2007	8	17	0.00895435
2007	8	18	0.01160311
2007	8	19	0.16537176
2007	8	20	0.14157596
2007	8	21	0.08764076
2007	8	22	0.05257763
2007	8	23	0.03217517
2007	8	24	0.81852172
2007	8	25	1.77443711
2007	8	26	1.27817222
2007	8	27	0.74395659
2007	8	28	0.51044277
2007	8	29	0.48658999
2007	8	30	0.32159807
2007	8	31	0.18808188
2007	9	1	0.11071013
2007	9	2	0.09525703
2007	9	3	0.07539578
2007	9	4	0.84153686
2007	9	5	1.90107506
2007	9	6	2.60480091
2007	9	7	3.14531388
2007	9	8	4.52518295
2007	9	9	3.29112846
2007	9	10	2.09601080
2007	9	11	1.33686644
2007	9	12	0.81262226
2007	9	13	0.48998569
2007	9	14	0.30339218
2007	9	15	0.19827212
2007	9	16	0.13990638
2007	9	17	0.10041732
2007	9	18	0.07541907
2007	9	19	0.06038308
2007	9	20	0.04986652
2007	9	21	0.04648511
2007	9	22	0.04491750
2007	9	23	0.04378156
2007	9	24	0.12586910
2007	9	25	0.34852685
2007	9	26	0.54184691
2007	9	27	0.40556840
2007	9	28	0.25418305
2007	9	29	0.16338907
2007	9	30	0.72782041
2007	10	1	1.27628449
2007	10	2	1.93682483
2007	10	3	3.59094083
2007	10	4	2.56210344
2007	10	5	1.50552500
2007	10	6	0.89272195
2007	10	7	0.65198291
2007	10	8	0.94823109
2007	10	9	0.69358413
2007	10	10	0.42645044
2007	10	11	0.26920256
2007	10	12	0.17727834
2007	10	13	0.14379717
2007	10	14	0.42093164
2007	10	15	0.81606319
2007	10	16	0.61475209
2007	10	17	1.29474426
2007	10	18	1.24622464
2007	10	19	0.80900815
2007	10	20	0.49396458
2007	10	21	0.45181617
2007	10	22	0.57959922
2007	10	23	0.51773094
2007	10	24	0.34759235
2007	10	25	0.23423163
2007	10	26	0.16587174
2007	10	27	0.12508630
2007	10	28	0.10222625
2007	10	29	0.08806414
2007	10	30	0.08063500
2007	10	31	0.07695784
2007	11	1	0.07484719
2007	11	2	0.07326408
2007	11	3	0.07191169
2007	11	4	0.07105065
2007	11	5	0.07041551
2007	11	6	0.06973203
2007	11	7	0.06893649
2007	11	8	0.06807613
2007	11	9	0.06716196
2007	11	10	0.06619144
2007	11	11	0.06640541
2007	11	12	0.28379607
2007	11	13	0.37169728
2007	11	14	0.26868817
2007	11	15	0.18111742
2007	11	16	0.12960875
2007	11	17	0.09918030
2007	11	18	0.08105253
2007	11	19	0.07005556
2007	11	20	0.06781145
2007	11	21	0.06394392
2007	11	22	0.06249444
2007	11	23	0.05889521
2007	11	24	0.07474070
2007	11	25	0.32482292
2007	11	26	0.55552184
2007	11	27	0.40556923
2007	11	28	0.26155839
2007	11	29	0.17260425
2007	11	30	0.12641329
2007	12	1	0.09600267
2007	12	2	0.21961034
2007	12	3	0.18045733
2007	12	4	0.12364933
2007	12	5	0.08920466
2007	12	6	0.06991479
2007	12	7	0.07222676
2007	12	8	0.15082598
2007	12	9	2.49392985
2007	12	10	4.49221474
2007	12	11	4.64136461
2007	12	12	3.94663184
2007	12	13	2.61207215
2007	12	14	1.91821879
2007	12	15	1.29924526
2007	12	16	0.86910642
2007	12	17	0.61930364
2007	12	18	0.48219975
2007	12	19	0.40100297
2007	12	20	0.35830061
2007	12	21	0.33548086
2007	12	22	0.34232324
2007	12	23	0.34281651
2007	12	24	0.34034481
2007	12	25	0.37105982
2007	12	26	0.44925204
2007	12	27	0.52064787
2007	12	28	0.50680476
2007	12	29	0.45263197
2007	12	30	0.41493892
2007	12	31	0.39366267
2008	1	1	0.38169883
2008	1	2	0.37494713
2008	1	3	0.37105414
2008	1	4	0.36865856
2008	1	5	0.36682460
2008	1	6	0.36475764
2008	1	7	2.79561228
2008	1	8	7.56101227
2008	1	9	5.68221190
2008	1	10	3.56694547
2008	1	11	2.36196572
2008	1	12	1.67733642
2008	1	13	1.29109364
2008	1	14	1.07568530
2008	1	15	0.95716566
2008	1	16	0.92339868
2008	1	17	0.90311451
2008	1	18	0.86952132
2008	1	19	0.84280230
2008	1	20	0.82374874
2008	1	21	0.83114846
2008	1	22	0.82996114
2008	1	23	0.81917460
2008	1	24	0.80904699
2008	1	25	0.79996061
2008	1	26	0.79115252
2008	1	27	0.78246352
2008	1	28	0.77234705
2008	1	29	0.77449427
2008	1	30	0.85178243
2008	1	31	0.99384616
2008	2	1	1.00950859
2008	2	2	0.89890306
2008	2	3	0.80607933
2008	2	4	0.99905084
2008	2	5	2.58695108
2008	2	6	2.46111322
2008	2	7	1.77625480
2008	2	8	1.29908745
2008	2	9	1.03004881
2008	2	10	0.92363264
2008	2	11	0.87381828
2008	2	12	0.78256664
2008	2	13	0.75096020
2008	2	14	1.38439423
2008	2	15	1.97069458
2008	2	16	8.68867639
2008	2	17	10.47335589
2008	2	18	7.36727263
2008	2	19	4.84965235
2008	2	20	3.58305906
2008	2	21	2.87169933
2008	2	22	2.29758862
2008	2	23	2.10929201
2008	2	24	1.99299575
2008	2	25	1.82330139
2008	2	26	1.67699598
2008	2	27	1.57789921
2008	2	28	1.50527896
2008	2	29	1.45815764
2008	3	1	1.42636533
2008	3	2	2.86641266
2008	3	3	6.26794968
2008	3	4	5.08159717
2008	3	5	3.57278176
2008	3	6	2.68763084
2008	3	7	2.17258348
2008	3	8	1.86846070
2008	3	9	1.68661450
2008	3	10	1.57304011
2008	3	11	1.49655756
2008	3	12	1.43964703
2008	3	13	1.53912881
2008	3	14	1.47711562
2008	3	15	1.67822177
2008	3	16	1.54643320
2008	3	17	5.27510349
2008	3	18	16.42639712
2008	3	19	18.29722603
2008	3	20	12.82396347
2008	3	21	8.54489601
2008	3	22	6.03824916
2008	3	23	4.56238951
2008	3	24	3.68904299
2008	3	25	3.16331142
2008	3	26	2.83674285
2008	3	27	2.84659751
2008	3	28	2.79178199
2008	3	29	3.09519958
2008	3	30	3.76480631
2008	3	31	4.09389581
2008	4	1	3.51294878
2008	4	2	2.99383550
2008	4	3	3.47469954
2008	4	4	3.40633796
2008	4	5	2.87282875
2008	4	6	2.46838490
2008	4	7	2.84538962
2008	4	8	5.01573650
2008	4	9	9.52955163
2008	4	10	13.77117458
2008	4	11	10.30216265
2008	4	12	7.08532304
2008	4	13	5.21458167
2008	4	14	4.11464848
2008	4	15	3.45767175
2008	4	16	3.05463720
2008	4	17	4.22944775
2008	4	18	4.88341766
2008	4	19	4.03984145
2008	4	20	3.30778330
2008	4	21	2.99195765
2008	4	22	3.98679708
2008	4	23	6.40117398
2008	4	24	6.72503401
2008	4	25	5.15707206
2008	4	26	4.02393136
2008	4	27	3.27534336
2008	4	28	2.79889518
2008	4	29	2.49704614
2008	4	30	2.29638110
2008	5	1	2.29674972
2008	5	2	2.19471837
2008	5	3	2.11617822
2008	5	4	1.98278958
2008	5	5	1.86324540
2008	5	6	2.26019041
2008	5	7	5.11900890
2008	5	8	4.86414082
2008	5	9	3.59054288
2008	5	10	3.39700807
2008	5	11	2.96115960
2008	5	12	2.35867051
2008	5	13	1.94848846
2008	5	14	2.73459995
2008	5	15	3.96162259
2008	5	16	3.15718323
2008	5	17	2.35157328
2008	5	18	1.86807965
2008	5	19	1.56650148
2008	5	20	1.37632588
2008	5	21	1.24955966
2008	5	22	1.15736901
2008	5	23	1.11808320
2008	5	24	1.44295589
2008	5	25	1.83023509
2008	5	26	2.93016413
2008	5	27	3.09723011
2008	5	28	2.30371690
2008	5	29	1.67472778
2008	5	30	1.29844743
2008	5	31	1.92050601
2008	6	1	2.78856156
2008	6	2	2.42313839
2008	6	3	1.74317886
2008	6	4	1.54511454
2008	6	5	1.69634510
2008	6	6	1.34679664
2008	6	7	1.12673268
2008	6	8	1.47521689
2008	6	9	5.48123176
2008	6	10	4.42113010
2008	6	11	2.84722041
2008	6	12	2.23430924
2008	6	13	3.31291452
2008	6	14	2.93142732
2008	6	15	2.07252789
2008	6	16	2.26841873
2008	6	17	1.72438172
2008	6	18	1.24755731
2008	6	19	0.98893771
2008	6	20	0.81486606
2008	6	21	0.70027189
2008	6	22	0.64576123
2008	6	23	1.08788641
2008	6	24	0.95958764
2008	6	25	0.75921981
2008	6	26	0.63014722
2008	6	27	1.03301748
2008	6	28	1.63125171
2008	6	29	1.30424069
2008	6	30	0.92377083
2008	7	1	0.69382484
2008	7	2	0.55834636
2008	7	3	1.03040399
2008	7	4	1.87014270
2008	7	5	1.45526117
2008	7	6	1.01138923
2008	7	7	0.76890495
2008	7	8	2.35016085
2008	7	9	4.64159731
2008	7	10	4.34553231
2008	7	11	2.86779133
2008	7	12	2.54041401
2008	7	13	2.21874405
2008	7	14	1.51445032
2008	7	15	1.00089448
2008	7	16	0.69823663
2008	7	17	0.52038482
2008	7	18	0.41384160
2008	7	19	0.34834977
2008	7	20	0.30421399
2008	7	21	0.27296659
2008	7	22	0.25365460
2008	7	23	1.27346570
2008	7	24	1.14963369
2008	7	25	0.78138357
2008	7	26	0.55686231
2008	7	27	0.41287306
2008	7	28	0.31930658
2008	7	29	0.26101412
2008	7	30	0.24992702
2008	7	31	0.23253580
2008	8	1	0.20474483
2008	8	2	0.18354911
2008	8	3	0.16873058
2008	8	4	0.15621485
2008	8	5	0.14765374
2008	8	6	0.33293669
2008	8	7	0.96337643
2008	8	8	0.92054327
2008	8	9	3.48715495
2008	8	10	5.51428659
2008	8	11	3.88671341
2008	8	12	2.32232442
2008	8	13	1.43513486
2008	8	14	1.24752012
2008	8	15	0.89338412
2008	8	16	0.57971975
2008	8	17	0.38993387
2008	8	18	0.27875627
2008	8	19	0.28800441
2008	8	20	0.29097707
2008	8	21	0.42476608
2008	8	22	0.36880591
2008	8	23	1.48156186
2008	8	24	1.17050606
2008	8	25	0.73458793
2008	8	26	0.47323779
2008	8	27	0.31980677
2008	8	28	0.30716009
2008	8	29	0.46155924
2008	8	30	0.36551723
2008	8	31	0.25511081
2008	9	1	0.21525784
2008	9	2	1.69512112
2008	9	3	7.18069786
2008	9	4	7.13615447
2008	9	5	4.58324142
2008	9	6	3.17664888
2008	9	7	2.04749376
2008	9	8	1.33804729
2008	9	9	0.89307578
2008	9	10	0.63206155
2008	9	11	0.48362226
2008	9	12	0.73476887
2008	9	13	5.02201775
2008	9	14	9.51642501
2008	9	15	6.89715069
2008	9	16	4.25470373
2008	9	17	2.73574878
2008	9	18	1.85749161
2008	9	19	1.34781104
2008	9	20	1.04967922
2008	9	21	0.87753100
2008	9	22	0.76974670
2008	9	23	0.69921476
2008	9	24	0.65057094
2008	9	25	0.60893064
2008	9	26	0.57422079
2008	9	27	0.55411025
2008	9	28	0.53653191
2008	9	29	0.51882690
2008	9	30	0.50109328
2008	10	1	0.48348505
2008	10	2	0.46621284
2008	10	3	0.53226813
2008	10	4	0.50133131
2008	10	5	0.47035620
2008	10	6	2.06722003
2008	10	7	3.10598352
2008	10	8	2.26648713
2008	10	9	1.46738633
2008	10	10	0.99624445
2008	10	11	0.71873517
2008	10	12	0.55356786
2008	10	13	0.50612860
2008	10	14	0.54666287
2008	10	15	1.11494234
2008	10	16	0.90764945
2008	10	17	0.65691763
2008	10	18	0.49598839
2008	10	19	0.39631989
2008	10	20	0.33720464
2008	10	21	0.47249640
2008	10	22	0.87154505
2008	10	23	0.75849997
2008	10	24	0.55051407
2008	10	25	0.41232316
2008	10	26	0.32915650
2008	10	27	0.27741450
2008	10	28	0.24559778
2008	10	29	0.22932309
2008	10	30	0.21592226
2008	10	31	0.23533921
2008	11	1	0.22161886
2008	11	2	0.20170908
2008	11	3	0.18692186
2008	11	4	0.18681789
2008	11	5	0.69616803
2008	11	6	1.12324354
2008	11	7	0.82256102
2008	11	8	0.53824964
2008	11	9	0.39731115
2008	11	10	1.26995238
2008	11	11	1.38971727
2008	11	12	0.94580221
2008	11	13	0.64836266
2008	11	14	0.51568470
2008	11	15	0.37898931
2008	11	16	0.27578302
2008	11	17	0.21173416
2008	11	18	0.17369926
2008	11	19	0.15178276
2008	11	20	0.13852237
2008	11	21	0.13005059
2008	11	22	0.12321374
2008	11	23	0.14549267
2008	11	24	0.23171902
2008	11	25	0.20755261
2008	11	26	0.16675846
2008	11	27	0.16738130
2008	11	28	0.16654004
2008	11	29	0.16133297
2008	11	30	0.17056452
2008	12	1	0.17729623
2008	12	2	0.15122865
2008	12	3	0.12958072
2008	12	4	0.11640101
2008	12	5	0.10816277
2008	12	6	0.10271711
2008	12	7	0.09912149
2008	12	8	0.29913607
2008	12	9	0.82456484
2008	12	10	0.65154810
2008	12	11	0.41902756
2008	12	12	0.28055759
2008	12	13	0.19985266
2008	12	14	0.24195107
2008	12	15	0.25848852
2008	12	16	0.20529805
2008	12	17	0.15778942
2008	12	18	0.16241558
2008	12	19	0.14197131
2008	12	20	0.11853592
2008	12	21	0.10273386
2008	12	22	0.09402450
2008	12	23	0.17889753
2008	12	24	0.40901607
2008	12	25	0.32536898
2008	12	26	0.47171288
2008	12	27	1.95704457
2008	12	28	1.82038665
2008	12	29	1.16651924
2008	12	30	0.71548687
2008	12	31	0.45500440
2009	1	1	0.30513923
2009	1	2	0.22028904
2009	1	3	0.17120944
2009	1	4	0.14322805
2009	1	5	0.12734762
2009	1	6	0.11913335
2009	1	7	0.11473817
2009	1	8	0.11072874
2009	1	9	0.21888613
2009	1	10	0.35377433
2009	1	11	0.28849790
2009	1	12	0.21553475
2009	1	13	0.17342656
2009	1	14	0.14935624
2009	1	15	0.13747170
2009	1	16	0.12919001
2009	1	17	0.12427109
2009	1	18	0.12159429
2009	1	19	0.12011786
2009	1	20	0.11934257
2009	1	21	0.11879993
2009	1	22	0.11840035
2009	1	23	0.11827665
2009	1	24	0.11801601
2009	1	25	0.11767889
2009	1	26	0.11729881
2009	1	27	0.11693453
2009	1	28	0.11657037
2009	1	29	0.11642045
2009	1	30	1.82381475
2009	1	31	1.87808577
2009	2	1	1.35209310
2009	2	2	0.90008699
2009	2	3	0.60226323
2009	2	4	0.41118829
2009	2	5	0.30449814
2009	2	6	0.23933045
2009	2	7	0.19886561
2009	2	8	0.20423788
2009	2	9	0.23744496
2009	2	10	1.89230798
2009	2	11	3.99646065
2009	2	12	2.99541726
2009	2	13	1.84816053
2009	2	14	1.17075176
2009	2	15	0.78446819
2009	2	16	0.56660883
2009	2	17	0.62130286
2009	2	18	0.93085132
2009	2	19	0.75346564
2009	2	20	0.56891118
2009	2	21	0.46568462
2009	2	22	0.40637925
2009	2	23	0.37278032
2009	2	24	0.35845592
2009	2	25	0.35214351
2009	2	26	0.44432837
2009	2	27	0.58751859
2009	2	28	0.56705930
2009	3	1	0.48225216
2009	3	2	0.42147602
2009	3	3	0.38592849
2009	3	4	0.36456428
2009	3	5	0.35077373
2009	3	6	0.34070775
2009	3	7	0.33288652
2009	3	8	0.32559078
2009	3	9	0.31772501
2009	3	10	0.33125222
2009	3	11	0.40511240
2009	3	12	0.37908762
2009	3	13	0.34009428
2009	3	14	0.31272669
2009	3	15	0.35897135
2009	3	16	0.33049719
2009	3	17	0.29525607
2009	3	18	0.28100904
2009	3	19	0.26185364
2009	3	20	0.94059362
2009	3	21	2.14117124
2009	3	22	1.62346977
2009	3	23	1.18656316
2009	3	24	1.02180809
2009	3	25	1.02332905
2009	3	26	0.80192354
2009	3	27	1.00188694
2009	3	28	2.71120296
2009	3	29	2.26059445
2009	3	30	1.46191231
2009	3	31	1.61971820
2009	4	1	1.16330312
2009	4	2	1.28259796
2009	4	3	1.07334680
2009	4	4	0.74240080
2009	4	5	0.80080589
2009	4	6	0.61259445
2009	4	7	0.44463922
2009	4	8	0.36923398
2009	4	9	0.77044822
2009	4	10	0.89264809
2009	4	11	1.03452025
2009	4	12	1.63193861
2009	4	13	1.57171772
2009	4	14	1.09173123
2009	4	15	0.72604978
2009	4	16	0.51395259
2009	4	17	0.43989746
2009	4	18	0.85900400
2009	4	19	1.42038780
2009	4	20	1.08357305
2009	4	21	0.72173972
2009	4	22	0.51115018
2009	4	23	0.38792140
2009	4	24	0.31297672
2009	4	25	0.28358380
2009	4	26	0.32111915
2009	4	27	0.57851851
2009	4	28	0.50953680
2009	4	29	0.73423910
2009	4	30	0.82024547
2009	5	1	1.41042821
2009	5	2	4.11174358
2009	5	3	6.37759759
2009	5	4	4.67332640
2009	5	5	3.95356864
2009	5	6	3.24694198
2009	5	7	2.26663393
2009	5	8	3.36185944
2009	5	9	2.56236363
2009	5	10	1.72343330
2009	5	11	1.24788556
2009	5	12	2.36936614
2009	5	13	2.15878947
2009	5	14	1.98319944
2009	5	15	1.51734534
2009	5	16	1.74608127
2009	5	17	1.41281238
2009	5	18	1.08381747
2009	5	19	0.88729396
2009	5	20	0.76304187
2009	5	21	0.68459336
2009	5	22	0.63089720
2009	5	23	0.74000392
2009	5	24	0.97343522
2009	5	25	1.16949417
2009	5	26	1.05119320
2009	5	27	0.85782740
2009	5	28	0.68947634
2009	5	29	0.58060903
2009	5	30	0.51060870
2009	5	31	0.46311645
2009	6	1	0.53119416
2009	6	2	0.48337549
2009	6	3	0.61047839
2009	6	4	0.53808161
2009	6	5	0.45066225
2009	6	6	0.39140295
2009	6	7	0.35204096
2009	6	8	0.32817918
2009	6	9	0.68602721
2009	6	10	1.88665257
2009	6	11	1.49082330
2009	6	12	2.19942203
2009	6	13	2.03571342
2009	6	14	1.61965460
2009	6	15	1.10575751
2009	6	16	2.06843547
2009	6	17	1.63075885
2009	6	18	1.04943960
2009	6	19	0.68886959
2009	6	20	0.47656908
2009	6	21	0.34987092
2009	6	22	0.27202782
2009	6	23	0.24187337
2009	6	24	0.21521835
2009	6	25	0.18984536
2009	6	26	0.17087936
2009	6	27	0.17747589
2009	6	28	0.16469117
2009	6	29	0.15159372
2009	6	30	0.14079200
2009	7	1	0.13140416
2009	7	2	0.21642184
2009	7	3	0.37590893
2009	7	4	0.39739173
2009	7	5	0.34438156
2009	7	6	0.24855358
2009	7	7	0.18319053
2009	7	8	0.14366814
2009	7	9	0.11922148
2009	7	10	0.10361667
2009	7	11	0.09322911
2009	7	12	0.16928399
2009	7	13	0.26505028
2009	7	14	0.26394329
2009	7	15	0.22012033
2009	7	16	0.19005949
2009	7	17	0.14490804
2009	7	18	0.10989651
2009	7	19	0.08789816
2009	7	20	0.89065293
2009	7	21	2.09054720
2009	7	22	1.54603752
2009	7	23	0.92381404
2009	7	24	0.55623828
2009	7	25	0.34198116
2009	7	26	0.21699655
2009	7	27	0.16177221
2009	7	28	0.11446538
2009	7	29	0.10780698
2009	7	30	0.18990383
2009	7	31	0.21565203
2009	8	1	0.28549827
2009	8	2	0.21184639
2009	8	3	0.13721279
2009	8	4	0.09286947
2009	8	5	0.44848404
2009	8	6	0.36870903
2009	8	7	0.23097765
2009	8	8	0.14554630
2009	8	9	0.23211638
2009	8	10	0.62131612
2009	8	11	0.95605985
2009	8	12	0.67676416
2009	8	13	0.40244839
2009	8	14	0.24294444
2009	8	15	0.15006585
2009	8	16	0.09616610
2009	8	17	0.08268406
2009	8	18	0.06776910
2009	8	19	0.40501296
2009	8	20	1.40029069
2009	8	21	1.08111995
2009	8	22	0.64183165
2009	8	23	0.37883011
2009	8	24	0.22658875
2009	8	25	0.13814934
2009	8	26	0.08658412
2009	8	27	0.37408395
2009	8	28	0.95113958
2009	8	29	0.69320057
2009	8	30	0.40822601
2009	8	31	0.24205043
2009	9	1	0.21229445
2009	9	2	0.36934493
2009	9	3	0.27814477
2009	9	4	0.27017611
2009	9	5	0.19601783
2009	9	6	0.13256221
2009	9	7	0.08440082
2009	9	8	0.27327123
2009	9	9	1.70384606
2009	9	10	2.10113820
2009	9	11	1.39096252
2009	9	12	0.81224703
2009	9	13	0.76759423
2009	9	14	1.04313715
2009	9	15	0.88179328
2009	9	16	1.18447334
2009	9	17	0.89804138
2009	9	18	0.57480715
2009	9	19	0.38225621
2009	9	20	0.32705668
2009	9	21	2.30977330
2009	9	22	4.08887430
2009	9	23	2.87444860
2009	9	24	1.68342423
2009	9	25	0.99281242
2009	9	26	0.59258594
2009	9	27	0.36133515
2009	9	28	0.22669245
2009	9	29	0.14926046
2009	9	30	0.10454635
2009	10	1	0.11600976
2009	10	2	0.10011577
2009	10	3	0.08196944
2009	10	4	0.06502488
2009	10	5	0.76102800
2009	10	6	1.06054560
2009	10	7	0.79323813
2009	10	8	4.91305740
2009	10	9	12.86144052
2009	10	10	9.54550697
2009	10	11	5.86099681
2009	10	12	4.38234286
2009	10	13	3.84192166
2009	10	14	2.85063016
2009	10	15	2.08172979
2009	10	16	1.58758469
2009	10	17	1.32496597
2009	10	18	1.16373461
2009	10	19	1.07132571
2009	10	20	1.01332231
2009	10	21	1.34033235
2009	10	22	2.74336727
2009	10	23	2.31756393
2009	10	24	1.76981136
2009	10	25	1.75396316
2009	10	26	2.65352129
2009	10	27	3.29561829
2009	10	28	2.57277890
2009	10	29	4.90915176
2009	10	30	4.96868267
2009	10	31	3.62049920
2009	11	1	2.62576392
2009	11	2	2.05648148
2009	11	3	1.72621918
2009	11	4	1.53450918
2009	11	5	1.41935954
2009	11	6	1.34569378
2009	11	7	1.29349715
2009	11	8	1.25353229
2009	11	9	1.22146761
2009	11	10	1.18766715
2009	11	11	1.15841987
2009	11	12	1.13179163
2009	11	13	1.10473830
2009	11	14	1.44435085
2009	11	15	3.45040613
2009	11	16	3.87069047
2009	11	17	3.14807753
2009	11	18	2.35606532
2009	11	19	1.89605013
2009	11	20	1.58968948
2009	11	21	1.34936650
2009	11	22	1.19465444
2009	11	23	1.33483670
2009	11	24	1.23161892
2009	11	25	1.21416980
2009	11	26	1.11143184
2009	11	27	1.02614114
2009	11	28	1.01346846
2009	11	29	1.06549961
2009	11	30	1.16433968
2009	12	1	1.07023156
2009	12	2	0.97218747
2009	12	3	0.90858542
2009	12	4	0.86519462
2009	12	5	0.84018669
2009	12	6	0.81525020
2009	12	7	0.86384669
2009	12	8	1.32282228
2009	12	9	1.24363942
2009	12	10	1.03715187
2009	12	11	0.89988633
2009	12	12	0.96573750
2009	12	13	0.87734862
2009	12	14	0.78990863
2009	12	15	0.73309257
2009	12	16	0.69513212
2009	12	17	0.66811778
2009	12	18	0.64736576
2009	12	19	0.63015417
2009	12	20	0.61460841
2009	12	21	0.60115201
2009	12	22	0.62220444
2009	12	23	0.66457058
2009	12	24	1.15039171
2009	12	25	1.02411517
2009	12	26	0.81972788
2009	12	27	0.69334063
2009	12	28	0.61795737
2009	12	29	0.58154430
2009	12	30	0.56592430
2009	12	31	0.53442558
2010	1	1	0.50983551
2010	1	2	0.49664634
2010	1	3	0.48204396
2010	1	4	0.46960263
2010	1	5	0.45858922
2010	1	6	0.44975023
2010	1	7	0.44181167
2010	1	8	0.43427402
2010	1	9	0.42702943
2010	1	10	0.41995645
2010	1	11	0.41353907
2010	1	12	0.40716975
2010	1	13	0.40208256
2010	1	14	0.39503859
2010	1	15	0.44168470
2010	1	16	0.45617809
2010	1	17	0.42488458
2010	1	18	0.39643557
2010	1	19	0.39887552
2010	1	20	1.03536621
2010	1	21	1.67185459
2010	1	22	1.27620389
2010	1	23	1.10030595
2010	1	24	0.83568598
2010	1	25	0.62403416
2010	1	26	0.49776078
2010	1	27	0.42348802
2010	1	28	0.53669314
2010	1	29	0.48001170
2010	1	30	0.41088493
2010	1	31	0.36981042
2010	2	1	0.34709112
2010	2	2	0.33243419
2010	2	3	0.35503562
2010	2	4	0.70687432
2010	2	5	0.84424305
2010	2	6	0.69809891
2010	2	7	0.60866838
2010	2	8	0.49367924
2010	2	9	0.41209318
2010	2	10	0.36467559
2010	2	11	0.33692911
2010	2	12	0.32228054
2010	2	13	0.31934600
2010	2	14	0.31294456
2010	2	15	0.30547501
2010	2	16	0.29954420
2010	2	17	0.29556381
2010	2	18	0.29255027
2010	2	19	0.29003154
2010	2	20	0.44947429
2010	2	21	0.93158194
2010	2	22	0.83385427
2010	2	23	0.61345480
2010	2	24	0.47033153
2010	2	25	0.38651158
2010	2	26	0.33822564
2010	2	27	0.30813376
2010	2	28	0.28939552
2010	3	1	0.27730297
2010	3	2	0.26895957
2010	3	3	0.26285363
2010	3	4	0.25777948
2010	3	5	0.25259578
2010	3	6	0.24808379
2010	3	7	0.26460835
2010	3	8	0.55191880
2010	3	9	0.59745249
2010	3	10	0.46767994
2010	3	11	0.45876568
2010	3	12	0.37741609
2010	3	13	0.31548348
2010	3	14	0.26981382
2010	3	15	0.23895553
2010	3	16	0.21894225
2010	3	17	0.20529662
2010	3	18	0.19536709
2010	3	19	0.31700677
2010	3	20	1.94632801
2010	3	21	1.57085803
2010	3	22	3.56230673
2010	3	23	2.78965354
2010	3	24	2.63093453
2010	3	25	3.70549435
2010	3	26	3.24863164
2010	3	27	2.14182225
2010	3	28	1.63140424
2010	3	29	1.13801499
2010	3	30	0.79448442
2010	3	31	0.59726085
2010	4	1	0.63493697
2010	4	2	1.28235053
2010	4	3	1.40729043
2010	4	4	1.04394054
2010	4	5	0.74600781
2010	4	6	0.61304050
2010	4	7	0.50524485
2010	4	8	0.43127251
2010	4	9	0.38490676
2010	4	10	0.35521014
2010	4	11	0.33451020
2010	4	12	0.31857712
2010	4	13	0.30498138
2010	4	14	0.29194983
2010	4	15	0.28835392
2010	4	16	0.27887278
2010	4	17	0.40640160
2010	4	18	0.37027840
2010	4	19	0.32450298
2010	4	20	0.28349097
2010	4	21	0.25361490
2010	4	22	0.23634919
2010	4	23	0.27025403
2010	4	24	2.24197054
2010	4	25	1.99852101
2010	4	26	1.29338268
2010	4	27	0.82271093
2010	4	28	0.54697647
2010	4	29	0.48522176
2010	4	30	0.42108353
2010	5	1	0.37950495
2010	5	2	0.29588232
2010	5	3	0.22985941
2010	5	4	0.18930095
2010	5	5	0.16357241
2010	5	6	0.14370247
2010	5	7	0.13218993
2010	5	8	0.12439611
2010	5	9	0.69718418
2010	5	10	1.67176853
2010	5	11	1.27635200
2010	5	12	0.89017493
2010	5	13	1.21771338
2010	5	14	2.01153589
2010	5	15	3.25514194
2010	5	16	5.65545414
2010	5	17	4.06027809
2010	5	18	2.57720740
2010	5	19	3.11761843
2010	5	20	3.63031033
2010	5	21	2.51828995
2010	5	22	1.56051723
2010	5	23	1.00896161
2010	5	24	0.68902741
2010	5	25	2.05709777
2010	5	26	4.06605048
2010	5	27	2.99326348
2010	5	28	1.85498599
2010	5	29	1.19821290
2010	5	30	0.81624721
2010	5	31	0.58989702
2010	6	1	0.45516276
2010	6	2	0.76491773
2010	6	3	1.56326946
2010	6	4	1.20119507
2010	6	5	0.79955590
2010	6	6	0.58645771
2010	6	7	0.44399392
2010	6	8	0.36922296
2010	6	9	0.30836729
2010	6	10	0.26787371
2010	6	11	0.24378701
2010	6	12	0.22255918
2010	6	13	0.31813658
2010	6	14	0.51855454
2010	6	15	1.00016765
2010	6	16	0.82095528
2010	6	17	0.74905036
2010	6	18	0.54515538
2010	6	19	0.41671565
2010	6	20	0.31627473
2010	6	21	0.24154477
2010	6	22	0.19468760
2010	6	23	0.16537311
2010	6	24	0.14634212
2010	6	25	0.13657832
2010	6	26	0.15069029
2010	6	27	0.30048882
2010	6	28	0.41645531
2010	6	29	0.31251393
2010	6	30	0.22114822
2010	7	1	0.16657768
2010	7	2	0.16570298
2010	7	3	0.14747080
2010	7	4	0.12506199
2010	7	5	0.10886290
2010	7	6	0.18865775
2010	7	7	0.19706587
2010	7	8	0.65091556
2010	7	9	0.69234124
2010	7	10	0.48352381
2010	7	11	0.32425224
2010	7	12	1.72300097
2010	7	13	3.50160843
2010	7	14	2.52209504
2010	7	15	4.35878713
2010	7	16	4.35796088
2010	7	17	2.82106187
2010	7	18	1.67602077
2010	7	19	1.01134766
2010	7	20	0.62477280
2010	7	21	0.40041938
2010	7	22	0.27011525
2010	7	23	0.19398365
2010	7	24	0.14706237
2010	7	25	0.12251507
2010	7	26	0.14001318
2010	7	27	0.12804766
2010	7	28	0.10770905
2010	7	29	0.09496949
2010	7	30	0.08707281
2010	7	31	0.08162111
2010	8	1	0.07758283
2010	8	2	0.07438036
2010	8	3	0.07168058
2010	8	4	0.07663589
2010	8	5	0.08181376
2010	8	6	0.10180320
2010	8	7	0.09255981
2010	8	8	0.07823766
2010	8	9	0.06918410
2010	8	10	0.06321238
2010	8	11	0.05911391
2010	8	12	0.05678683
2010	8	13	0.06065216
2010	8	14	0.06027259
2010	8	15	0.05579991
2010	8	16	0.05172884
2010	8	17	0.04927165
2010	8	18	0.04675836
2010	8	19	0.04464893
2010	8	20	0.04328484
2010	8	21	0.04166292
2010	8	22	0.04008181
2010	8	23	0.03868215
2010	8	24	0.03742002
2010	8	25	0.03622797
2010	8	26	0.03509197
2010	8	27	0.03402635
2010	8	28	0.03301129
2010	8	29	0.03202440
2010	8	30	0.03108560
2010	8	31	0.03016548
2010	9	1	0.18007185
2010	9	2	1.47633771
2010	9	3	3.09471006
2010	9	4	2.21807793
2010	9	5	1.29890698
2010	9	6	0.76488502
2010	9	7	0.45629077
2010	9	8	0.84822627
2010	9	9	5.93852924
2010	9	10	5.25290313
2010	9	11	3.24584206
2010	9	12	1.91355327
2010	9	13	1.54578907
2010	9	14	2.99514316
2010	9	15	3.05245988
2010	9	16	2.02551306
2010	9	17	1.22584320
2010	9	18	0.78016475
2010	9	19	0.51490742
2010	9	20	0.34628413
2010	9	21	0.23792821
2010	9	22	0.17991564
2010	9	23	0.24305594
2010	9	24	2.81460826
2010	9	25	2.23586050
2010	9	26	1.34012414
2010	9	27	0.82114695
2010	9	28	0.52114352
2010	9	29	0.34688502
2010	9	30	0.24520212
