1998	1	1	4.29194669
1998	1	2	8.78123969
1998	1	3	9.55784125
1998	1	4	15.39908974
1998	1	5	19.91469103
1998	1	6	13.88470558
1998	1	7	7.92837727
1998	1	8	7.40884968
1998	1	9	6.44924376
1998	1	10	3.78781639
1998	1	11	2.61597015
1998	1	12	2.34847981
1998	1	13	2.21638533
1998	1	14	2.02463950
1998	1	15	1.92424865
1998	1	16	1.78114693
1998	1	17	1.65760170
1998	1	18	1.60615004
1998	1	19	1.50886950
1998	1	20	1.42594268
1998	1	21	1.37076585
1998	1	22	1.33048852
1998	1	23	1.28552947
1998	1	24	1.23142164
1998	1	25	1.92949948
1998	1	26	4.53229421
1998	1	27	4.45069242
1998	1	28	2.28531972
1998	1	29	1.32599394
1998	1	30	1.12064206
1998	1	31	1.20871397
1998	2	1	1.68335567
1998	2	2	1.33382525
1998	2	3	0.98365192
1998	2	4	0.88649016
1998	2	5	0.84018509
1998	2	6	0.80406272
1998	2	7	0.77219301
1998	2	8	0.74533164
1998	2	9	0.84820968
1998	2	10	2.14868317
1998	2	11	5.05779367
1998	2	12	4.44073249
1998	2	13	1.89909092
1998	2	14	0.90069176
1998	2	15	1.01876605
1998	2	16	1.92864736
1998	2	17	1.93453629
1998	2	18	1.10984778
1998	2	19	0.74128857
1998	2	20	0.66362415
1998	2	21	0.62218715
1998	2	22	0.60095338
1998	2	23	0.54406218
1998	2	24	0.50215886
1998	2	25	1.57518024
1998	2	26	5.55603849
1998	2	27	6.01020843
1998	2	28	3.04063010
1998	3	1	1.11750147
1998	3	2	0.62166696
1998	3	3	0.52674882
1998	3	4	0.48528924
1998	3	5	0.77144726
1998	3	6	1.81750355
1998	3	7	3.13865751
1998	3	8	7.19133507
1998	3	9	6.36421447
1998	3	10	2.47390822
1998	3	11	0.90653278
1998	3	12	0.65422717
1998	3	13	0.70034933
1998	3	14	1.42749915
1998	3	15	3.13081404
1998	3	16	6.08499185
1998	3	17	7.91503763
1998	3	18	6.69954836
1998	3	19	8.01988344
1998	3	20	7.33029365
1998	3	21	4.09027012
1998	3	22	1.87594439
1998	3	23	1.20338265
1998	3	24	1.12142069
1998	3	25	0.90854922
1998	3	26	0.76319418
1998	3	27	1.01353079
1998	3	28	1.83318377
1998	3	29	1.26749049
1998	3	30	1.77722924
1998	3	31	5.05789457
1998	4	1	4.41664975
1998	4	2	1.98186421
1998	4	3	1.45029645
1998	4	4	0.99064260
1998	4	5	0.67997604
1998	4	6	0.76427918
1998	4	7	1.21923717
1998	4	8	0.92256916
1998	4	9	0.65026992
1998	4	10	0.53632573
1998	4	11	0.48118700
1998	4	12	0.45609091
1998	4	13	0.44598500
1998	4	14	0.41713988
1998	4	15	0.53447438
1998	4	16	1.02141455
1998	4	17	0.76403474
1998	4	18	0.44289090
1998	4	19	0.35216825
1998	4	20	0.32180687
1998	4	21	0.30843126
1998	4	22	0.32205394
1998	4	23	0.35381319
1998	4	24	0.30727869
1998	4	25	0.26743341
1998	4	26	0.79753737
1998	4	27	2.89073825
1998	4	28	2.71674139
1998	4	29	1.16160135
1998	4	30	0.47860171
1998	5	1	0.36815470
1998	5	2	0.32722060
1998	5	3	0.33998632
1998	5	4	0.29602969
1998	5	5	0.39880118
1998	5	6	1.05445090
1998	5	7	1.34848605
1998	5	8	0.79406278
1998	5	9	0.53588715
1998	5	10	1.06637261
1998	5	11	0.82966237
1998	5	12	0.42359655
1998	5	13	0.24276712
1998	5	14	0.18120388
1998	5	15	0.14982923
1998	5	16	0.12975378
1998	5	17	0.11612477
1998	5	18	0.10623955
1998	5	19	0.09881639
1998	5	20	0.09297907
1998	5	21	0.08790851
1998	5	22	0.08327234
1998	5	23	0.07948099
1998	5	24	0.37987646
1998	5	25	2.02242268
1998	5	26	3.94410571
1998	5	27	4.11454655
1998	5	28	2.19663198
1998	5	29	1.08506279
1998	5	30	1.12442946
1998	5	31	0.72301964
1998	6	1	0.36924620
1998	6	2	0.21247950
1998	6	3	0.14858566
1998	6	4	0.17738705
1998	6	5	0.36385031
1998	6	6	0.23446604
1998	6	7	0.16332217
1998	6	8	0.29593029
1998	6	9	0.92217021
1998	6	10	0.81707298
1998	6	11	0.45929497
1998	6	12	0.31810059
1998	6	13	0.16991650
1998	6	14	0.09242498
1998	6	15	0.07151363
1998	6	16	0.07699039
1998	6	17	0.13684198
1998	6	18	0.35499436
1998	6	19	0.33254851
1998	6	20	0.29821976
1998	6	21	0.26566365
1998	6	22	0.37543305
1998	6	23	0.23500087
1998	6	24	0.09589063
1998	6	25	0.05334278
1998	6	26	0.03958423
1998	6	27	0.03377741
1998	6	28	0.03000389
1998	6	29	0.04911034
1998	6	30	0.17551668
1998	7	1	0.34367041
1998	7	2	0.60759958
1998	7	3	0.33560231
1998	7	4	0.11874411
1998	7	5	0.06263943
1998	7	6	0.04049187
1998	7	7	0.11019285
1998	7	8	0.42169515
1998	7	9	0.25876912
1998	7	10	0.07064023
1998	7	11	0.20338534
1998	7	12	0.82408570
1998	7	13	0.73165652
1998	7	14	0.27740923
1998	7	15	0.07600383
1998	7	16	0.03837321
1998	7	17	0.02590331
1998	7	18	0.01997829
1998	7	19	0.01635475
1998	7	20	0.01412965
1998	7	21	0.01301069
1998	7	22	0.01238329
1998	7	23	0.01377223
1998	7	24	0.01531872
1998	7	25	0.01449773
1998	7	26	0.01212060
1998	7	27	0.01033963
1998	7	28	0.01017370
1998	7	29	0.01024117
1998	7	30	0.00938712
1998	7	31	0.00875740
1998	8	1	0.00828655
1998	8	2	0.02192301
1998	8	3	0.05919016
1998	8	4	0.18286794
1998	8	5	0.58845315
1998	8	6	0.37047537
1998	8	7	0.13283226
1998	8	8	0.05861753
1998	8	9	0.08362936
1998	8	10	0.21371388
1998	8	11	0.16447175
1998	8	12	0.10702866
1998	8	13	0.13274517
1998	8	14	0.33330119
1998	8	15	0.26142826
1998	8	16	0.11920549
1998	8	17	0.04667984
1998	8	18	0.05580340
1998	8	19	0.14408083
1998	8	20	0.13761960
1998	8	21	0.08662162
1998	8	22	0.03277598
1998	8	23	0.01698894
1998	8	24	0.01081512
1998	8	25	0.03805331
1998	8	26	0.13506726
1998	8	27	0.10386586
1998	8	28	0.06821705
1998	8	29	0.03651608
1998	8	30	0.01383821
1998	8	31	0.00735606
1998	9	1	0.00542167
1998	9	2	0.00436317
1998	9	3	0.00372514
1998	9	4	0.00607616
1998	9	5	0.01596256
1998	9	6	0.01324952
1998	9	7	0.00686276
1998	9	8	0.00377841
1998	9	9	0.00301056
1998	9	10	0.00276318
1998	9	11	0.00260535
1998	9	12	0.12660762
1998	9	13	1.21870168
1998	9	14	3.88792993
1998	9	15	4.87703029
1998	9	16	2.72291948
1998	9	17	1.03581335
1998	9	18	0.41104734
1998	9	19	0.19703062
1998	9	20	0.10853660
1998	9	21	0.45426469
1998	9	22	1.81405557
1998	9	23	1.38162779
1998	9	24	0.45173273
1998	9	25	0.12303278
1998	9	26	0.05378977
1998	9	27	0.03103260
1998	9	28	0.02047341
1998	9	29	0.01471260
1998	9	30	0.06935959
1998	10	1	0.24954093
1998	10	2	0.21958653
1998	10	3	0.30091095
1998	10	4	0.23510257
1998	10	5	2.50061396
1998	10	6	10.76097212
1998	10	7	10.90405899
1998	10	8	4.07161740
1998	10	9	1.00074101
1998	10	10	0.47724093
1998	10	11	0.30909470
1998	10	12	0.21357757
1998	10	13	0.15794552
1998	10	14	0.12540229
1998	10	15	0.10598878
1998	10	16	0.19344310
1998	10	17	0.54111454
1998	10	18	0.54774679
1998	10	19	0.44021250
1998	10	20	0.22276321
1998	10	21	0.13334621
1998	10	22	0.10314641
1998	10	23	0.09096050
1998	10	24	0.08336792
1998	10	25	0.07824119
1998	10	26	0.07447751
1998	10	27	0.07159561
1998	10	28	0.07167212
1998	10	29	0.08591706
1998	10	30	0.17396976
1998	10	31	0.23892553
1998	11	1	0.59782422
1998	11	2	2.33958583
1998	11	3	2.30484790
1998	11	4	0.99548987
1998	11	5	0.38202760
1998	11	6	0.25992735
1998	11	7	0.70015931
1998	11	8	1.93098080
1998	11	9	2.35464656
1998	11	10	2.18262140
1998	11	11	1.31782912
1998	11	12	0.62164425
1998	11	13	0.33965704
1998	11	14	0.23655203
1998	11	15	0.19173662
1998	11	16	0.16644276
1998	11	17	0.15185038
1998	11	18	0.18144642
1998	11	19	0.49738417
1998	11	20	1.07929191
1998	11	21	0.85933030
1998	11	22	0.45826792
1998	11	23	0.28403793
1998	11	24	0.22119711
1998	11	25	0.19201312
1998	11	26	0.17456469
1998	11	27	0.16360446
1998	11	28	0.15624052
1998	11	29	0.69101230
1998	11	30	2.89845550
1998	12	1	3.00188591
1998	12	2	1.35213549
1998	12	3	0.72972818
1998	12	4	1.33235749
1998	12	5	1.07056397
1998	12	6	0.63810742
1998	12	7	0.82200604
1998	12	8	0.57706510
1998	12	9	0.34540308
1998	12	10	0.27100035
1998	12	11	0.32291680
1998	12	12	1.01447401
1998	12	13	2.41097303
1998	12	14	1.99320905
1998	12	15	1.05573937
1998	12	16	0.59174740
1998	12	17	0.40053069
1998	12	18	0.45010721
1998	12	19	0.88344591
1998	12	20	0.92484964
1998	12	21	0.73459968
1998	12	22	0.53069473
1998	12	23	0.37593261
1998	12	24	0.30721390
1998	12	25	0.28398578
1998	12	26	0.27533647
1998	12	27	0.26682513
1998	12	28	0.25975132
1998	12	29	0.25514799
1998	12	30	0.25137797
1998	12	31	0.25772802
1999	1	1	0.30496088
1999	1	2	0.31091258
1999	1	3	0.27451281
1999	1	4	0.24443234
1999	1	5	0.23627106
1999	1	6	0.25244924
1999	1	7	0.44167066
1999	1	8	0.75069624
1999	1	9	0.51983633
1999	1	10	0.26988429
1999	1	11	0.25032533
1999	1	12	0.28308953
1999	1	13	0.24706635
1999	1	14	0.21048790
1999	1	15	0.20130300
1999	1	16	0.19700474
1999	1	17	0.19319774
1999	1	18	0.19072976
1999	1	19	0.18657861
1999	1	20	0.18045270
1999	1	21	0.18355504
1999	1	22	0.29273122
1999	1	23	0.56877217
1999	1	24	0.64065886
1999	1	25	0.40316644
1999	1	26	0.23038397
1999	1	27	0.17895540
1999	1	28	0.21446416
1999	1	29	0.46590099
1999	1	30	1.00850898
1999	1	31	1.73081542
1999	2	1	1.38612989
1999	2	2	0.64584116
1999	2	3	0.30574317
1999	2	4	0.21609872
1999	2	5	0.18611233
1999	2	6	1.01516978
1999	2	7	4.41842456
1999	2	8	4.79676197
1999	2	9	2.23299394
1999	2	10	0.90672616
1999	2	11	0.67690227
1999	2	12	0.77864678
1999	2	13	0.79695606
1999	2	14	0.55703583
1999	2	15	0.38543942
1999	2	16	0.33510944
1999	2	17	0.31282223
1999	2	18	0.31359436
1999	2	19	0.33302750
1999	2	20	0.31928226
1999	2	21	0.28604961
1999	2	22	0.26554971
1999	2	23	0.25673760
1999	2	24	0.25068595
1999	2	25	0.24486319
1999	2	26	0.23847509
1999	2	27	0.23166021
1999	2	28	0.22488683
1999	3	1	0.21866986
1999	3	2	0.22306491
1999	3	3	0.25092979
1999	3	4	0.24308871
1999	3	5	0.23737021
1999	3	6	0.23120211
1999	3	7	0.49704225
1999	3	8	2.09773136
1999	3	9	4.02602953
1999	3	10	3.09108428
1999	3	11	1.50757060
1999	3	12	2.52918053
1999	3	13	5.95843191
1999	3	14	4.77491287
1999	3	15	3.03187049
1999	3	16	2.86283050
1999	3	17	3.78711991
1999	3	18	2.06445705
1999	3	19	1.33535185
1999	3	20	2.96170374
1999	3	21	3.08653809
1999	3	22	1.50790795
1999	3	23	0.72347352
1999	3	24	0.55631866
1999	3	25	0.47142138
1999	3	26	0.42559275
1999	3	27	0.40145161
1999	3	28	0.57913483
1999	3	29	1.22017473
1999	3	30	0.90859535
1999	3	31	0.49447449
1999	4	1	0.37338097
1999	4	2	0.71123333
1999	4	3	2.81270105
1999	4	4	5.50397759
1999	4	5	5.00144037
1999	4	6	3.49481612
1999	4	7	1.86413042
1999	4	8	0.86941181
1999	4	9	0.86428405
1999	4	10	0.60781576
1999	4	11	0.40507918
1999	4	12	0.33936007
1999	4	13	0.75660224
1999	4	14	2.48034337
1999	4	15	2.42113933
1999	4	16	1.09931668
1999	4	17	0.50346589
1999	4	18	0.36641368
1999	4	19	0.31528928
1999	4	20	0.28167291
1999	4	21	0.26314517
1999	4	22	0.48428473
1999	4	23	1.15872907
1999	4	24	1.08966282
1999	4	25	1.44996628
1999	4	26	3.69684954
1999	4	27	4.16229973
1999	4	28	2.01259975
1999	4	29	0.81983413
1999	4	30	0.50963669
1999	5	1	0.39220441
1999	5	2	0.32677433
1999	5	3	0.71044835
1999	5	4	3.27497393
1999	5	5	6.78357115
1999	5	6	5.35949956
1999	5	7	2.06508664
1999	5	8	0.76137461
1999	5	9	0.56000942
1999	5	10	1.49323400
1999	5	11	5.69861126
1999	5	12	10.05812942
1999	5	13	6.87096857
1999	5	14	2.55040309
1999	5	15	1.08538708
1999	5	16	0.93523817
1999	5	17	1.77774998
1999	5	18	2.65883089
1999	5	19	1.77276194
1999	5	20	1.14329605
1999	5	21	2.12271631
1999	5	22	2.33896418
1999	5	23	4.18317425
1999	5	24	3.49674214
1999	5	25	1.93264219
1999	5	26	2.27793257
1999	5	27	1.47752316
1999	5	28	0.70439382
1999	5	29	0.54507740
1999	5	30	0.70880869
1999	5	31	1.39221672
1999	6	1	2.04441424
1999	6	2	1.24234254
1999	6	3	0.59230497
1999	6	4	0.40855720
1999	6	5	0.35146033
1999	6	6	0.31806878
1999	6	7	0.29320335
1999	6	8	0.27392672
1999	6	9	0.25720699
1999	6	10	0.69682571
1999	6	11	2.25646467
1999	6	12	2.15405107
1999	6	13	1.39502147
1999	6	14	1.71948685
1999	6	15	1.15647210
1999	6	16	0.90802702
1999	6	17	1.44172341
1999	6	18	1.13626424
1999	6	19	1.05828083
1999	6	20	2.07145412
1999	6	21	1.80869328
1999	6	22	1.00634675
1999	6	23	1.18338479
1999	6	24	2.37136419
1999	6	25	3.99287610
1999	6	26	3.44400573
1999	6	27	1.88773116
1999	6	28	1.70094224
1999	6	29	2.78331884
1999	6	30	6.85128441
1999	7	1	9.64267490
1999	7	2	10.66235414
1999	7	3	6.92669795
1999	7	4	2.93056114
1999	7	5	1.38630172
1999	7	6	1.10331727
1999	7	7	1.32989897
1999	7	8	0.96788924
1999	7	9	0.66683246
1999	7	10	0.86073811
1999	7	11	1.84241691
1999	7	12	1.45645682
1999	7	13	0.74666183
1999	7	14	0.48931441
1999	7	15	0.42372111
1999	7	16	0.39465965
1999	7	17	0.37137205
1999	7	18	0.35158334
1999	7	19	0.33419416
1999	7	20	0.31876048
1999	7	21	0.30440249
1999	7	22	0.29086248
1999	7	23	0.27807650
1999	7	24	0.26611045
1999	7	25	0.25476708
1999	7	26	0.24392042
1999	7	27	0.23354620
1999	7	28	0.22362081
1999	7	29	0.21412024
1999	7	30	0.20502721
1999	7	31	0.19632251
1999	8	1	0.18817667
1999	8	2	0.18369406
1999	8	3	0.21627794
1999	8	4	0.22264002
1999	8	5	0.26560982
1999	8	6	0.22011998
1999	8	7	0.17130229
1999	8	8	0.14710307
1999	8	9	0.13727223
1999	8	10	0.13037653
1999	8	11	0.12391855
1999	8	12	0.13144679
1999	8	13	0.15985574
1999	8	14	0.13822152
1999	8	15	0.11802429
1999	8	16	0.10635234
1999	8	17	0.09893390
1999	8	18	0.09311104
1999	8	19	0.08824902
1999	8	20	0.08399928
1999	8	21	0.08016584
1999	8	22	0.07679432
1999	8	23	0.08954098
1999	8	24	0.13872248
1999	8	25	0.14119787
1999	8	26	0.22203525
1999	8	27	0.62268076
1999	8	28	0.42704632
1999	8	29	0.18035272
1999	8	30	0.09951472
1999	8	31	0.07529617
1999	9	1	0.06374078
1999	9	2	0.05826127
1999	9	3	0.05247848
1999	9	4	0.22893135
1999	9	5	0.97768539
1999	9	6	1.07125089
1999	9	7	0.70954815
1999	9	8	1.16671986
1999	9	9	0.88970721
1999	9	10	0.41008147
1999	9	11	0.69475285
1999	9	12	1.23582740
1999	9	13	1.64914975
1999	9	14	0.90996595
1999	9	15	0.34803228
1999	9	16	0.16216053
1999	9	17	0.09966173
1999	9	18	0.07195987
1999	9	19	0.10570824
1999	9	20	0.25478251
1999	9	21	0.25388109
1999	9	22	0.14302973
1999	9	23	0.09084191
1999	9	24	0.05552989
1999	9	25	0.03314748
1999	9	26	0.02653494
1999	9	27	0.02326571
1999	9	28	0.03101369
1999	9	29	0.06485146
1999	9	30	0.04728950
1999	10	1	0.03296782
1999	10	2	0.02712602
1999	10	3	0.02122512
1999	10	4	0.01903887
1999	10	5	0.01783309
1999	10	6	0.01630720
1999	10	7	0.07197169
1999	10	8	0.24451004
1999	10	9	0.16086496
1999	10	10	0.09407656
1999	10	11	0.05815416
1999	10	12	0.03115112
1999	10	13	0.02002404
1999	10	14	0.01495166
1999	10	15	0.01265099
1999	10	16	0.02512255
1999	10	17	0.06509668
1999	10	18	0.04562752
1999	10	19	0.02326437
1999	10	20	0.01429278
1999	10	21	0.01124883
1999	10	22	0.00967276
1999	10	23	0.00867860
1999	10	24	0.00800849
1999	10	25	0.00753004
1999	10	26	0.00716122
1999	10	27	0.00686474
1999	10	28	0.00659409
1999	10	29	0.01005625
1999	10	30	0.36084703
1999	10	31	1.89988983
1999	11	1	2.98158169
1999	11	2	2.30599433
1999	11	3	0.91381644
1999	11	4	0.28451536
1999	11	5	0.13416282
1999	11	6	0.07955168
1999	11	7	0.04877938
1999	11	8	0.03090527
1999	11	9	0.02050850
1999	11	10	0.01445314
1999	11	11	0.01069532
1999	11	12	0.00802324
1999	11	13	0.00651594
1999	11	14	0.00596580
1999	11	15	0.00588838
1999	11	16	0.00583362
1999	11	17	0.00577008
1999	11	18	0.00570709
1999	11	19	0.00569236
1999	11	20	0.00567061
1999	11	21	0.00712073
1999	11	22	0.37584908
1999	11	23	1.76832257
1999	11	24	1.78957332
1999	11	25	0.72010677
1999	11	26	0.22046677
1999	11	27	0.10367522
1999	11	28	0.06254345
1999	11	29	0.03913014
1999	11	30	0.02558006
1999	12	1	0.01774708
1999	12	2	0.27490817
1999	12	3	1.38489900
1999	12	4	2.29013161
1999	12	5	3.40487672
1999	12	6	2.36957287
1999	12	7	0.92718367
1999	12	8	0.55938225
1999	12	9	1.63557023
1999	12	10	2.98445471
1999	12	11	3.00160308
1999	12	12	4.05487296
1999	12	13	3.76173156
1999	12	14	1.81196109
1999	12	15	0.71650765
1999	12	16	0.41175623
1999	12	17	0.31367162
1999	12	18	0.27042325
1999	12	19	0.24791197
1999	12	20	0.23622047
1999	12	21	0.23024705
1999	12	22	0.22770743
1999	12	23	0.22715899
1999	12	24	0.22680038
1999	12	25	0.22700705
1999	12	26	0.22735612
1999	12	27	0.22709782
1999	12	28	0.22631484
1999	12	29	0.22496107
1999	12	30	0.22290240
1999	12	31	0.22022337
2000	1	1	0.21768292
2000	1	2	0.78862772
2000	1	3	3.02569381
2000	1	4	3.15426482
2000	1	5	1.52167674
2000	1	6	0.65347637
2000	1	7	0.48092255
2000	1	8	0.56714843
2000	1	9	0.68739007
2000	1	10	0.48852463
2000	1	11	0.33056923
2000	1	12	0.28605754
2000	1	13	0.27016903
2000	1	14	0.26070841
2000	1	15	0.25312665
2000	1	16	0.24783981
2000	1	17	0.24362146
2000	1	18	0.23933638
2000	1	19	0.23498665
2000	1	20	0.23068650
2000	1	21	0.22664559
2000	1	22	0.22331857
2000	1	23	0.22219301
2000	1	24	0.22581579
2000	1	25	0.22404353
2000	1	26	0.21252379
2000	1	27	0.20814906
2000	1	28	0.20225984
2000	1	29	0.19624394
2000	1	30	0.19203623
2000	1	31	0.19375550
2000	2	1	0.23090722
2000	2	2	0.28465451
2000	2	3	0.39946538
2000	2	4	0.81997706
2000	2	5	1.11357217
2000	2	6	0.67671947
2000	2	7	0.26040588
2000	2	8	0.17289865
2000	2	9	0.16242622
2000	2	10	0.15640443
2000	2	11	0.15112670
2000	2	12	0.14664475
2000	2	13	0.14269421
2000	2	14	0.13813479
2000	2	15	0.13370193
2000	2	16	0.23779322
2000	2	17	0.97420632
2000	2	18	2.14008069
2000	2	19	1.70959995
2000	2	20	0.76896122
2000	2	21	0.32926275
2000	2	22	0.25954576
2000	2	23	0.44410060
2000	2	24	0.33294134
2000	2	25	0.36813291
2000	2	26	1.02068061
2000	2	27	1.00017459
2000	2	28	0.49160624
2000	2	29	0.23248371
2000	3	1	0.16565034
2000	3	2	0.45487016
2000	3	3	1.91648724
2000	3	4	2.43782561
2000	3	5	1.36202038
2000	3	6	0.55362390
2000	3	7	0.38503223
2000	3	8	0.64692440
2000	3	9	0.43701365
2000	3	10	0.29347545
2000	3	11	0.53322776
2000	3	12	0.57640121
2000	3	13	0.36596176
2000	3	14	0.22184786
2000	3	15	0.16780015
2000	3	16	0.15872633
2000	3	17	0.39736034
2000	3	18	1.49288971
2000	3	19	1.58173276
2000	3	20	0.75377227
2000	3	21	0.29836155
2000	3	22	0.20450904
2000	3	23	0.23758512
2000	3	24	0.45549381
2000	3	25	0.40214391
2000	3	26	0.51841250
2000	3	27	0.42939945
2000	3	28	0.26754064
2000	3	29	0.23878200
2000	3	30	0.31340587
2000	3	31	0.23582247
2000	4	1	0.20066734
2000	4	2	0.25437979
2000	4	3	0.19707070
2000	4	4	0.13276902
2000	4	5	0.10117569
2000	4	6	0.08759159
2000	4	7	0.08022424
2000	4	8	0.07597514
2000	4	9	0.07335260
2000	4	10	0.32102919
2000	4	11	1.47880878
2000	4	12	1.62049318
2000	4	13	0.70577528
2000	4	14	0.23254313
2000	4	15	0.19299926
2000	4	16	0.38929484
2000	4	17	0.26073159
2000	4	18	0.11854191
2000	4	19	0.14089949
2000	4	20	0.38834650
2000	4	21	0.26229987
2000	4	22	0.11654872
2000	4	23	0.13313233
2000	4	24	0.20394920
2000	4	25	0.26910792
2000	4	26	0.20695987
2000	4	27	0.11808277
2000	4	28	0.07620814
2000	4	29	0.24749469
2000	4	30	0.41430424
2000	5	1	1.11349899
2000	5	2	1.02012414
2000	5	3	0.49143287
2000	5	4	0.45199205
2000	5	5	0.46887617
2000	5	6	1.13761118
2000	5	7	2.05864361
2000	5	8	1.60397498
2000	5	9	0.82825358
2000	5	10	0.73132816
2000	5	11	0.39974884
2000	5	12	0.18813088
2000	5	13	0.10645670
2000	5	14	0.07254207
2000	5	15	0.05489073
2000	5	16	0.06901804
2000	5	17	0.12951403
2000	5	18	0.18037109
2000	5	19	0.18362592
2000	5	20	0.13704180
2000	5	21	0.08090658
2000	5	22	0.05444988
2000	5	23	0.04253563
2000	5	24	0.32152844
2000	5	25	1.41490777
2000	5	26	2.02766870
2000	5	27	3.43140182
2000	5	28	3.38807504
2000	5	29	1.32876551
2000	5	30	0.26019499
2000	5	31	0.10571585
2000	6	1	0.06667281
2000	6	2	0.08218394
2000	6	3	0.23419502
2000	6	4	0.25884386
2000	6	5	0.44440888
2000	6	6	0.27231255
2000	6	7	0.10396507
2000	6	8	0.04477065
2000	6	9	0.24883006
2000	6	10	1.21337494
2000	6	11	1.99379787
2000	6	12	2.25233671
2000	6	13	1.10377944
2000	6	14	0.82965512
2000	6	15	2.68021551
2000	6	16	2.98705687
2000	6	17	4.66016944
2000	6	18	6.39509632
2000	6	19	3.90048929
2000	6	20	3.01059013
2000	6	21	8.27851722
2000	6	22	9.46585529
2000	6	23	4.57176227
2000	6	24	2.06282510
2000	6	25	3.27814402
2000	6	26	3.26271894
2000	6	27	2.07757726
2000	6	28	3.21000879
2000	6	29	7.13204998
2000	6	30	6.16194206
2000	7	1	2.73342728
2000	7	2	1.36486660
2000	7	3	1.43340385
2000	7	4	1.21802975
2000	7	5	0.85491145
2000	7	6	0.61948591
2000	7	7	0.51479558
2000	7	8	0.45444356
2000	7	9	0.41219105
2000	7	10	0.37966398
2000	7	11	0.35366094
2000	7	12	0.33368254
2000	7	13	0.31727261
2000	7	14	0.30211897
2000	7	15	0.28793075
2000	7	16	0.27531335
2000	7	17	0.26347399
2000	7	18	0.25223771
2000	7	19	0.25842403
2000	7	20	0.60131111
2000	7	21	1.88660924
2000	7	22	1.91061121
2000	7	23	1.00895330
2000	7	24	0.50901796
2000	7	25	0.32093842
2000	7	26	0.30010945
2000	7	27	0.45557943
2000	7	28	0.67824727
2000	7	29	1.99461215
2000	7	30	2.60904132
2000	7	31	1.42130587
2000	8	1	0.62531203
2000	8	2	0.35963556
2000	8	3	0.25722862
2000	8	4	0.20182304
2000	8	5	0.16748289
2000	8	6	0.14541235
2000	8	7	0.13050386
2000	8	8	0.11983778
2000	8	9	0.11150087
2000	8	10	0.10416733
2000	8	11	0.09854466
2000	8	12	0.09431755
2000	8	13	0.09033855
2000	8	14	0.08652999
2000	8	15	0.08288991
2000	8	16	0.07941191
2000	8	17	0.07608587
2000	8	18	0.07290546
2000	8	19	0.06986922
2000	8	20	0.06696847
2000	8	21	0.06419203
2000	8	22	0.06153190
2000	8	23	0.05941125
2000	8	24	0.05896006
2000	8	25	0.05659413
2000	8	26	0.05344782
2000	8	27	0.05047899
2000	8	28	0.04812680
2000	8	29	0.04605162
2000	8	30	0.04411600
2000	8	31	0.04229031
2000	9	1	0.04056224
2000	9	2	0.03893994
2000	9	3	0.03738031
2000	9	4	0.03586951
2000	9	5	0.03480016
2000	9	6	0.03434833
2000	9	7	0.03259011
2000	9	8	0.03087659
2000	9	9	0.02930517
2000	9	10	0.02809925
2000	9	11	0.23476167
2000	9	12	1.08561748
2000	9	13	1.22202399
2000	9	14	0.61044789
2000	9	15	0.23324898
2000	9	16	0.10953569
2000	9	17	0.07027027
2000	9	18	0.04890050
2000	9	19	0.03619962
2000	9	20	0.02852491
2000	9	21	0.02378733
2000	9	22	0.33464094
2000	9	23	1.95009474
2000	9	24	4.29473565
2000	9	25	4.60609016
2000	9	26	2.41901195
2000	9	27	0.86912482
2000	9	28	0.34347079
2000	9	29	0.18291343
2000	9	30	0.11478442
2000	10	1	0.07546849
2000	10	2	0.05247820
2000	10	3	0.03897034
2000	10	4	0.03715478
2000	10	5	0.15909955
2000	10	6	0.55873462
2000	10	7	0.41033236
2000	10	8	0.15723254
2000	10	9	0.05723142
2000	10	10	0.03310350
2000	10	11	0.02654331
2000	10	12	0.02271046
2000	10	13	0.02036043
2000	10	14	0.02107783
2000	10	15	0.32854206
2000	10	16	1.38500586
2000	10	17	1.30445488
2000	10	18	0.54550333
2000	10	19	0.16442419
2000	10	20	0.07664014
2000	10	21	0.14463102
2000	10	22	0.53199215
2000	10	23	0.73029155
2000	10	24	0.42780260
2000	10	25	0.18402463
2000	10	26	0.38985229
2000	10	27	1.56849735
2000	10	28	2.73008242
2000	10	29	1.80992452
2000	10	30	0.59395934
2000	10	31	0.28747408
2000	11	1	0.29550161
2000	11	2	0.72781020
2000	11	3	0.85692892
2000	11	4	1.16293942
2000	11	5	1.77544398
2000	11	6	3.63300985
2000	11	7	3.74349886
2000	11	8	2.35469721
2000	11	9	2.42109635
2000	11	10	1.44822798
2000	11	11	0.66743122
2000	11	12	1.14312123
2000	11	13	2.33097539
2000	11	14	1.81166411
2000	11	15	0.86815841
2000	11	16	0.56147040
2000	11	17	0.42404619
2000	11	18	0.28822178
2000	11	19	0.21927512
2000	11	20	0.21667677
2000	11	21	0.20806886
2000	11	22	0.36318362
2000	11	23	1.20855683
2000	11	24	2.25024753
2000	11	25	3.13399273
2000	11	26	2.40240843
2000	11	27	1.18059328
2000	11	28	0.60413297
2000	11	29	0.43855575
2000	11	30	0.37209380
2000	12	1	0.33452571
2000	12	2	0.31307259
2000	12	3	0.30121190
2000	12	4	0.29397971
2000	12	5	0.29061435
2000	12	6	0.30953018
2000	12	7	0.37735815
2000	12	8	0.37463991
2000	12	9	0.35574781
2000	12	10	0.45657387
2000	12	11	0.57089094
2000	12	12	0.50926834
2000	12	13	0.36757303
2000	12	14	0.29989503
2000	12	15	0.27840862
2000	12	16	0.27561788
2000	12	17	0.28477743
2000	12	18	0.26947971
2000	12	19	0.25847156
2000	12	20	0.25054896
2000	12	21	0.24513355
2000	12	22	0.24243620
2000	12	23	0.23734829
2000	12	24	0.23515956
2000	12	25	0.23288128
2000	12	26	0.22518234
2000	12	27	0.21913155
2000	12	28	0.21503315
2000	12	29	0.21125848
2000	12	30	0.20758519
2000	12	31	0.20395458
2001	1	1	0.20036261
2001	1	2	0.19681156
2001	1	3	0.19329078
2001	1	4	0.18981789
2001	1	5	0.19507536
2001	1	6	0.30623492
2001	1	7	0.60140642
2001	1	8	1.07646487
2001	1	9	0.94631747
2001	1	10	0.67968020
2001	1	11	0.84805329
2001	1	12	1.04077596
2001	1	13	1.19171888
2001	1	14	2.41062877
2001	1	15	1.93357232
2001	1	16	0.68762309
2001	1	17	0.34763705
2001	1	18	0.28843440
2001	1	19	0.22801858
2001	1	20	0.19769878
2001	1	21	0.18530298
2001	1	22	0.20067470
2001	1	23	0.22938696
2001	1	24	0.26833330
2001	1	25	0.26724162
2001	1	26	0.23273465
2001	1	27	0.30457910
2001	1	28	1.41212285
2001	1	29	4.57691295
2001	1	30	6.12418986
2001	1	31	3.80447171
2001	2	1	1.38410951
2001	2	2	0.54363554
2001	2	3	0.38660468
2001	2	4	0.32544095
2001	2	5	0.28727051
2001	2	6	0.26423184
2001	2	7	0.24923797
2001	2	8	0.59809747
2001	2	9	1.88968233
2001	2	10	1.82807601
2001	2	11	0.87265484
2001	2	12	0.63622766
2001	2	13	1.66237211
2001	2	14	4.42363743
2001	2	15	10.86993200
2001	2	16	11.74109358
2001	2	17	5.17471128
2001	2	18	1.64575482
2001	2	19	1.59166424
2001	2	20	2.81656983
2001	2	21	1.55155196
2001	2	22	0.85090115
2001	2	23	2.16182684
2001	2	24	9.78713092
2001	2	25	19.14978626
2001	2	26	12.51962991
2001	2	27	4.68060807
2001	2	28	1.96255836
2001	3	1	1.36417098
2001	3	2	1.14768925
2001	3	3	0.96886828
2001	3	4	0.85816357
2001	3	5	0.79244329
2001	3	6	0.74521328
2001	3	7	0.70727998
2001	3	8	0.67329322
2001	3	9	0.64372164
2001	3	10	0.62083218
2001	3	11	0.83432001
2001	3	12	1.49762317
2001	3	13	1.12897780
2001	3	14	0.83318862
2001	3	15	1.51401389
2001	3	16	2.55711632
2001	3	17	2.17226753
2001	3	18	1.11557388
2001	3	19	0.65204262
2001	3	20	0.53544541
2001	3	21	0.49171271
2001	3	22	0.46031826
2001	3	23	0.43457482
2001	3	24	0.41226494
2001	3	25	0.39317877
2001	3	26	0.38065368
2001	3	27	0.40380352
2001	3	28	0.47375698
2001	3	29	0.44756732
2001	3	30	0.36783077
2001	3	31	0.32647751
2001	4	1	0.30563321
2001	4	2	0.29002617
2001	4	3	0.27819218
2001	4	4	0.26534257
2001	4	5	0.25545379
2001	4	6	0.25545306
2001	4	7	0.23907707
2001	4	8	0.22087543
2001	4	9	0.21019734
2001	4	10	0.33990774
2001	4	11	1.02178484
2001	4	12	1.20148394
2001	4	13	0.66043902
2001	4	14	0.54485912
2001	4	15	1.27311854
2001	4	16	1.03518044
2001	4	17	0.46977837
2001	4	18	0.25045580
2001	4	19	0.23943633
2001	4	20	0.38636658
2001	4	21	0.29743957
2001	4	22	0.33210270
2001	4	23	0.81254137
2001	4	24	0.56758349
2001	4	25	0.27057963
2001	4	26	0.16785149
2001	4	27	0.12632017
2001	4	28	0.11030222
2001	4	29	0.10019064
2001	4	30	0.09275294
2001	5	1	0.08690480
2001	5	2	0.08203230
2001	5	3	0.07926390
2001	5	4	0.08624982
2001	5	5	0.12458317
2001	5	6	0.51410446
2001	5	7	0.98788677
2001	5	8	0.72765895
2001	5	9	0.36518715
2001	5	10	0.18179411
2001	5	11	0.38517772
2001	5	12	1.41123795
2001	5	13	1.25510315
2001	5	14	0.51233440
2001	5	15	0.20849729
2001	5	16	0.10684878
2001	5	17	0.60745101
2001	5	18	2.92915574
2001	5	19	3.17404375
2001	5	20	1.83179827
2001	5	21	2.61325695
2001	5	22	2.01235173
2001	5	23	0.82683642
2001	5	24	0.44560295
2001	5	25	0.25425960
2001	5	26	0.12810323
2001	5	27	0.13228909
2001	5	28	0.31138017
2001	5	29	0.75812800
2001	5	30	2.96442573
2001	5	31	3.35298784
2001	6	1	1.54938783
2001	6	2	0.76859885
2001	6	3	0.42355136
2001	6	4	0.21291346
2001	6	5	0.12348745
2001	6	6	0.08285912
2001	6	7	0.05995289
2001	6	8	0.06069380
2001	6	9	0.09878050
2001	6	10	0.10442302
2001	6	11	0.09906868
2001	6	12	0.04914820
2001	6	13	0.02519464
2001	6	14	0.75121350
2001	6	15	3.68393799
2001	6	16	3.77452325
2001	6	17	1.56742093
2001	6	18	0.44545273
2001	6	19	0.19400632
2001	6	20	0.52919273
2001	6	21	2.07769108
2001	6	22	2.02992786
2001	6	23	0.84905589
2001	6	24	0.25790333
2001	6	25	0.12348703
2001	6	26	0.11068271
2001	6	27	0.17933012
2001	6	28	0.15096033
2001	6	29	0.17488834
2001	6	30	0.13550194
2001	7	1	0.13674709
2001	7	2	0.07303638
2001	7	3	0.02749669
2001	7	4	0.02879894
2001	7	5	0.08643841
2001	7	6	0.12405502
2001	7	7	0.14050308
2001	7	8	0.07944746
2001	7	9	0.03184387
2001	7	10	0.01950240
2001	7	11	0.01541085
2001	7	12	0.21981183
2001	7	13	0.90401971
2001	7	14	0.62350310
2001	7	15	0.25153313
2001	7	16	0.34292021
2001	7	17	0.96581403
2001	7	18	0.65542581
2001	7	19	0.27698524
2001	7	20	0.11867985
2001	7	21	0.06335499
2001	7	22	0.03958803
2001	7	23	0.02579876
2001	7	24	0.01756764
2001	7	25	0.17361567
2001	7	26	0.77712198
2001	7	27	0.72149019
2001	7	28	0.84398085
2001	7	29	1.24265728
2001	7	30	0.77991703
2001	7	31	0.35590443
2001	8	1	0.18467237
2001	8	2	0.10757791
2001	8	3	0.06465108
2001	8	4	0.03969591
2001	8	5	0.02514651
2001	8	6	0.01692425
2001	8	7	0.02117715
2001	8	8	0.05265751
2001	8	9	0.12565706
2001	8	10	0.19363499
2001	8	11	0.50567218
2001	8	12	0.61114650
2001	8	13	0.31204343
2001	8	14	0.11601886
2001	8	15	0.18950297
2001	8	16	0.70014108
2001	8	17	0.47229316
2001	8	18	0.15101977
2001	8	19	0.05025872
2001	8	20	0.02456935
2001	8	21	0.01487921
2001	8	22	0.00991020
2001	8	23	0.00751763
2001	8	24	0.01105217
2001	8	25	0.16221350
2001	8	26	0.83412318
2001	8	27	0.67419026
2001	8	28	0.17925175
2001	8	29	0.17740314
2001	8	30	0.65254362
2001	8	31	0.44497821
2001	9	1	0.19566514
2001	9	2	0.08133854
2001	9	3	0.03664229
2001	9	4	0.02070847
2001	9	5	0.01299083
2001	9	6	0.00915173
2001	9	7	0.26762450
2001	9	8	1.87154575
2001	9	9	4.14004773
2001	9	10	3.38500198
2001	9	11	1.31446448
2001	9	12	0.40144810
2001	9	13	0.18722933
2001	9	14	0.10992764
2001	9	15	0.06674350
2001	9	16	0.08197297
2001	9	17	0.98573013
2001	9	18	4.04507154
2001	9	19	4.82936951
2001	9	20	2.35477357
2001	9	21	0.67923452
2001	9	22	0.24639208
2001	9	23	0.14226705
2001	9	24	0.08992207
2001	9	25	0.05962906
2001	9	26	0.04203279
2001	9	27	0.03179835
2001	9	28	0.02574766
2001	9	29	0.02162496
2001	9	30	0.01840602
2001	10	1	0.01701250
2001	10	2	0.01671193
2001	10	3	0.01643528
2001	10	4	0.11219720
2001	10	5	0.76682399
2001	10	6	1.39198787
2001	10	7	0.88521763
2001	10	8	0.36379894
2001	10	9	0.30512783
2001	10	10	1.82616585
2001	10	11	6.03757242
2001	10	12	7.13368849
2001	10	13	4.60471835
2001	10	14	2.02133878
2001	10	15	0.78942345
2001	10	16	0.39467681
2001	10	17	0.26605321
2001	10	18	0.20253076
2001	10	19	0.16641253
2001	10	20	0.14557507
2001	10	21	0.13298514
2001	10	22	0.12958131
2001	10	23	0.14801428
2001	10	24	0.14304617
2001	10	25	0.13380803
2001	10	26	0.12246261
2001	10	27	0.11518343
2001	10	28	0.11107809
2001	10	29	0.10792762
2001	10	30	0.10506498
2001	10	31	0.10231767
2001	11	1	0.10148957
2001	11	2	0.38262636
2001	11	3	1.61209879
2001	11	4	2.10485867
2001	11	5	1.13426012
2001	11	6	0.39960249
2001	11	7	0.18530054
2001	11	8	0.19387969
2001	11	9	0.30214290
2001	11	10	0.24414881
2001	11	11	0.16005841
2001	11	12	0.11874997
2001	11	13	0.10659586
2001	11	14	0.11625161
2001	11	15	0.10095709
2001	11	16	0.08449144
2001	11	17	0.08093675
2001	11	18	0.41805462
2001	11	19	1.62501949
2001	11	20	1.75953106
2001	11	21	0.95041442
2001	11	22	0.42796095
2001	11	23	0.44331345
2001	11	24	1.11031933
2001	11	25	0.84792944
2001	11	26	0.35838412
2001	11	27	0.38544756
2001	11	28	1.17213775
2001	11	29	1.16924953
2001	11	30	0.67690820
2001	12	1	0.92316537
2001	12	2	1.13540994
2001	12	3	1.59605022
2001	12	4	0.99910239
2001	12	5	0.42081421
2001	12	6	0.27824428
2001	12	7	0.20934745
2001	12	8	0.16131556
2001	12	9	0.14014283
2001	12	10	0.13098325
2001	12	11	0.26491521
2001	12	12	0.85327365
2001	12	13	1.21057186
2001	12	14	1.15119244
2001	12	15	1.75227475
2001	12	16	6.42696063
2001	12	17	12.32146299
2001	12	18	9.31844455
2001	12	19	3.96157064
2001	12	20	1.68024234
2001	12	21	1.09052299
2001	12	22	0.88599038
2001	12	23	0.76216545
2001	12	24	0.67510412
2001	12	25	0.62234068
2001	12	26	0.59103778
2001	12	27	0.56891572
2001	12	28	0.55024247
2001	12	29	0.53416527
2001	12	30	0.52239595
2001	12	31	0.51224471
2002	1	1	0.50200154
2002	1	2	0.49160106
2002	1	3	0.48110606
2002	1	4	0.47082698
2002	1	5	0.47128390
2002	1	6	0.50648373
2002	1	7	0.51169261
2002	1	8	0.47965261
2002	1	9	0.44126734
2002	1	10	0.41448766
2002	1	11	0.39812035
2002	1	12	0.38569015
2002	1	13	0.37431171
2002	1	14	0.36336509
2002	1	15	0.35274787
2002	1	16	0.34255267
2002	1	17	0.33376906
2002	1	18	0.32838673
2002	1	19	0.33412300
2002	1	20	0.38143061
2002	1	21	0.47045880
2002	1	22	0.46036169
2002	1	23	0.67917384
2002	1	24	1.73936055
2002	1	25	1.81503360
2002	1	26	0.95789279
2002	1	27	0.47915301
2002	1	28	0.35238835
2002	1	29	0.35094124
2002	1	30	1.08241719
2002	1	31	3.86343134
2002	2	1	5.47642747
2002	2	2	3.58853758
2002	2	3	1.54178466
2002	2	4	0.78388581
2002	2	5	0.67918718
2002	2	6	0.93333334
2002	2	7	0.89144481
2002	2	8	0.64151301
2002	2	9	0.56041776
2002	2	10	0.43856254
2002	2	11	0.36472074
2002	2	12	0.34004884
2002	2	13	0.33009169
2002	2	14	0.32256075
2002	2	15	0.31595221
2002	2	16	0.31160693
2002	2	17	0.30795011
2002	2	18	0.36298825
2002	2	19	0.96844346
2002	2	20	2.32801358
2002	2	21	1.91957333
2002	2	22	0.85252628
2002	2	23	0.42043502
2002	2	24	0.33253454
2002	2	25	0.30242101
2002	2	26	0.29119465
2002	2	27	0.27797664
2002	2	28	0.27538034
2002	3	1	0.54435159
2002	3	2	1.41292249
2002	3	3	1.37953510
2002	3	4	0.71343388
2002	3	5	0.59335347
2002	3	6	1.28957596
2002	3	7	0.97515580
2002	3	8	0.53721181
2002	3	9	0.70478512
2002	3	10	0.65804232
2002	3	11	0.40596646
2002	3	12	0.36657715
2002	3	13	0.32196295
2002	3	14	0.24074386
2002	3	15	0.33095655
2002	3	16	0.65851580
2002	3	17	0.68293150
2002	3	18	1.68612549
2002	3	19	7.00017371
2002	3	20	11.64217761
2002	3	21	7.39494803
2002	3	22	2.28282682
2002	3	23	0.76549081
2002	3	24	1.75200738
2002	3	25	4.83409421
2002	3	26	4.00841574
2002	3	27	1.59762093
2002	3	28	0.61056574
2002	3	29	0.46826354
2002	3	30	0.53369193
2002	3	31	0.42657056
2002	4	1	0.35146377
2002	4	2	0.31604358
2002	4	3	0.28416842
2002	4	4	0.27205613
2002	4	5	0.26185454
2002	4	6	0.31684917
2002	4	7	3.24895052
2002	4	8	14.07078622
2002	4	9	15.47989746
2002	4	10	6.05916844
2002	4	11	1.54736195
2002	4	12	0.93366786
2002	4	13	0.96430845
2002	4	14	0.71444131
2002	4	15	0.50357443
2002	4	16	0.70970843
2002	4	17	1.50641853
2002	4	18	1.10589428
2002	4	19	0.72019773
2002	4	20	0.85313420
2002	4	21	0.65445260
2002	4	22	0.90374671
2002	4	23	2.98043772
2002	4	24	3.43525974
2002	4	25	1.95538222
2002	4	26	1.76060871
2002	4	27	1.45860062
2002	4	28	0.80587741
2002	4	29	0.50039523
2002	4	30	0.38435809
2002	5	1	0.40971376
2002	5	2	0.65340724
2002	5	3	0.53960738
2002	5	4	0.53252163
2002	5	5	0.42574251
2002	5	6	0.40126170
2002	5	7	0.37859708
2002	5	8	0.78888403
2002	5	9	1.42123937
2002	5	10	1.29733053
2002	5	11	0.72864239
2002	5	12	1.16150112
2002	5	13	2.72529862
2002	5	14	2.12382464
2002	5	15	1.04036815
2002	5	16	1.28700064
2002	5	17	2.97616646
2002	5	18	3.53874681
2002	5	19	1.84126628
2002	5	20	0.76979542
2002	5	21	0.45345014
2002	5	22	0.35869727
2002	5	23	0.48562035
2002	5	24	0.75778104
2002	5	25	0.93293812
2002	5	26	0.70336544
2002	5	27	0.70716761
2002	5	28	1.45417464
2002	5	29	2.58684056
2002	5	30	2.00454589
2002	5	31	1.09866828
2002	6	1	0.63784649
2002	6	2	0.44522839
2002	6	3	0.34560334
2002	6	4	0.74366389
2002	6	5	2.80241982
2002	6	6	3.10252846
2002	6	7	1.47879922
2002	6	8	0.66903336
2002	6	9	0.74913788
2002	6	10	0.70955281
2002	6	11	0.58682690
2002	6	12	1.38742605
2002	6	13	2.31532504
2002	6	14	1.82511498
2002	6	15	0.97239475
2002	6	16	0.53844230
2002	6	17	0.34503105
2002	6	18	0.24700278
2002	6	19	0.20323584
2002	6	20	0.17512700
2002	6	21	0.15420703
2002	6	22	0.14076393
2002	6	23	0.13085273
2002	6	24	0.12278651
2002	6	25	0.23316450
2002	6	26	0.76738377
2002	6	27	0.56665046
2002	6	28	0.22262680
2002	6	29	0.14527627
2002	6	30	0.13987851
2002	7	1	0.16758413
2002	7	2	0.17949648
2002	7	3	0.43080147
2002	7	4	0.72273713
2002	7	5	0.79756353
2002	7	6	0.52207607
2002	7	7	0.28862521
2002	7	8	0.18500272
2002	7	9	0.13183973
2002	7	10	0.14388444
2002	7	11	0.15803945
2002	7	12	0.16219532
2002	7	13	0.22947980
2002	7	14	0.23642326
2002	7	15	0.27023661
2002	7	16	0.15118439
2002	7	17	0.09424789
2002	7	18	0.29019535
2002	7	19	0.62710744
2002	7	20	0.47475795
2002	7	21	0.27412089
2002	7	22	0.19905246
2002	7	23	0.28927197
2002	7	24	0.19897631
2002	7	25	0.11494399
2002	7	26	0.07481534
2002	7	27	0.05540364
2002	7	28	0.11010529
2002	7	29	0.39082805
2002	7	30	0.32484228
2002	7	31	0.13898874
2002	8	1	0.06050413
2002	8	2	0.04260515
2002	8	3	0.04198192
2002	8	4	0.03532211
2002	8	5	0.02612378
2002	8	6	0.02316900
2002	8	7	0.02505582
2002	8	8	0.02526027
2002	8	9	0.02105009
2002	8	10	0.04491216
2002	8	11	0.14582296
2002	8	12	0.11351593
2002	8	13	1.26745581
2002	8	14	6.71989088
2002	8	15	8.58149975
2002	8	16	3.66766380
2002	8	17	0.81992587
2002	8	18	0.30973788
2002	8	19	0.19171421
2002	8	20	0.11924876
2002	8	21	0.07609659
2002	8	22	0.05208861
2002	8	23	0.03972788
2002	8	24	0.12134105
2002	8	25	0.37980748
2002	8	26	0.23560825
2002	8	27	0.08216390
2002	8	28	0.04243237
2002	8	29	0.03019981
2002	8	30	0.02460309
2002	8	31	0.02118154
2002	9	1	0.01900673
2002	9	2	0.01755595
2002	9	3	0.01652082
2002	9	4	0.01574399
2002	9	5	0.01507394
2002	9	6	0.01448662
2002	9	7	0.01405142
2002	9	8	0.01365537
2002	9	9	0.01350661
2002	9	10	0.01314103
2002	9	11	0.01252627
2002	9	12	0.01210451
2002	9	13	0.01362695
2002	9	14	0.01698333
2002	9	15	0.01545004
2002	9	16	0.02334813
2002	9	17	0.04505383
2002	9	18	0.10001937
2002	9	19	0.28279699
2002	9	20	0.36429730
2002	9	21	0.27409419
2002	9	22	0.11890842
2002	9	23	0.04502879
2002	9	24	0.02639375
2002	9	25	0.01857025
2002	9	26	0.01406076
2002	9	27	0.01136059
2002	9	28	0.00970133
2002	9	29	0.00864574
2002	9	30	0.00791755
2002	10	1	0.00732582
2002	10	2	0.00694510
2002	10	3	0.00860280
2002	10	4	0.01377740
2002	10	5	0.01060401
2002	10	6	0.02239296
2002	10	7	0.07289348
2002	10	8	0.06241549
2002	10	9	0.08283693
2002	10	10	0.11759071
2002	10	11	0.08534156
2002	10	12	0.03932425
2002	10	13	0.02124959
2002	10	14	0.01582228
2002	10	15	0.01152943
2002	10	16	0.01861855
2002	10	17	0.04820838
2002	10	18	0.04749708
2002	10	19	0.10567315
2002	10	20	0.33882699
2002	10	21	0.24419115
2002	10	22	0.10825016
2002	10	23	0.05296485
2002	10	24	0.12996564
2002	10	25	0.43861969
2002	10	26	0.45115006
2002	10	27	0.29718912
2002	10	28	0.87118305
2002	10	29	1.93235427
2002	10	30	1.80980491
2002	10	31	0.76357664
2002	11	1	0.23310061
2002	11	2	0.33914291
2002	11	3	1.05009468
2002	11	4	1.05275468
2002	11	5	0.61729533
2002	11	6	0.26757563
2002	11	7	0.11642910
2002	11	8	0.05848242
2002	11	9	0.03303446
2002	11	10	0.02086733
2002	11	11	0.01435251
2002	11	12	0.01082417
2002	11	13	0.00928017
2002	11	14	0.03823798
2002	11	15	0.11614629
2002	11	16	0.07781571
2002	11	17	0.03477992
2002	11	18	0.01725055
2002	11	19	0.01160778
2002	11	20	0.00941760
2002	11	21	0.00816920
2002	11	22	0.00744735
2002	11	23	0.00702978
2002	11	24	0.00678521
2002	11	25	0.00664426
2002	11	26	0.00653579
2002	11	27	0.00645550
2002	11	28	0.00645279
2002	11	29	0.00645337
2002	11	30	0.00644491
2002	12	1	0.00643602
2002	12	2	0.00659912
2002	12	3	0.45213532
2002	12	4	1.96813303
2002	12	5	1.47701361
2002	12	6	0.53117183
2002	12	7	0.18823186
2002	12	8	0.28611051
2002	12	9	0.45737090
2002	12	10	0.61946405
2002	12	11	0.32443067
2002	12	12	0.41368335
2002	12	13	1.68862576
2002	12	14	1.93243524
2002	12	15	0.92028113
2002	12	16	0.29884991
2002	12	17	0.16081055
2002	12	18	0.21310909
2002	12	19	0.22611632
2002	12	20	0.18178523
2002	12	21	0.10984503
2002	12	22	0.06591881
2002	12	23	0.28717761
2002	12	24	1.06378938
2002	12	25	0.76612631
2002	12	26	0.27166571
2002	12	27	0.10769925
2002	12	28	0.17190549
2002	12	29	0.75572960
2002	12	30	1.62459401
2002	12	31	3.09745132
2003	1	1	2.54583604
2003	1	2	1.14285571
2003	1	3	0.44436367
2003	1	4	0.20754517
2003	1	5	0.12932189
2003	1	6	0.10303358
2003	1	7	0.09099768
2003	1	8	0.08505299
2003	1	9	0.08231365
2003	1	10	0.08174280
2003	1	11	0.08223718
2003	1	12	0.08184525
2003	1	13	0.08284813
2003	1	14	0.08726662
2003	1	15	0.11871542
2003	1	16	0.21234186
2003	1	17	0.21579688
2003	1	18	0.14591376
2003	1	19	0.10728711
2003	1	20	0.09749963
2003	1	21	0.09378871
2003	1	22	0.09152224
2003	1	23	0.09016012
2003	1	24	0.08932724
2003	1	25	0.08876366
2003	1	26	0.08832767
2003	1	27	0.08792989
2003	1	28	0.08869062
2003	1	29	0.09336129
2003	1	30	0.09480188
2003	1	31	0.10518449
2003	2	1	0.21617575
2003	2	2	0.21091087
2003	2	3	0.12501572
2003	2	4	0.08668022
2003	2	5	0.13072501
2003	2	6	0.32572998
2003	2	7	0.34259747
2003	2	8	0.19470063
2003	2	9	0.17871646
2003	2	10	0.37848660
2003	2	11	0.38920456
2003	2	12	0.37995752
2003	2	13	0.44214489
2003	2	14	0.85021871
2003	2	15	0.72503189
2003	2	16	0.35478218
2003	2	17	0.19093947
2003	2	18	0.40642412
2003	2	19	1.52331411
2003	2	20	1.71675122
2003	2	21	1.49597170
2003	2	22	2.04286732
2003	2	23	1.75193913
2003	2	24	1.50456246
2003	2	25	0.79225937
2003	2	26	0.35246248
2003	2	27	0.22663405
2003	2	28	0.19579604
2003	3	1	0.24855198
2003	3	2	0.41430455
2003	3	3	0.48838354
2003	3	4	0.54018738
2003	3	5	0.38903106
2003	3	6	0.23696982
2003	3	7	0.16737928
2003	3	8	0.14916223
2003	3	9	0.14593244
2003	3	10	0.14319416
2003	3	11	0.14078074
2003	3	12	0.24251489
2003	3	13	0.58927213
2003	3	14	0.43250005
2003	3	15	0.25467544
2003	3	16	0.31944382
2003	3	17	0.24060802
2003	3	18	0.57158361
2003	3	19	2.35553197
2003	3	20	2.85448770
2003	3	21	1.66333421
2003	3	22	0.68529902
2003	3	23	0.33512961
2003	3	24	0.24063410
2003	3	25	0.23086176
2003	3	26	0.19090844
2003	3	27	0.27013846
2003	3	28	0.76158089
2003	3	29	0.72038886
2003	3	30	0.46962304
2003	3	31	0.27379266
2003	4	1	0.16989873
2003	4	2	0.13574024
2003	4	3	0.12029417
2003	4	4	0.11027381
2003	4	5	0.11097758
2003	4	6	0.22922444
2003	4	7	0.59635641
2003	4	8	0.50309080
2003	4	9	0.28250562
2003	4	10	0.17628739
2003	4	11	0.13315743
2003	4	12	0.10897858
2003	4	13	0.09357013
2003	4	14	0.08735017
2003	4	15	0.15329766
2003	4	16	0.17875885
2003	4	17	0.16965378
2003	4	18	0.12794867
2003	4	19	0.29846924
2003	4	20	1.00812642
2003	4	21	0.83294918
2003	4	22	0.33338017
2003	4	23	0.51756694
2003	4	24	1.39185408
2003	4	25	1.18694251
2003	4	26	0.55478571
2003	4	27	0.24362273
2003	4	28	0.20323121
2003	4	29	0.14557504
2003	4	30	0.21603769
2003	5	1	0.52752713
2003	5	2	0.98781099
2003	5	3	0.61921993
2003	5	4	0.27941935
2003	5	5	0.19333126
2003	5	6	0.31592972
2003	5	7	0.51346278
2003	5	8	0.59363463
2003	5	9	0.28999102
2003	5	10	0.15105001
2003	5	11	0.21071664
2003	5	12	0.17989886
2003	5	13	0.82015613
2003	5	14	2.71634316
2003	5	15	3.00348436
2003	5	16	3.55713216
2003	5	17	4.33966014
2003	5	18	2.71524478
2003	5	19	1.45973676
2003	5	20	2.11424253
2003	5	21	1.42758180
2003	5	22	0.69129388
2003	5	23	0.42075282
2003	5	24	0.52459524
2003	5	25	0.82847115
2003	5	26	0.56569849
2003	5	27	0.30884671
2003	5	28	0.19460910
2003	5	29	0.15153948
2003	5	30	0.12721742
2003	5	31	0.11134719
2003	6	1	0.52181277
2003	6	2	2.32173053
2003	6	3	2.70169105
2003	6	4	1.21476693
2003	6	5	0.36839873
2003	6	6	0.20764998
2003	6	7	0.15727351
2003	6	8	0.12145387
2003	6	9	0.09742125
2003	6	10	0.63335776
2003	6	11	2.86070422
2003	6	12	3.23079503
2003	6	13	1.45691124
2003	6	14	0.47262519
2003	6	15	0.24014168
2003	6	16	0.16407274
2003	6	17	0.14006446
2003	6	18	0.20796875
2003	6	19	0.19738774
2003	6	20	0.13910985
2003	6	21	0.13670215
2003	6	22	0.14337410
2003	6	23	0.08081450
2003	6	24	0.05359600
2003	6	25	0.20841161
2003	6	26	0.82185443
2003	6	27	0.63187495
2003	6	28	0.25374331
2003	6	29	0.10335785
2003	6	30	0.15462672
2003	7	1	0.43448222
2003	7	2	0.30690586
2003	7	3	0.11404872
2003	7	4	0.05655467
2003	7	5	0.03925402
2003	7	6	0.03299524
2003	7	7	0.03002136
2003	7	8	0.03050938
2003	7	9	0.12019877
2003	7	10	0.44735960
2003	7	11	0.48361235
2003	7	12	0.60442290
2003	7	13	0.96225807
2003	7	14	1.44987866
2003	7	15	0.80243738
2003	7	16	0.29384818
2003	7	17	0.13561102
2003	7	18	0.08012565
2003	7	19	0.05564222
2003	7	20	0.04067544
2003	7	21	0.26749306
2003	7	22	1.03232491
2003	7	23	0.74625704
2003	7	24	0.30644433
2003	7	25	0.11999329
2003	7	26	0.06192528
2003	7	27	0.04096620
2003	7	28	0.02892782
2003	7	29	0.07272670
2003	7	30	0.22447343
2003	7	31	0.12580084
2003	8	1	0.07589306
2003	8	2	0.13261726
2003	8	3	0.43618787
2003	8	4	0.33207621
2003	8	5	0.27310477
2003	8	6	0.45357679
2003	8	7	0.28551428
2003	8	8	0.08549823
2003	8	9	0.02658111
2003	8	10	0.01819618
2003	8	11	0.04899849
2003	8	12	0.17047086
2003	8	13	0.09590917
2003	8	14	0.02673723
2003	8	15	0.01531715
2003	8	16	0.00836099
2003	8	17	0.00706943
2003	8	18	0.00650636
2003	8	19	0.00615867
2003	8	20	0.00664027
2003	8	21	0.00860323
2003	8	22	0.00725932
2003	8	23	0.00759781
2003	8	24	0.01412240
2003	8	25	0.00944080
2003	8	26	0.00573331
2003	8	27	0.02916399
2003	8	28	0.15612286
2003	8	29	0.59344767
2003	8	30	1.94286024
2003	8	31	2.04366613
2003	9	1	1.50019792
2003	9	2	2.59442555
2003	9	3	2.22890379
2003	9	4	0.93885958
2003	9	5	0.30801049
2003	9	6	0.14951195
2003	9	7	0.08828985
2003	9	8	0.26372489
2003	9	9	0.95390631
2003	9	10	0.57707113
2003	9	11	0.39347164
2003	9	12	1.25846735
2003	9	13	1.97793540
2003	9	14	1.31508538
2003	9	15	0.47951184
2003	9	16	0.15835035
2003	9	17	0.07917024
2003	9	18	0.04815742
2003	9	19	0.03103536
2003	9	20	0.03685558
2003	9	21	0.14217130
2003	9	22	0.15021958
2003	9	23	0.08807557
2003	9	24	0.03874392
2003	9	25	0.01795586
2003	9	26	0.02818253
2003	9	27	0.07588439
2003	9	28	0.06154234
2003	9	29	0.02573556
2003	9	30	0.01628734
2003	10	1	0.02807166
2003	10	2	0.04144642
2003	10	3	0.09741991
2003	10	4	0.33319866
2003	10	5	0.42607089
2003	10	6	0.22524404
2003	10	7	0.10847662
2003	10	8	0.45004699
2003	10	9	1.54153052
2003	10	10	2.76218977
2003	10	11	1.84014927
2003	10	12	0.59692322
2003	10	13	0.46211260
2003	10	14	0.68582873
2003	10	15	0.40903299
2003	10	16	0.25476932
2003	10	17	0.43751934
2003	10	18	0.32670585
2003	10	19	0.13284488
2003	10	20	0.05223327
2003	10	21	0.02830239
2003	10	22	0.01824305
2003	10	23	0.01273706
2003	10	24	0.00955757
2003	10	25	0.00816203
2003	10	26	0.01075057
2003	10	27	0.00905511
2003	10	28	0.00629697
2003	10	29	0.00527951
2003	10	30	0.01375969
2003	10	31	0.08896664
2003	11	1	0.13098125
2003	11	2	0.14960596
2003	11	3	0.08061238
2003	11	4	0.32350568
2003	11	5	1.48161672
2003	11	6	1.95398214
2003	11	7	1.15656367
2003	11	8	0.44574320
2003	11	9	0.19916394
2003	11	10	0.10334106
2003	11	11	0.05594884
2003	11	12	0.03620006
2003	11	13	0.05915878
2003	11	14	0.26896924
2003	11	15	0.73327298
2003	11	16	0.60667507
2003	11	17	1.11368920
2003	11	18	3.55692621
2003	11	19	3.79933125
2003	11	20	1.56610268
2003	11	21	0.40866776
2003	11	22	0.40480829
2003	11	23	1.17277836
2003	11	24	0.98810054
2003	11	25	0.44488172
2003	11	26	0.18830547
2003	11	27	0.19256539
2003	11	28	0.49932010
2003	11	29	0.43128392
2003	11	30	0.16843467
2003	12	1	0.06529309
2003	12	2	0.17269911
2003	12	3	0.61466896
2003	12	4	0.63087213
2003	12	5	0.31850480
2003	12	6	0.14874498
2003	12	7	0.09789385
2003	12	8	0.11563393
2003	12	9	0.64416184
2003	12	10	1.77903975
2003	12	11	1.47161360
2003	12	12	0.71064677
2003	12	13	0.76896170
2003	12	14	0.88047938
2003	12	15	0.54584938
2003	12	16	0.46195873
2003	12	17	0.44402144
2003	12	18	0.28436622
2003	12	19	0.17415960
2003	12	20	0.13913319
2003	12	21	0.12810206
2003	12	22	0.20588227
2003	12	23	0.49150293
2003	12	24	0.35757428
2003	12	25	0.19369535
2003	12	26	0.14902219
2003	12	27	0.42301746
2003	12	28	1.53860789
2003	12	29	1.61735715
2003	12	30	0.81644736
2003	12	31	0.36607819
2004	1	1	0.34259052
2004	1	2	0.60644423
2004	1	3	0.61421621
2004	1	4	0.89463289
2004	1	5	0.90369647
2004	1	6	0.56069664
2004	1	7	0.32514137
2004	1	8	0.24243901
2004	1	9	0.21585000
2004	1	10	0.20256247
2004	1	11	0.19554338
2004	1	12	0.20875984
2004	1	13	0.26976864
2004	1	14	0.24587480
2004	1	15	0.32300561
2004	1	16	1.15737427
2004	1	17	2.96292545
2004	1	18	3.68078070
2004	1	19	2.37777590
2004	1	20	1.05174675
2004	1	21	0.55416660
2004	1	22	0.41976791
2004	1	23	0.36088910
2004	1	24	0.61637967
2004	1	25	1.69260470
2004	1	26	1.61498912
2004	1	27	0.89024349
2004	1	28	0.50516785
2004	1	29	0.39144849
2004	1	30	0.35345757
2004	1	31	0.33218979
2004	2	1	0.39780445
2004	2	2	0.79491590
2004	2	3	1.00122587
2004	2	4	0.85450656
2004	2	5	1.11064266
2004	2	6	0.98927382
2004	2	7	0.56286713
2004	2	8	0.38953351
2004	2	9	0.37090667
2004	2	10	0.40807552
2004	2	11	0.46834391
2004	2	12	0.54491585
2004	2	13	0.51406803
2004	2	14	0.40334922
2004	2	15	0.45145115
2004	2	16	0.68706990
2004	2	17	0.64400090
2004	2	18	0.55674476
2004	2	19	0.51137983
2004	2	20	0.41691227
2004	2	21	0.30305389
2004	2	22	0.24699421
2004	2	23	0.24056940
2004	2	24	0.23719270
2004	2	25	0.22771001
2004	2	26	0.21858634
2004	2	27	0.21174715
2004	2	28	0.21102605
2004	2	29	0.34585944
2004	3	1	0.61037943
2004	3	2	0.68590789
2004	3	3	2.31165603
2004	3	4	6.55962288
2004	3	5	7.59764624
2004	3	6	4.03301455
2004	3	7	1.53629831
2004	3	8	0.81497894
2004	3	9	0.60221147
2004	3	10	0.49061168
2004	3	11	0.42116356
2004	3	12	0.37682615
2004	3	13	0.61294580
2004	3	14	1.47079677
2004	3	15	1.26839389
2004	3	16	0.73444824
2004	3	17	0.76152254
2004	3	18	1.25662175
2004	3	19	0.92971677
2004	3	20	0.45624095
2004	3	21	0.32169238
2004	3	22	0.28752957
2004	3	23	0.26772859
2004	3	24	0.35628165
2004	3	25	0.69803728
2004	3	26	0.69212998
2004	3	27	0.73565077
2004	3	28	2.92987363
2004	3	29	5.10572985
2004	3	30	3.00256412
2004	3	31	1.15211932
2004	4	1	0.58705448
2004	4	2	0.43080738
2004	4	3	0.35339138
2004	4	4	0.30368581
2004	4	5	0.27028499
2004	4	6	0.34184996
2004	4	7	0.70351336
2004	4	8	0.62907118
2004	4	9	0.69118903
2004	4	10	1.79812453
2004	4	11	2.09788823
2004	4	12	1.07361125
2004	4	13	0.43601880
2004	4	14	0.28541099
2004	4	15	0.23697183
2004	4	16	0.20752865
2004	4	17	0.18743835
2004	4	18	0.18207416
2004	4	19	0.22101444
2004	4	20	0.61521923
2004	4	21	2.48421227
2004	4	22	7.74080747
2004	4	23	15.11614224
2004	4	24	24.82100390
2004	4	25	17.59131299
2004	4	26	5.61280274
2004	4	27	1.42137981
2004	4	28	0.85720880
2004	4	29	0.71512021
2004	4	30	1.84949555
2004	5	1	5.71541940
2004	5	2	6.87701308
2004	5	3	3.59037423
2004	5	4	1.57206323
2004	5	5	0.99118549
2004	5	6	0.76983979
2004	5	7	0.63897605
2004	5	8	0.55463436
2004	5	9	0.49701214
2004	5	10	0.45551922
2004	5	11	0.42378543
2004	5	12	0.42582837
2004	5	13	1.24088158
2004	5	14	4.15686477
2004	5	15	3.87793923
2004	5	16	1.71662684
2004	5	17	0.70429844
2004	5	18	0.48053982
2004	5	19	0.40205372
2004	5	20	0.35486104
2004	5	21	0.32117777
2004	5	22	0.29339198
2004	5	23	0.27577173
2004	5	24	0.27212980
2004	5	25	0.25175558
2004	5	26	0.23396741
2004	5	27	0.22451898
2004	5	28	0.22512644
2004	5	29	0.24445069
2004	5	30	0.48793248
2004	5	31	0.44984458
2004	6	1	0.29166184
2004	6	2	0.37548662
2004	6	3	0.95903676
2004	6	4	0.70302076
2004	6	5	0.29192952
2004	6	6	0.18241743
2004	6	7	0.18083954
2004	6	8	0.26770571
2004	6	9	0.27149586
2004	6	10	0.38299050
2004	6	11	0.88199447
2004	6	12	0.74062329
2004	6	13	0.64156241
2004	6	14	0.69671442
2004	6	15	0.45198614
2004	6	16	0.46352166
2004	6	17	0.70409442
2004	6	18	0.50875005
2004	6	19	0.29756880
2004	6	20	0.44313927
2004	6	21	1.28679359
2004	6	22	3.07100516
2004	6	23	2.62557659
2004	6	24	0.98697945
2004	6	25	0.27006707
2004	6	26	0.15512727
2004	6	27	0.12047393
2004	6	28	0.10128922
2004	6	29	0.14599961
2004	6	30	0.15841601
2004	7	1	0.46931368
2004	7	2	3.28680852
2004	7	3	11.09080901
2004	7	4	11.63130020
2004	7	5	5.01944509
2004	7	6	1.69200425
2004	7	7	0.98303418
2004	7	8	1.25049395
2004	7	9	1.07527331
2004	7	10	1.17548204
2004	7	11	0.81076182
2004	7	12	0.36387415
2004	7	13	0.22086250
2004	7	14	0.17912950
2004	7	15	0.15283857
2004	7	16	0.14242091
2004	7	17	0.13434835
2004	7	18	0.12147879
2004	7	19	0.11112200
2004	7	20	0.10413584
2004	7	21	0.09856010
2004	7	22	0.09466125
2004	7	23	0.42422395
2004	7	24	2.30660354
2004	7	25	3.98968459
2004	7	26	2.50388064
2004	7	27	0.91447542
2004	7	28	0.38257240
2004	7	29	1.20448065
2004	7	30	4.51875424
2004	7	31	4.41001638
2004	8	1	1.89860806
2004	8	2	0.64184585
2004	8	3	0.33661649
2004	8	4	0.23039628
2004	8	5	0.16849118
2004	8	6	0.13088125
2004	8	7	0.10825695
2004	8	8	0.09424935
2004	8	9	0.08516300
2004	8	10	0.20421605
2004	8	11	0.65882389
2004	8	12	0.52962010
2004	8	13	0.32408016
2004	8	14	0.17947249
2004	8	15	0.10276807
2004	8	16	0.08082432
2004	8	17	0.07025392
2004	8	18	0.06330163
2004	8	19	0.20708864
2004	8	20	0.92278528
2004	8	21	1.09776453
2004	8	22	0.51330430
2004	8	23	0.17718779
2004	8	24	0.09360013
2004	8	25	0.07184804
2004	8	26	0.05895908
2004	8	27	0.05088567
2004	8	28	0.09015145
2004	8	29	0.23209468
2004	8	30	0.15545164
2004	8	31	0.06328432
2004	9	1	0.04222808
2004	9	2	0.03583554
2004	9	3	0.03633239
2004	9	4	0.04486024
2004	9	5	0.19422938
2004	9	6	0.72210826
2004	9	7	0.48911660
2004	9	8	0.17964490
2004	9	9	0.08257949
2004	9	10	0.05339890
2004	9	11	0.04030187
2004	9	12	0.03241015
2004	9	13	0.02748705
2004	9	14	0.02429405
2004	9	15	0.02213092
2004	9	16	0.02086818
2004	9	17	0.02420113
2004	9	18	0.02300179
2004	9	19	0.01798819
2004	9	20	0.01673770
2004	9	21	0.01610605
2004	9	22	0.01551301
2004	9	23	0.01494556
2004	9	24	0.06328419
2004	9	25	0.24136211
2004	9	26	0.14683073
2004	9	27	0.03339633
2004	9	28	0.01454062
2004	9	29	0.01206304
2004	9	30	0.02312958
2004	10	1	0.11022878
2004	10	2	0.10448581
2004	10	3	0.06918904
2004	10	4	0.03654337
2004	10	5	0.01954122
2004	10	6	0.03011779
2004	10	7	0.19208892
2004	10	8	0.40376025
2004	10	9	0.42758343
2004	10	10	0.42517556
2004	10	11	0.67486149
2004	10	12	0.45048613
2004	10	13	0.23985979
2004	10	14	0.36542365
2004	10	15	0.23758829
2004	10	16	0.09546198
2004	10	17	0.04597437
2004	10	18	0.02723109
2004	10	19	0.01743541
2004	10	20	0.01190350
2004	10	21	0.01477269
2004	10	22	0.13766032
2004	10	23	0.38053749
2004	10	24	0.29432593
2004	10	25	0.18999896
2004	10	26	0.42908812
2004	10	27	1.11192011
2004	10	28	1.81193447
2004	10	29	1.50655129
2004	10	30	0.78508226
2004	10	31	2.50091839
2004	11	1	9.54241133
2004	11	2	10.77758736
2004	11	3	5.08232677
2004	11	4	2.70139047
2004	11	5	1.47981996
2004	11	6	0.73156144
2004	11	7	0.44795155
2004	11	8	0.33352185
2004	11	9	0.29990934
2004	11	10	0.67753728
2004	11	11	1.53225133
2004	11	12	1.44209470
2004	11	13	0.70573972
2004	11	14	0.35990582
2004	11	15	0.27757233
2004	11	16	0.25815112
2004	11	17	0.46394519
2004	11	18	1.44289373
2004	11	19	1.84309704
2004	11	20	1.13159614
2004	11	21	0.63177231
2004	11	22	0.48985247
2004	11	23	0.78592828
2004	11	24	2.20208812
2004	11	25	2.23714738
2004	11	26	1.49523590
2004	11	27	2.17243680
2004	11	28	2.02202241
2004	11	29	2.17803398
2004	11	30	3.21959642
2004	12	1	2.60172679
2004	12	2	1.39206026
2004	12	3	0.79773688
2004	12	4	0.64714123
2004	12	5	1.00019474
2004	12	6	2.61319381
2004	12	7	4.03207772
2004	12	8	3.29370959
2004	12	9	1.74842468
2004	12	10	1.02729440
2004	12	11	0.80600585
2004	12	12	0.71264789
2004	12	13	0.65438392
2004	12	14	0.61582009
2004	12	15	0.58923408
2004	12	16	0.56931327
2004	12	17	0.55240548
2004	12	18	0.53652932
2004	12	19	0.52166475
2004	12	20	0.50860904
2004	12	21	0.49615303
2004	12	22	0.48427025
2004	12	23	0.47479782
2004	12	24	0.46293438
2004	12	25	0.45036452
2004	12	26	0.43880583
2004	12	27	0.42768385
2004	12	28	0.41628582
2004	12	29	0.40477408
2004	12	30	0.39338668
2004	12	31	0.39016627
2005	1	1	0.43605200
2005	1	2	1.27033066
2005	1	3	4.58177928
2005	1	4	8.89474179
2005	1	5	12.85003171
2005	1	6	11.32210004
2005	1	7	5.14776206
2005	1	8	2.23488422
2005	1	9	1.93072606
2005	1	10	2.62641537
2005	1	11	1.83527808
2005	1	12	3.10613941
2005	1	13	10.08396877
2005	1	14	10.39336100
2005	1	15	4.59949053
2005	1	16	1.93011861
2005	1	17	1.37863015
2005	1	18	1.18607656
2005	1	19	1.06516238
2005	1	20	0.98168278
2005	1	21	0.91940071
2005	1	22	0.87040607
2005	1	23	0.83088236
2005	1	24	0.79827994
2005	1	25	0.76831536
2005	1	26	0.74069869
2005	1	27	0.72338740
2005	1	28	0.87135885
2005	1	29	1.37784213
2005	1	30	1.20275361
2005	1	31	0.96268899
2005	2	1	1.09245894
2005	2	2	1.81874758
2005	2	3	1.80319677
2005	2	4	1.06686496
2005	2	5	0.76507693
2005	2	6	1.35507904
2005	2	7	2.27387123
2005	2	8	1.79314750
2005	2	9	1.33733878
2005	2	10	1.00539772
2005	2	11	0.66969314
2005	2	12	0.97720643
2005	2	13	2.38488872
2005	2	14	1.61788832
2005	2	15	0.71435157
2005	2	16	0.49237637
2005	2	17	0.43779917
2005	2	18	0.41547110
2005	2	19	0.43088176
2005	2	20	0.46446260
2005	2	21	0.52636329
2005	2	22	0.86496512
2005	2	23	2.04882509
2005	2	24	2.56547302
2005	2	25	1.54336656
2005	2	26	0.68056510
2005	2	27	0.48945597
2005	2	28	0.63803149
2005	3	1	0.58666637
2005	3	2	0.41537845
2005	3	3	0.32450603
2005	3	4	0.29526301
2005	3	5	0.30377292
2005	3	6	0.42594410
2005	3	7	0.44590322
2005	3	8	0.76652255
2005	3	9	0.95288411
2005	3	10	0.67762582
2005	3	11	0.34586365
2005	3	12	0.24212995
2005	3	13	0.22015983
2005	3	14	0.20775232
2005	3	15	0.20187385
2005	3	16	0.20122171
2005	3	17	0.19440660
2005	3	18	0.17949673
2005	3	19	0.18997167
2005	3	20	0.33452989
2005	3	21	0.90248805
2005	3	22	2.79014470
2005	3	23	3.23579631
2005	3	24	1.98868515
2005	3	25	1.86927281
2005	3	26	1.39540014
2005	3	27	1.25663744
2005	3	28	0.99837059
2005	3	29	0.55017772
2005	3	30	0.35161823
2005	3	31	0.92895460
2005	4	1	1.59781684
2005	4	2	1.47773003
2005	4	3	0.78359729
2005	4	4	0.39510050
2005	4	5	0.89523592
2005	4	6	2.82999837
2005	4	7	3.59188473
2005	4	8	1.63490729
2005	4	9	0.47534335
2005	4	10	1.07590235
2005	4	11	3.73003120
2005	4	12	3.43246313
2005	4	13	1.46000385
2005	4	14	0.56811909
2005	4	15	0.33295505
2005	4	16	0.25114101
2005	4	17	0.20503952
2005	4	18	0.17623569
2005	4	19	0.15772066
2005	4	20	0.14676408
2005	4	21	0.14485701
2005	4	22	0.15152446
2005	4	23	0.16154602
2005	4	24	0.14615478
2005	4	25	0.25295903
2005	4	26	0.48535139
2005	4	27	0.53410375
2005	4	28	0.85125704
2005	4	29	0.80419028
2005	4	30	0.47624381
2005	5	1	0.26631615
2005	5	2	0.16217736
2005	5	3	0.11087412
2005	5	4	0.09443418
2005	5	5	0.08572930
2005	5	6	0.07939055
2005	5	7	0.07756128
2005	5	8	0.12230746
2005	5	9	0.23346313
2005	5	10	0.24302281
2005	5	11	0.14431159
2005	5	12	0.08117853
2005	5	13	0.34090851
2005	5	14	1.48394948
2005	5	15	1.29897002
2005	5	16	0.50131699
2005	5	17	0.16887562
2005	5	18	0.09213177
2005	5	19	0.07048977
2005	5	20	0.06384202
2005	5	21	0.05576025
2005	5	22	0.44794763
2005	5	23	2.21039314
2005	5	24	2.76959020
2005	5	25	1.62502730
2005	5	26	0.70100987
2005	5	27	0.28268732
2005	5	28	0.19552585
2005	5	29	0.12704198
2005	5	30	0.07221992
2005	5	31	0.05924575
2005	6	1	0.10335363
2005	6	2	0.25144076
2005	6	3	0.16615943
2005	6	4	0.22979497
2005	6	5	0.86012319
2005	6	6	0.60134716
2005	6	7	0.19687881
2005	6	8	0.07837030
2005	6	9	0.08295169
2005	6	10	0.14300173
2005	6	11	0.12548441
2005	6	12	0.28591168
2005	6	13	1.41178166
2005	6	14	2.23472079
2005	6	15	1.43099584
2005	6	16	0.90666455
2005	6	17	1.01295150
2005	6	18	0.56025815
2005	6	19	0.19106912
2005	6	20	0.08195353
2005	6	21	0.04974719
2005	6	22	0.03424296
2005	6	23	0.02507342
2005	6	24	0.01937519
2005	6	25	0.01547605
2005	6	26	0.01328041
2005	6	27	0.01270563
2005	6	28	0.01156182
2005	6	29	0.01057856
2005	6	30	0.16918719
2005	7	1	0.86426107
2005	7	2	0.76306303
2005	7	3	0.35318314
2005	7	4	0.39554551
2005	7	5	0.24059261
2005	7	6	0.09573645
2005	7	7	0.05015336
2005	7	8	0.02967437
2005	7	9	0.01777375
2005	7	10	0.03043925
2005	7	11	0.08836342
2005	7	12	0.05162470
2005	7	13	0.01306325
2005	7	14	0.00713991
2005	7	15	0.01253283
2005	7	16	0.03066422
2005	7	17	0.03162131
2005	7	18	0.05671955
2005	7	19	0.11981837
2005	7	20	0.35664882
2005	7	21	0.23442194
2005	7	22	0.08503431
2005	7	23	0.05552727
2005	7	24	0.09276614
2005	7	25	0.06685992
2005	7	26	0.27192781
2005	7	27	1.11002711
2005	7	28	0.79337843
2005	7	29	0.30064329
2005	7	30	0.11500385
2005	7	31	0.05517824
2005	8	1	0.03269831
2005	8	2	0.02023100
2005	8	3	0.01298991
2005	8	4	0.05165103
2005	8	5	0.40418028
2005	8	6	0.58675422
2005	8	7	0.48573420
2005	8	8	0.32607470
2005	8	9	0.13342027
2005	8	10	0.04654102
2005	8	11	0.02099822
2005	8	12	0.01313187
2005	8	13	0.04871991
2005	8	14	0.39683321
2005	8	15	1.35732793
2005	8	16	1.68383656
2005	8	17	1.13258675
2005	8	18	0.63337244
2005	8	19	0.32115407
2005	8	20	0.29825069
2005	8	21	0.56828944
2005	8	22	0.30218876
2005	8	23	0.10162856
2005	8	24	0.05227756
2005	8	25	0.03286022
2005	8	26	0.01666544
2005	8	27	0.01411597
2005	8	28	0.01686189
2005	8	29	0.01308461
2005	8	30	0.00826781
2005	8	31	0.00426595
2005	9	1	0.00276280
2005	9	2	0.01820089
2005	9	3	0.16063243
2005	9	4	0.37081312
2005	9	5	0.27582686
2005	9	6	0.13262720
2005	9	7	0.05065929
2005	9	8	0.02626838
2005	9	9	0.01596288
2005	9	10	0.01002720
2005	9	11	0.00656580
2005	9	12	0.00454538
2005	9	13	0.21036461
2005	9	14	1.27341223
2005	9	15	2.27574852
2005	9	16	2.00505963
2005	9	17	0.89009533
2005	9	18	0.30099454
2005	9	19	0.13440809
2005	9	20	0.07664230
2005	9	21	0.04528091
2005	9	22	0.02714362
2005	9	23	0.01659892
2005	9	24	0.12544423
2005	9	25	0.48484747
2005	9	26	0.31158896
2005	9	27	0.09628220
2005	9	28	0.08233370
2005	9	29	0.19911226
2005	9	30	0.12172645
2005	10	1	0.05246632
2005	10	2	0.03109361
2005	10	3	0.01330164
2005	10	4	0.00701674
2005	10	5	0.07002636
2005	10	6	0.28509567
2005	10	7	0.18041394
2005	10	8	0.06519347
2005	10	9	0.02808600
2005	10	10	0.01335957
2005	10	11	0.00803495
2005	10	12	0.00535039
2005	10	13	0.00379290
2005	10	14	0.00288128
2005	10	15	0.00234789
2005	10	16	0.00202787
2005	10	17	0.00178920
2005	10	18	0.00253364
2005	10	19	0.01268686
2005	10	20	0.01994484
2005	10	21	0.01528662
2005	10	22	0.00842251
2005	10	23	0.00403774
2005	10	24	0.00236460
2005	10	25	0.00185481
2005	10	26	0.00168434
2005	10	27	0.00157904
2005	10	28	0.00151014
2005	10	29	0.00147926
2005	10	30	0.01510302
2005	10	31	0.44570713
2005	11	1	1.78021766
2005	11	2	1.54639638
2005	11	3	0.61128006
2005	11	4	0.18698589
2005	11	5	0.08998164
2005	11	6	0.05950160
2005	11	7	0.03488902
2005	11	8	0.01896096
2005	11	9	0.01139187
2005	11	10	0.00720653
2005	11	11	0.00482202
2005	11	12	0.03754460
2005	11	13	0.14877341
2005	11	14	0.17630053
2005	11	15	0.44149096
2005	11	16	0.43185178
2005	11	17	0.23096562
2005	11	18	0.08850381
2005	11	19	0.03401079
2005	11	20	0.01963982
2005	11	21	0.01226555
2005	11	22	0.00788588
2005	11	23	0.00521240
2005	11	24	0.00367826
2005	11	25	0.00284099
2005	11	26	0.00340359
2005	11	27	0.00672517
2005	11	28	0.01021129
2005	11	29	0.01713590
2005	11	30	0.01025475
2005	12	1	0.00334682
2005	12	2	0.00225988
2005	12	3	0.00204157
2005	12	4	0.00192334
2005	12	5	0.00185814
2005	12	6	0.00182286
2005	12	7	0.00484506
2005	12	8	0.01669684
2005	12	9	0.01139101
2005	12	10	0.00383535
2005	12	11	0.00224847
2005	12	12	0.00290421
2005	12	13	0.04799902
2005	12	14	0.20148968
2005	12	15	0.20670943
2005	12	16	0.08691954
2005	12	17	0.02691407
2005	12	18	0.01176666
2005	12	19	0.00762106
2005	12	20	0.00563488
2005	12	21	0.00487053
2005	12	22	0.00515756
2005	12	23	0.01398069
2005	12	24	0.08438360
2005	12	25	0.24430047
2005	12	26	0.16472503
2005	12	27	0.05328550
2005	12	28	0.01866455
2005	12	29	0.00963426
2005	12	30	0.00635722
2005	12	31	0.00448822
2006	1	1	0.00340309
2006	1	2	0.00277217
2006	1	3	0.00240537
2006	1	4	0.00218458
2006	1	5	0.00202788
2006	1	6	0.00190573
2006	1	7	0.00188438
2006	1	8	0.00337053
2006	1	9	0.12328478
2006	1	10	0.59343200
2006	1	11	0.63408532
2006	1	12	0.39454442
2006	1	13	0.53849551
2006	1	14	0.36749546
2006	1	15	0.16770390
2006	1	16	0.07465544
2006	1	17	0.04082017
2006	1	18	0.02579188
2006	1	19	0.01573604
2006	1	20	0.00972001
2006	1	21	0.00657842
2006	1	22	0.02651119
2006	1	23	0.10364084
2006	1	24	0.09192769
2006	1	25	0.02830292
2006	1	26	0.01125776
2006	1	27	0.17227086
2006	1	28	0.92911640
2006	1	29	1.94907943
2006	1	30	1.38241965
2006	1	31	0.50214669
2006	2	1	0.16208857
2006	2	2	0.09441808
2006	2	3	0.05684646
2006	2	4	0.03193022
2006	2	5	0.01986413
2006	2	6	0.01332574
2006	2	7	0.00979283
2006	2	8	0.00780212
2006	2	9	0.00651570
2006	2	10	0.00821948
2006	2	11	0.01847861
2006	2	12	0.02213451
2006	2	13	0.01288048
2006	2	14	0.00726020
2006	2	15	0.00689814
2006	2	16	0.04271535
2006	2	17	0.29029092
2006	2	18	0.60376853
2006	2	19	0.32462366
2006	2	20	0.08106881
2006	2	21	0.04233672
2006	2	22	0.11422430
2006	2	23	0.20602129
2006	2	24	0.15842216
2006	2	25	0.06159050
2006	2	26	0.01839431
2006	2	27	0.00808923
2006	2	28	0.00747387
2006	3	1	0.00714017
2006	3	2	0.00688792
2006	3	3	0.00680629
2006	3	4	0.00712395
2006	3	5	0.00847343
2006	3	6	0.00759626
2006	3	7	0.00671928
2006	3	8	0.48532983
2006	3	9	2.29888530
2006	3	10	2.40464101
2006	3	11	1.38711383
2006	3	12	1.65634541
2006	3	13	1.30274950
2006	3	14	0.66998552
2006	3	15	0.28361599
2006	3	16	0.14688753
2006	3	17	0.16851296
2006	3	18	0.32049535
2006	3	19	0.53985872
2006	3	20	1.11952025
2006	3	21	1.30802292
2006	3	22	0.76378476
2006	3	23	0.31100344
2006	3	24	0.13234454
2006	3	25	0.06888727
2006	3	26	0.04544881
2006	3	27	0.03536169
2006	3	28	0.03050156
2006	3	29	0.02875032
2006	3	30	0.09491602
2006	3	31	0.30745410
2006	4	1	0.34164778
2006	4	2	0.49180059
2006	4	3	0.40961074
2006	4	4	0.21292643
2006	4	5	0.13429127
2006	4	6	0.30043158
2006	4	7	0.98708535
2006	4	8	0.64232952
2006	4	9	0.22320159
2006	4	10	0.09252865
2006	4	11	0.05671405
2006	4	12	0.04106927
2006	4	13	0.03175047
2006	4	14	0.02598577
2006	4	15	0.02336219
2006	4	16	0.02305775
2006	4	17	0.02048253
2006	4	18	0.01847048
2006	4	19	0.01697533
2006	4	20	0.01907493
2006	4	21	0.02798304
2006	4	22	0.02720992
2006	4	23	0.02664980
2006	4	24	0.55949415
2006	4	25	2.63713071
2006	4	26	2.67808239
2006	4	27	1.16425753
2006	4	28	0.79456534
2006	4	29	2.53969715
2006	4	30	4.18534361
2006	5	1	3.00792422
2006	5	2	1.60719884
2006	5	3	1.25028012
2006	5	4	3.30837569
2006	5	5	5.35990145
2006	5	6	3.40646479
2006	5	7	1.27912874
2006	5	8	0.60377065
2006	5	9	0.90003514
2006	5	10	2.63698840
2006	5	11	2.59519576
2006	5	12	1.21830134
2006	5	13	0.52349695
2006	5	14	0.33457535
2006	5	15	0.26810083
2006	5	16	0.22692988
2006	5	17	0.20041833
2006	5	18	0.18330539
2006	5	19	0.17090345
2006	5	20	0.16087963
2006	5	21	0.15208868
2006	5	22	0.14460490
2006	5	23	0.14130237
2006	5	24	0.13671545
2006	5	25	0.13823392
2006	5	26	0.12644105
2006	5	27	0.11813487
2006	5	28	0.11213343
2006	5	29	0.10716719
2006	5	30	0.17169071
2006	5	31	0.50632179
2006	6	1	0.96981417
2006	6	2	1.03700576
2006	6	3	0.52752322
2006	6	4	0.21680750
2006	6	5	0.24458324
2006	6	6	0.53199064
2006	6	7	1.39553214
2006	6	8	1.05657151
2006	6	9	0.42059620
2006	6	10	0.18373121
2006	6	11	0.12206312
2006	6	12	0.09443293
2006	6	13	0.07761519
2006	6	14	0.06695202
2006	6	15	0.05989825
2006	6	16	0.06389374
2006	6	17	0.10315833
2006	6	18	0.12569412
2006	6	19	0.15098900
2006	6	20	0.09961109
2006	6	21	0.07645716
2006	6	22	0.47329786
2006	6	23	1.52319543
2006	6	24	1.06871384
2006	6	25	0.44376932
2006	6	26	0.21816497
2006	6	27	0.13034894
2006	6	28	0.08717091
2006	6	29	0.06249143
2006	6	30	0.04779015
2006	7	1	0.03882271
2006	7	2	0.03317829
2006	7	3	0.03833238
2006	7	4	0.10788858
2006	7	5	0.13825066
2006	7	6	0.10454490
2006	7	7	0.06170834
2006	7	8	0.03676923
2006	7	9	0.05987466
2006	7	10	0.40797726
2006	7	11	1.05834018
2006	7	12	1.71309053
2006	7	13	1.19150910
2006	7	14	0.47728612
2006	7	15	0.28712760
2006	7	16	0.15447141
2006	7	17	0.07020644
2006	7	18	0.04647253
2006	7	19	0.03290344
2006	7	20	0.02515073
2006	7	21	0.02129608
2006	7	22	0.01754325
2006	7	23	0.01408095
2006	7	24	0.01220413
2006	7	25	0.01142561
2006	7	26	0.01089080
2006	7	27	0.02300834
2006	7	28	0.05951565
2006	7	29	0.09412030
2006	7	30	0.05513492
2006	7	31	0.02302002
2006	8	1	0.01409186
2006	8	2	0.01127467
2006	8	3	0.01471008
2006	8	4	0.02950637
2006	8	5	0.06328192
2006	8	6	0.21629262
2006	8	7	0.15320145
2006	8	8	0.06106468
2006	8	9	0.02542163
2006	8	10	0.07024903
2006	8	11	0.29549213
2006	8	12	0.35729120
2006	8	13	0.19564568
2006	8	14	0.16915563
2006	8	15	0.44831402
2006	8	16	0.33029413
2006	8	17	0.11346507
2006	8	18	0.04623177
2006	8	19	0.02724551
2006	8	20	0.04094885
2006	8	21	0.51545144
2006	8	22	2.15540781
2006	8	23	2.41225752
2006	8	24	1.36580439
2006	8	25	0.75608027
2006	8	26	0.38740166
2006	8	27	0.47440689
2006	8	28	1.30897551
2006	8	29	1.75480658
2006	8	30	0.86793457
2006	8	31	0.28322316
2006	9	1	0.13413464
2006	9	2	0.07736582
2006	9	3	0.04693234
2006	9	4	0.03674969
2006	9	5	0.02809042
2006	9	6	0.01913893
2006	9	7	0.01095820
2006	9	8	0.00759107
2006	9	9	0.19453086
2006	9	10	0.88513979
2006	9	11	1.13670131
2006	9	12	1.05309229
2006	9	13	0.47614477
2006	9	14	0.14406045
2006	9	15	0.05842150
2006	9	16	0.64389385
2006	9	17	3.47123309
2006	9	18	6.15801805
2006	9	19	3.91079993
2006	9	20	1.19172652
2006	9	21	0.66067890
2006	9	22	1.65753887
2006	9	23	1.94157981
2006	9	24	1.05938522
2006	9	25	0.36629361
2006	9	26	0.15917714
2006	9	27	0.09996794
2006	9	28	0.06648270
2006	9	29	0.04565319
2006	9	30	0.03429182
2006	10	1	0.02836686
2006	10	2	0.02482030
2006	10	3	0.02229002
2006	10	4	0.02014963
2006	10	5	0.01927036
2006	10	6	0.01885908
2006	10	7	0.01846199
2006	10	8	0.01806715
2006	10	9	0.01766746
2006	10	10	0.02098579
2006	10	11	0.03251085
2006	10	12	0.02473920
2006	10	13	0.01687936
2006	10	14	0.02153524
2006	10	15	0.35644099
2006	10	16	1.83807006
2006	10	17	2.92196485
2006	10	18	1.62003946
2006	10	19	0.87848949
2006	10	20	0.44254842
2006	10	21	0.20713317
2006	10	22	0.11398870
2006	10	23	0.07139339
2006	10	24	0.05227634
2006	10	25	0.09894621
2006	10	26	0.27618560
2006	10	27	0.27360519
2006	10	28	0.13090614
2006	10	29	0.04628804
2006	10	30	0.02923183
2006	10	31	0.02360777
2006	11	1	0.02119719
2006	11	2	0.01977254
2006	11	3	0.01936319
2006	11	4	0.17853960
2006	11	5	1.12219591
2006	11	6	2.46156586
2006	11	7	1.66121139
2006	11	8	0.43940366
2006	11	9	0.08123551
2006	11	10	0.04688496
2006	11	11	0.03473106
2006	11	12	0.04639118
2006	11	13	0.10072003
2006	11	14	0.27713547
2006	11	15	1.39016855
2006	11	16	2.62912856
2006	11	17	1.87575347
2006	11	18	0.74630766
2006	11	19	0.27983709
2006	11	20	0.15503830
2006	11	21	0.10254692
2006	11	22	0.07286733
2006	11	23	0.05600466
2006	11	24	0.04644685
2006	11	25	0.04105558
2006	11	26	0.03795559
2006	11	27	0.04646678
2006	11	28	0.11781914
2006	11	29	1.96690049
2006	11	30	9.79573981
2006	12	1	12.60046968
2006	12	2	5.61866672
2006	12	3	1.77979845
2006	12	4	0.97468188
2006	12	5	0.77341497
2006	12	6	0.94179932
2006	12	7	0.89735413
2006	12	8	0.63888197
2006	12	9	0.47677880
2006	12	10	0.43540323
2006	12	11	0.43515178
2006	12	12	0.40662236
2006	12	13	0.38227105
2006	12	14	0.37430058
2006	12	15	0.36758012
2006	12	16	0.36024330
2006	12	17	0.35237666
2006	12	18	0.35266386
2006	12	19	0.53612804
2006	12	20	1.24605056
2006	12	21	1.89353072
2006	12	22	1.34669961
2006	12	23	0.68331717
2006	12	24	0.45454217
2006	12	25	0.49831715
2006	12	26	0.56419612
2006	12	27	0.43515894
2006	12	28	0.33432902
2006	12	29	0.77727355
2006	12	30	3.14228781
2006	12	31	4.51330315
2007	1	1	2.37042842
2007	1	2	0.91659543
2007	1	3	0.58619125
2007	1	4	0.54256475
2007	1	5	0.53874361
2007	1	6	0.45744849
2007	1	7	0.39242271
2007	1	8	0.36992953
2007	1	9	0.35599548
2007	1	10	0.34543536
2007	1	11	0.35149706
2007	1	12	0.96023655
2007	1	13	4.30534503
2007	1	14	9.04263579
2007	1	15	5.52728595
2007	1	16	1.85755092
2007	1	17	0.88467155
2007	1	18	0.70861697
2007	1	19	0.61781314
2007	1	20	0.63971657
2007	1	21	0.95633531
2007	1	22	1.42400083
2007	1	23	1.04007008
2007	1	24	0.77239356
2007	1	25	0.77452017
2007	1	26	1.03727678
2007	1	27	2.05708339
2007	1	28	1.92595406
2007	1	29	1.05041558
2007	1	30	0.69362248
2007	1	31	0.73972973
2007	2	1	0.62684669
2007	2	2	0.50904597
2007	2	3	0.47544397
2007	2	4	0.47663540
2007	2	5	0.57592970
2007	2	6	1.21872493
2007	2	7	3.25192782
2007	2	8	4.26282553
2007	2	9	2.32316200
2007	2	10	0.84892993
2007	2	11	0.49715689
2007	2	12	1.80154250
2007	2	13	6.08575225
2007	2	14	6.93412640
2007	2	15	3.00983949
2007	2	16	0.98314336
2007	2	17	0.67144815
2007	2	18	0.59744466
2007	2	19	0.56701672
2007	2	20	0.50270516
2007	2	21	0.44813826
2007	2	22	0.41905042
2007	2	23	0.46961547
2007	2	24	0.96033778
2007	2	25	1.30533107
2007	2	26	0.79230017
2007	2	27	0.47109048
2007	2	28	0.42625454
2007	3	1	0.40726651
2007	3	2	0.38008098
2007	3	3	0.34424117
2007	3	4	0.32058778
2007	3	5	0.30597737
2007	3	6	0.29380113
2007	3	7	0.28201559
2007	3	8	0.27961001
2007	3	9	0.33211973
2007	3	10	0.35316103
2007	3	11	0.35001165
2007	3	12	0.27253763
2007	3	13	0.22961469
2007	3	14	0.21551570
2007	3	15	0.20568361
2007	3	16	0.19692751
2007	3	17	0.18876910
2007	3	18	0.18079120
2007	3	19	0.19241486
2007	3	20	0.23153682
2007	3	21	0.20924558
2007	3	22	0.20553215
2007	3	23	0.22415152
2007	3	24	0.27290243
2007	3	25	0.20223728
2007	3	26	0.15927216
2007	3	27	0.19597574
2007	3	28	0.28196748
2007	3	29	0.31497716
2007	3	30	0.26187731
2007	3	31	0.47144968
2007	4	1	0.36042169
2007	4	2	0.16764108
2007	4	3	0.11465912
2007	4	4	0.10196487
2007	4	5	0.10985552
2007	4	6	0.12455101
2007	4	7	0.12837973
2007	4	8	0.10030188
2007	4	9	0.08342783
2007	4	10	0.17674816
2007	4	11	0.49903539
2007	4	12	0.43599927
2007	4	13	0.36680590
2007	4	14	0.62257768
2007	4	15	0.59013112
2007	4	16	0.30702352
2007	4	17	0.21355234
2007	4	18	0.24503822
2007	4	19	0.26140859
2007	4	20	0.15996652
2007	4	21	0.08237132
2007	4	22	0.05945153
2007	4	23	0.05128909
2007	4	24	0.44443388
2007	4	25	2.03836092
2007	4	26	1.90013788
2007	4	27	0.75220364
2007	4	28	0.23159018
2007	4	29	0.11529567
2007	4	30	0.08017038
2007	5	1	0.19001037
2007	5	2	0.89863937
2007	5	3	1.53337571
2007	5	4	0.88224000
2007	5	5	0.27957662
2007	5	6	0.13765292
2007	5	7	0.48877821
2007	5	8	1.44575698
2007	5	9	1.42161163
2007	5	10	0.70358972
2007	5	11	0.61875245
2007	5	12	0.53434386
2007	5	13	0.26054100
2007	5	14	0.11232614
2007	5	15	0.16789886
2007	5	16	0.49656418
2007	5	17	0.31689431
2007	5	18	0.08776567
2007	5	19	0.04354159
2007	5	20	0.02958134
2007	5	21	0.07396266
2007	5	22	0.24218540
2007	5	23	0.16137286
2007	5	24	0.10769852
2007	5	25	0.34786066
2007	5	26	0.47069169
2007	5	27	0.22999744
2007	5	28	0.12994207
2007	5	29	0.13104577
2007	5	30	0.22300531
2007	5	31	0.31367868
2007	6	1	0.38809338
2007	6	2	0.24309798
2007	6	3	0.22037509
2007	6	4	0.11821388
2007	6	5	0.04758618
2007	6	6	0.02720472
2007	6	7	0.26205202
2007	6	8	1.15402852
2007	6	9	0.96639896
2007	6	10	0.45329561
2007	6	11	0.53499333
2007	6	12	1.29151898
2007	6	13	0.90855259
2007	6	14	0.34062795
2007	6	15	0.14229612
2007	6	16	0.08821251
2007	6	17	0.07035195
2007	6	18	0.15537491
2007	6	19	0.33064584
2007	6	20	0.29165021
2007	6	21	0.41011531
2007	6	22	0.24712738
2007	6	23	0.29599267
2007	6	24	0.51963751
2007	6	25	0.28808235
2007	6	26	0.09495640
2007	6	27	0.14909624
2007	6	28	0.40188351
2007	6	29	0.21069354
2007	6	30	0.20464398
2007	7	1	0.98674871
2007	7	2	2.64346873
2007	7	3	1.86911285
2007	7	4	0.56615444
2007	7	5	0.26768821
2007	7	6	0.40187752
2007	7	7	0.30553341
2007	7	8	0.10790350
2007	7	9	0.03915919
2007	7	10	0.08851976
2007	7	11	0.26537920
2007	7	12	0.45849438
2007	7	13	1.42902367
2007	7	14	1.02784521
2007	7	15	0.29885702
2007	7	16	0.06461639
2007	7	17	0.03154343
2007	7	18	0.01981249
2007	7	19	0.01305656
2007	7	20	0.01795532
2007	7	21	0.04454738
2007	7	22	0.02673468
2007	7	23	0.00826092
2007	7	24	0.00498561
2007	7	25	0.00378447
2007	7	26	0.00326139
2007	7	27	0.00293228
2007	7	28	0.00274014
2007	7	29	0.01019330
2007	7	30	0.11963492
2007	7	31	0.40610457
2007	8	1	0.26932402
2007	8	2	0.05505563
2007	8	3	0.00842778
2007	8	4	0.00597098
2007	8	5	0.00439391
2007	8	6	0.00307732
2007	8	7	0.00246206
2007	8	8	0.00213833
2007	8	9	0.00193541
2007	8	10	0.00180031
2007	8	11	0.00170535
2007	8	12	0.00163584
2007	8	13	0.00158294
2007	8	14	0.00153493
2007	8	15	0.00149743
2007	8	16	0.00576442
2007	8	17	0.01842573
2007	8	18	0.01920210
2007	8	19	0.06405780
2007	8	20	0.19652478
2007	8	21	0.11618228
2007	8	22	0.02961477
2007	8	23	0.01090002
2007	8	24	0.17638646
2007	8	25	0.93164980
2007	8	26	1.11219782
2007	8	27	0.48130454
2007	8	28	0.17382265
2007	8	29	0.14784990
2007	8	30	0.19078988
2007	8	31	0.10364588
2007	9	1	0.04008369
2007	9	2	0.02471750
2007	9	3	0.02512519
2007	9	4	0.18078588
2007	9	5	0.93438860
2007	9	6	1.52806831
2007	9	7	1.49153150
2007	9	8	2.34045940
2007	9	9	4.23288220
2007	9	10	2.80842146
2007	9	11	1.03415478
2007	9	12	0.43343013
2007	9	13	0.23399512
2007	9	14	0.12185674
2007	9	15	0.07207400
2007	9	16	0.04858976
2007	9	17	0.03470724
2007	9	18	0.02530812
2007	9	19	0.01956007
2007	9	20	0.01589633
2007	9	21	0.01363604
2007	9	22	0.01290837
2007	9	23	0.01349485
2007	9	24	0.04554985
2007	9	25	0.22119910
2007	9	26	0.52991598
2007	9	27	0.38766086
2007	9	28	0.14613142
2007	9	29	0.06814491
2007	9	30	0.19295570
2007	10	1	0.79428077
2007	10	2	1.55709234
2007	10	3	3.75315995
2007	10	4	4.34130486
2007	10	5	1.83005555
2007	10	6	0.49384579
2007	10	7	0.22448779
2007	10	8	0.34408903
2007	10	9	0.82569363
2007	10	10	0.44678295
2007	10	11	0.12762755
2007	10	12	0.06536463
2007	10	13	0.04653065
2007	10	14	0.25781599
2007	10	15	1.13901926
2007	10	16	1.07097174
2007	10	17	0.59044482
2007	10	18	0.89516183
2007	10	19	0.59750141
2007	10	20	0.24610925
2007	10	21	0.14433684
2007	10	22	0.25264622
2007	10	23	0.46800330
2007	10	24	0.32187960
2007	10	25	0.12705456
2007	10	26	0.06536899
2007	10	27	0.04750569
2007	10	28	0.03874525
2007	10	29	0.03304734
2007	10	30	0.02954244
2007	10	31	0.02763910
2007	11	1	0.02644668
2007	11	2	0.02556969
2007	11	3	0.02484111
2007	11	4	0.02421319
2007	11	5	0.02369187
2007	11	6	0.02322725
2007	11	7	0.02278870
2007	11	8	0.02237310
2007	11	9	0.02194079
2007	11	10	0.02149676
2007	11	11	0.02253569
2007	11	12	0.06153985
2007	11	13	0.14612025
2007	11	14	0.18243112
2007	11	15	0.10278093
2007	11	16	0.05032900
2007	11	17	0.03313053
2007	11	18	0.02656462
2007	11	19	0.02264046
2007	11	20	0.02059606
2007	11	21	0.01999906
2007	11	22	0.02052917
2007	11	23	0.01944538
2007	11	24	0.03239266
2007	11	25	0.19239234
2007	11	26	0.39980607
2007	11	27	0.32681737
2007	11	28	0.13339873
2007	11	29	0.06200148
2007	11	30	0.04625189
2007	12	1	0.06553962
2007	12	2	0.07608913
2007	12	3	0.13944116
2007	12	4	0.09038129
2007	12	5	0.03966356
2007	12	6	0.02425634
2007	12	7	0.03383388
2007	12	8	0.10058824
2007	12	9	0.77636121
2007	12	10	2.42891301
2007	12	11	3.24984945
2007	12	12	3.45646947
2007	12	13	2.85531085
2007	12	14	1.48484690
2007	12	15	0.93132530
2007	12	16	0.55894156
2007	12	17	0.33427959
2007	12	18	0.51974828
2007	12	19	1.02253618
2007	12	20	0.66986615
2007	12	21	0.25807456
2007	12	22	0.16463387
2007	12	23	0.15106744
2007	12	24	0.13959499
2007	12	25	0.13771549
2007	12	26	0.16114225
2007	12	27	0.25312227
2007	12	28	0.33601962
2007	12	29	0.28054879
2007	12	30	0.19576356
2007	12	31	0.16774277
2008	1	1	0.15700634
2008	1	2	0.14045521
2008	1	3	0.13167863
2008	1	4	0.13016043
2008	1	5	0.12885545
2008	1	6	0.12695178
2008	1	7	0.73632022
2008	1	8	4.17227689
2008	1	9	5.85879166
2008	1	10	2.83845560
2008	1	11	1.19263058
2008	1	12	0.75417781
2008	1	13	0.61420554
2008	1	14	0.51297711
2008	1	15	0.42918108
2008	1	16	0.39026848
2008	1	17	0.39512628
2008	1	18	0.38064497
2008	1	19	0.34169052
2008	1	20	0.31969395
2008	1	21	0.31993460
2008	1	22	0.32962585
2008	1	23	0.31202876
2008	1	24	0.29613149
2008	1	25	0.29010186
2008	1	26	0.28234276
2008	1	27	0.27687596
2008	1	28	0.27553053
2008	1	29	0.27107751
2008	1	30	0.31328870
2008	1	31	0.50529609
2008	2	1	0.64881303
2008	2	2	0.52247335
2008	2	3	0.37474488
2008	2	4	0.32334387
2008	2	5	0.62521984
2008	2	6	1.25769336
2008	2	7	1.11846083
2008	2	8	0.70446193
2008	2	9	0.45498399
2008	2	10	0.42963057
2008	2	11	0.61885374
2008	2	12	0.79984958
2008	2	13	0.55008379
2008	2	14	0.48313327
2008	2	15	1.14209406
2008	2	16	4.07391044
2008	2	17	9.85629751
2008	2	18	8.56612251
2008	2	19	3.87099977
2008	2	20	1.77447801
2008	2	21	1.31059836
2008	2	22	1.11645219
2008	2	23	0.92748714
2008	2	24	0.93310146
2008	2	25	0.83601216
2008	2	26	0.67637639
2008	2	27	0.58824509
2008	2	28	0.54717182
2008	2	29	0.51803919
2008	3	1	0.49516314
2008	3	2	0.98154524
2008	3	3	3.86495468
2008	3	4	5.81677620
2008	3	5	3.13866627
2008	3	6	1.32553195
2008	3	7	0.88122874
2008	3	8	0.74810189
2008	3	9	0.64798640
2008	3	10	0.58063693
2008	3	11	0.53675602
2008	3	12	0.50396988
2008	3	13	0.49361038
2008	3	14	0.52362160
2008	3	15	0.60969836
2008	3	16	0.65668289
2008	3	17	1.55010897
2008	3	18	8.67323163
2008	3	19	20.29970617
2008	3	20	17.98078394
2008	3	21	7.71318043
2008	3	22	2.97538450
2008	3	23	1.88299688
2008	3	24	1.45479628
2008	3	25	1.19539004
2008	3	26	1.03021541
2008	3	27	0.94461583
2008	3	28	0.96116859
2008	3	29	1.10582089
2008	3	30	1.84708035
2008	3	31	2.12772764
2008	4	1	2.97955574
2008	4	2	2.81298155
2008	4	3	2.44298539
2008	4	4	3.59360109
2008	4	5	2.59225791
2008	4	6	1.23899470
2008	4	7	1.08752572
2008	4	8	2.81828079
2008	4	9	8.01924270
2008	4	10	20.32599906
2008	4	11	20.06864431
2008	4	12	8.25221358
2008	4	13	2.74493991
2008	4	14	1.70813065
2008	4	15	1.36519053
2008	4	16	1.14980177
2008	4	17	1.72320906
2008	4	18	4.67207468
2008	4	19	4.45059306
2008	4	20	2.16836102
2008	4	21	1.15869784
2008	4	22	1.18273477
2008	4	23	2.32974146
2008	4	24	4.95958130
2008	4	25	4.85150535
2008	4	26	2.65590473
2008	4	27	1.52669175
2008	4	28	1.08858568
2008	4	29	0.87638420
2008	4	30	0.77322008
2008	5	1	0.92809406
2008	5	2	1.69803045
2008	5	3	1.26331082
2008	5	4	0.74298839
2008	5	5	0.61104163
2008	5	6	0.63655884
2008	5	7	1.53432054
2008	5	8	4.01593635
2008	5	9	3.30708869
2008	5	10	1.71410088
2008	5	11	1.59713616
2008	5	12	1.21851506
2008	5	13	0.78377458
2008	5	14	0.79532965
2008	5	15	1.52083032
2008	5	16	2.36819030
2008	5	17	1.56038877
2008	5	18	0.77130191
2008	5	19	0.53188610
2008	5	20	0.45119165
2008	5	21	0.39947866
2008	5	22	0.36314225
2008	5	23	0.33935405
2008	5	24	0.38551179
2008	5	25	0.63995258
2008	5	26	1.49837198
2008	5	27	3.05203308
2008	5	28	2.89843842
2008	5	29	1.38802310
2008	5	30	0.56465306
2008	5	31	0.50390715
2008	6	1	1.05371245
2008	6	2	2.63787799
2008	6	3	2.27200235
2008	6	4	1.03146376
2008	6	5	0.63599020
2008	6	6	0.66111856
2008	6	7	0.48306804
2008	6	8	0.51854252
2008	6	9	2.19798277
2008	6	10	5.98475136
2008	6	11	4.17546979
2008	6	12	1.57648736
2008	6	13	1.08307449
2008	6	14	1.78931199
2008	6	15	1.53103080
2008	6	16	1.36629647
2008	6	17	1.73371259
2008	6	18	1.02903729
2008	6	19	0.62695183
2008	6	20	1.29403211
2008	6	21	1.17497746
2008	6	22	0.57528192
2008	6	23	0.71128628
2008	6	24	0.84962656
2008	6	25	0.56106948
2008	6	26	0.32033945
2008	6	27	0.25847944
2008	6	28	0.41499740
2008	6	29	0.56595974
2008	6	30	0.42418640
2008	7	1	0.27420908
2008	7	2	0.19591524
2008	7	3	0.34217942
2008	7	4	0.82277086
2008	7	5	1.05210005
2008	7	6	0.58175395
2008	7	7	0.33396080
2008	7	8	1.08682116
2008	7	9	3.16257771
2008	7	10	4.87696162
2008	7	11	3.85433945
2008	7	12	2.19453882
2008	7	13	1.44231813
2008	7	14	0.86537749
2008	7	15	0.43519784
2008	7	16	0.27254438
2008	7	17	0.19598792
2008	7	18	0.15310142
2008	7	19	0.12595271
2008	7	20	0.10780081
2008	7	21	0.09464742
2008	7	22	0.08538495
2008	7	23	0.35047546
2008	7	24	1.32302835
2008	7	25	1.07040322
2008	7	26	0.49667335
2008	7	27	0.21913869
2008	7	28	0.12241042
2008	7	29	0.09296205
2008	7	30	0.08289750
2008	7	31	0.07821684
2008	8	1	0.06741827
2008	8	2	0.05917284
2008	8	3	0.05354381
2008	8	4	0.04937147
2008	8	5	0.04596207
2008	8	6	0.07092805
2008	8	7	0.26424597
2008	8	8	0.70443148
2008	8	9	2.32742374
2008	8	10	6.21933648
2008	8	11	7.45719822
2008	8	12	4.31039318
2008	8	13	1.55892377
2008	8	14	0.87433896
2008	8	15	0.65992801
2008	8	16	0.35799861
2008	8	17	0.19820270
2008	8	18	0.12367405
2008	8	19	0.10289232
2008	8	20	0.14138303
2008	8	21	0.17986792
2008	8	22	0.20617319
2008	8	23	0.46380608
2008	8	24	1.14997511
2008	8	25	0.79772171
2008	8	26	0.35486659
2008	8	27	0.16419191
2008	8	28	0.10573925
2008	8	29	0.13602241
2008	8	30	0.16702819
2008	8	31	0.13280895
2008	9	1	0.09159659
2008	9	2	0.52305675
2008	9	3	3.61844588
2008	9	4	8.20151312
2008	9	5	6.29156390
2008	9	6	2.46310838
2008	9	7	1.03858157
2008	9	8	0.59022321
2008	9	9	0.36795887
2008	9	10	0.24903965
2008	9	11	0.22691196
2008	9	12	0.37471671
2008	9	13	1.78486475
2008	9	14	7.80300835
2008	9	15	9.28233473
2008	9	16	4.20056251
2008	9	17	1.42955914
2008	9	18	0.76285674
2008	9	19	0.54623062
2008	9	20	0.41933084
2008	9	21	0.34278610
2008	9	22	0.29742707
2008	9	23	0.26536510
2008	9	24	0.24081854
2008	9	25	0.22162024
2008	9	26	0.20598915
2008	9	27	0.19440047
2008	9	28	0.18644449
2008	9	29	0.17895038
2008	9	30	0.17160446
2008	10	1	0.16448262
2008	10	2	0.15775838
2008	10	3	0.20648478
2008	10	4	0.47838953
2008	10	5	0.35949542
2008	10	6	0.79284615
2008	10	7	3.25161287
2008	10	8	3.80794879
2008	10	9	1.81629489
2008	10	10	0.59269662
2008	10	11	0.29701884
2008	10	12	0.21677535
2008	10	13	0.17721399
2008	10	14	0.21254852
2008	10	15	0.60161917
2008	10	16	0.88093203
2008	10	17	0.46681424
2008	10	18	0.20720550
2008	10	19	0.14380890
2008	10	20	0.12210307
2008	10	21	0.15185345
2008	10	22	0.45615644
2008	10	23	0.57752062
2008	10	24	0.33401336
2008	10	25	0.17029296
2008	10	26	0.12018609
2008	10	27	0.10066487
2008	10	28	0.08971502
2008	10	29	0.08337288
2008	10	30	0.08177034
2008	10	31	0.08070690
2008	11	1	0.08759609
2008	11	2	0.07859103
2008	11	3	0.06925013
2008	11	4	0.07189927
2008	11	5	0.18343957
2008	11	6	0.39335198
2008	11	7	0.56209458
2008	11	8	0.35340480
2008	11	9	0.16978472
2008	11	10	0.36816212
2008	11	11	1.33158535
2008	11	12	1.25442615
2008	11	13	0.56026345
2008	11	14	0.24453785
2008	11	15	0.15860807
2008	11	16	0.10569712
2008	11	17	0.07935527
2008	11	18	0.06506752
2008	11	19	0.05663179
2008	11	20	0.05154570
2008	11	21	0.04826332
2008	11	22	0.04670022
2008	11	23	0.05896355
2008	11	24	0.09324777
2008	11	25	0.09458886
2008	11	26	0.06313597
2008	11	27	0.05313401
2008	11	28	0.05616222
2008	11	29	0.05750554
2008	11	30	0.08786939
2008	12	1	0.10742510
2008	12	2	0.09474613
2008	12	3	0.06446789
2008	12	4	0.04587250
2008	12	5	0.03925225
2008	12	6	0.03702748
2008	12	7	0.03561847
2008	12	8	0.10186651
2008	12	9	0.50094857
2008	12	10	0.76711914
2008	12	11	0.41523009
2008	12	12	0.15199355
2008	12	13	0.07613740
2008	12	14	0.08313606
2008	12	15	0.17778917
2008	12	16	0.16867050
2008	12	17	0.09118814
2008	12	18	0.05936860
2008	12	19	0.07914336
2008	12	20	0.08957330
2008	12	21	0.08211653
2008	12	22	0.05512863
2008	12	23	0.04395927
2008	12	24	0.13505925
2008	12	25	0.39733737
2008	12	26	0.38087749
2008	12	27	1.10906452
2008	12	28	2.58085962
2008	12	29	2.09771848
2008	12	30	0.84563967
2008	12	31	0.25765544
2009	1	1	0.12673845
2009	1	2	0.09480258
2009	1	3	0.08016230
2009	1	4	0.06153276
2009	1	5	0.04963042
2009	1	6	0.04522268
2009	1	7	0.04317959
2009	1	8	0.04179562
2009	1	9	0.05196164
2009	1	10	0.09581297
2009	1	11	0.12736647
2009	1	12	0.09332082
2009	1	13	0.06584332
2009	1	14	0.05328050
2009	1	15	0.04861146
2009	1	16	0.04741801
2009	1	17	0.04496660
2009	1	18	0.04289214
2009	1	19	0.04191336
2009	1	20	0.04143147
2009	1	21	0.04113022
2009	1	22	0.04086032
2009	1	23	0.04058354
2009	1	24	0.04041658
2009	1	25	0.04010148
2009	1	26	0.03980903
2009	1	27	0.03959809
2009	1	28	0.03939804
2009	1	29	0.03935331
2009	1	30	0.24781298
2009	1	31	0.92654119
2009	2	1	1.52231402
2009	2	2	1.85437819
2009	2	3	1.32876048
2009	2	4	0.72197403
2009	2	5	0.44768346
2009	2	6	0.85600493
2009	2	7	1.52547960
2009	2	8	0.88748100
2009	2	9	0.28791694
2009	2	10	0.86825381
2009	2	11	3.16340427
2009	2	12	3.97739188
2009	2	13	1.90664272
2009	2	14	0.61154042
2009	2	15	0.33655512
2009	2	16	0.24935129
2009	2	17	0.21006920
2009	2	18	0.28471630
2009	2	19	0.37120024
2009	2	20	0.27830881
2009	2	21	0.18338152
2009	2	22	0.14627098
2009	2	23	0.13304856
2009	2	24	0.12587055
2009	2	25	0.12232757
2009	2	26	0.13965703
2009	2	27	0.23399085
2009	2	28	0.38188761
2009	3	1	0.34390698
2009	3	2	0.20530232
2009	3	3	0.13569390
2009	3	4	0.12235240
2009	3	5	0.11680736
2009	3	6	0.11254405
2009	3	7	0.10875917
2009	3	8	0.10549647
2009	3	9	0.10255979
2009	3	10	0.10886838
2009	3	11	0.16857845
2009	3	12	0.24826222
2009	3	13	0.29344931
2009	3	14	0.23697512
2009	3	15	0.15567554
2009	3	16	0.13416633
2009	3	17	0.11101606
2009	3	18	0.09815760
2009	3	19	0.12431514
2009	3	20	0.26687173
2009	3	21	0.99418863
2009	3	22	1.29746400
2009	3	23	0.74779547
2009	3	24	0.59473658
2009	3	25	0.81836268
2009	3	26	0.83948222
2009	3	27	0.69766717
2009	3	28	1.42423738
2009	3	29	2.57618451
2009	3	30	1.71052226
2009	3	31	0.85348019
2009	4	1	0.67406431
2009	4	2	0.47254708
2009	4	3	0.54565363
2009	4	4	0.44107593
2009	4	5	0.28065305
2009	4	6	0.27150966
2009	4	7	0.18566347
2009	4	8	0.13396410
2009	4	9	0.34001217
2009	4	10	0.82485719
2009	4	11	0.86716117
2009	4	12	1.06364162
2009	4	13	1.55798322
2009	4	14	1.14856263
2009	4	15	0.45064340
2009	4	16	0.18568747
2009	4	17	0.14760266
2009	4	18	0.37186809
2009	4	19	0.88990159
2009	4	20	0.74340133
2009	4	21	0.31672794
2009	4	22	0.17829873
2009	4	23	0.12908446
2009	4	24	0.10277433
2009	4	25	0.09447973
2009	4	26	0.15099217
2009	4	27	0.20347863
2009	4	28	0.41620539
2009	4	29	0.43221964
2009	4	30	0.82218672
2009	5	1	1.19464173
2009	5	2	3.58515578
2009	5	3	7.48856780
2009	5	4	6.74867990
2009	5	5	3.75770083
2009	5	6	4.41525438
2009	5	7	3.45695208
2009	5	8	1.74684055
2009	5	9	2.11324767
2009	5	10	1.27036962
2009	5	11	0.60318490
2009	5	12	0.77945957
2009	5	13	2.32490690
2009	5	14	2.85326985
2009	5	15	1.76406129
2009	5	16	0.82387315
2009	5	17	0.80886639
2009	5	18	0.52499366
2009	5	19	0.32543552
2009	5	20	0.26109877
2009	5	21	0.22597832
2009	5	22	0.20281731
2009	5	23	0.20508589
2009	5	24	0.32179464
2009	5	25	0.73876201
2009	5	26	0.72180187
2009	5	27	0.46937090
2009	5	28	0.28704371
2009	5	29	0.19082821
2009	5	30	0.15405002
2009	5	31	0.13629296
2009	6	1	0.17032148
2009	6	2	0.41699151
2009	6	3	0.34804545
2009	6	4	0.32783468
2009	6	5	0.23143896
2009	6	6	0.13902786
2009	6	7	0.10693687
2009	6	8	0.13875621
2009	6	9	0.35274982
2009	6	10	0.56882619
2009	6	11	1.13493479
2009	6	12	1.06542150
2009	6	13	1.99406660
2009	6	14	1.83590803
2009	6	15	1.00335320
2009	6	16	0.67110944
2009	6	17	0.97296003
2009	6	18	0.64145369
2009	6	19	0.31851351
2009	6	20	0.16943682
2009	6	21	0.11493002
2009	6	22	0.08655729
2009	6	23	0.07024789
2009	6	24	0.06307576
2009	6	25	0.05587236
2009	6	26	0.04962736
2009	6	27	0.04636189
2009	6	28	0.04657422
2009	6	29	0.04227598
2009	6	30	0.03945990
2009	7	1	0.03688248
2009	7	2	0.04731913
2009	7	3	0.11912407
2009	7	4	0.31381354
2009	7	5	0.47432007
2009	7	6	0.28539480
2009	7	7	0.10719033
2009	7	8	0.05168678
2009	7	9	0.03689501
2009	7	10	0.03096037
2009	7	11	0.02718326
2009	7	12	0.03181777
2009	7	13	0.05867390
2009	7	14	0.08534793
2009	7	15	0.07461925
2009	7	16	0.05715554
2009	7	17	0.04400926
2009	7	18	0.03309839
2009	7	19	0.02593530
2009	7	20	0.24466362
2009	7	21	1.34611201
2009	7	22	1.79821498
2009	7	23	0.87114905
2009	7	24	0.28871540
2009	7	25	0.12894739
2009	7	26	0.07681920
2009	7	27	0.06463440
2009	7	28	0.15199879
2009	7	29	0.10927885
2009	7	30	0.15872669
2009	7	31	0.37771762
2009	8	1	0.29153199
2009	8	2	0.14796650
2009	8	3	0.07215571
2009	8	4	0.03473955
2009	8	5	0.18818808
2009	8	6	0.75928041
2009	8	7	0.48972525
2009	8	8	0.14698949
2009	8	9	0.06750813
2009	8	10	0.21024843
2009	8	11	0.59932915
2009	8	12	0.51718389
2009	8	13	0.20089447
2009	8	14	0.08701540
2009	8	15	0.04887014
2009	8	16	0.03085106
2009	8	17	0.04700132
2009	8	18	0.17253671
2009	8	19	0.24893352
2009	8	20	0.98604541
2009	8	21	1.52870003
2009	8	22	0.79632039
2009	8	23	0.25705823
2009	8	24	0.09873178
2009	8	25	0.05105048
2009	8	26	0.03139602
2009	8	27	0.11284759
2009	8	28	0.53535975
2009	8	29	0.63226237
2009	8	30	0.29692982
2009	8	31	0.11348995
2009	9	1	0.05884565
2009	9	2	0.15532533
2009	9	3	0.55412374
2009	9	4	0.39653330
2009	9	5	0.28063044
2009	9	6	0.49059604
2009	9	7	0.41982349
2009	9	8	0.16775894
2009	9	9	0.73414866
2009	9	10	3.29251336
2009	9	11	3.19996877
2009	9	12	1.19002450
2009	9	13	0.42683108
2009	9	14	0.56293703
2009	9	15	0.72757809
2009	9	16	0.67472912
2009	9	17	1.04899020
2009	9	18	0.72443935
2009	9	19	0.31319733
2009	9	20	0.13819169
2009	9	21	0.97575726
2009	9	22	4.52153766
2009	9	23	4.90448038
2009	9	24	1.94560786
2009	9	25	0.52527324
2009	9	26	0.24541397
2009	9	27	0.15195533
2009	9	28	0.09826023
2009	9	29	0.06611936
2009	9	30	0.04723578
2009	10	1	0.03933037
2009	10	2	0.04362763
2009	10	3	0.03546070
2009	10	4	0.03095400
2009	10	5	0.22718941
2009	10	6	0.98151171
2009	10	7	1.09552258
2009	10	8	2.17986110
2009	10	9	9.82287758
2009	10	10	13.63096612
2009	10	11	6.10379563
2009	10	12	2.37979352
2009	10	13	2.23946796
2009	10	14	2.11182857
2009	10	15	1.29589074
2009	10	16	0.76868658
2009	10	17	0.58101337
2009	10	18	0.49502643
2009	10	19	0.43422858
2009	10	20	0.39428585
2009	10	21	0.51263802
2009	10	22	1.48782473
2009	10	23	2.41542737
2009	10	24	1.40202851
2009	10	25	0.80677752
2009	10	26	1.47949171
2009	10	27	2.49691888
2009	10	28	2.35381599
2009	10	29	2.22369420
2009	10	30	5.33858356
2009	10	31	4.65165958
2009	11	1	2.08609082
2009	11	2	0.96167345
2009	11	3	0.70511189
2009	11	4	0.60593289
2009	11	5	0.54388876
2009	11	6	0.50174444
2009	11	7	0.47080024
2009	11	8	0.44653616
2009	11	9	0.42711734
2009	11	10	0.41053554
2009	11	11	0.39510170
2009	11	12	0.38212191
2009	11	13	0.37012631
2009	11	14	0.40983472
2009	11	15	1.05410431
2009	11	16	2.89953150
2009	11	17	2.62002686
2009	11	18	1.39052933
2009	11	19	0.76982419
2009	11	20	0.59703228
2009	11	21	0.56039354
2009	11	22	0.47040447
2009	11	23	0.51080341
2009	11	24	0.89156454
2009	11	25	0.70335431
2009	11	26	0.44923591
2009	11	27	0.36412366
2009	11	28	0.33973917
2009	11	29	0.37262231
2009	11	30	0.48229504
2009	12	1	0.50859704
2009	12	2	0.38960792
2009	12	3	0.31661214
2009	12	4	0.29095705
2009	12	5	0.28228558
2009	12	6	0.30882510
2009	12	7	0.34700502
2009	12	8	0.50412290
2009	12	9	0.88731428
2009	12	10	0.70871068
2009	12	11	0.40630546
2009	12	12	0.32786121
2009	12	13	0.45312234
2009	12	14	0.39162709
2009	12	15	0.28800200
2009	12	16	0.24090587
2009	12	17	0.22633628
2009	12	18	0.21859994
2009	12	19	0.21230978
2009	12	20	0.20692785
2009	12	21	0.20189607
2009	12	22	0.20203831
2009	12	23	0.29662022
2009	12	24	0.77339493
2009	12	25	1.32152941
2009	12	26	0.83634275
2009	12	27	0.33412464
2009	12	28	0.21383510
2009	12	29	0.20445201
2009	12	30	0.21897847
2009	12	31	0.23515500
2010	1	1	0.21064525
2010	1	2	0.18117575
2010	1	3	0.17387602
2010	1	4	0.16349237
2010	1	5	0.15636801
2010	1	6	0.15294493
2010	1	7	0.15021205
2010	1	8	0.14764541
2010	1	9	0.14517152
2010	1	10	0.14281040
2010	1	11	0.14843320
2010	1	12	0.19327986
2010	1	13	0.22855589
2010	1	14	0.28220410
2010	1	15	0.23956702
2010	1	16	0.19957709
2010	1	17	0.16365777
2010	1	18	0.13761270
2010	1	19	0.15967505
2010	1	20	0.59747440
2010	1	21	1.82668978
2010	1	22	1.80588205
2010	1	23	0.89024835
2010	1	24	0.77782507
2010	1	25	0.48858045
2010	1	26	0.21319080
2010	1	27	0.15239135
2010	1	28	0.32024506
2010	1	29	0.88444421
2010	1	30	0.52667704
2010	1	31	0.15789061
2010	2	1	0.13863919
2010	2	2	0.15660869
2010	2	3	0.17645206
2010	2	4	0.36864608
2010	2	5	1.16598535
2010	2	6	1.23182198
2010	2	7	0.89400435
2010	2	8	0.69842454
2010	2	9	0.36297413
2010	2	10	0.16721765
2010	2	11	0.12875825
2010	2	12	0.13213340
2010	2	13	0.30700347
2010	2	14	0.87769407
2010	2	15	1.02617569
2010	2	16	0.43575336
2010	2	17	0.28363855
2010	2	18	0.44253361
2010	2	19	0.56170490
2010	2	20	0.70946949
2010	2	21	0.73994521
2010	2	22	1.15959838
2010	2	23	0.99210026
2010	2	24	0.41155638
2010	2	25	0.18564997
2010	2	26	0.17007625
2010	2	27	0.15241444
2010	2	28	0.11932624
2010	3	1	0.10333468
2010	3	2	0.09881814
2010	3	3	0.09566844
2010	3	4	0.09348674
2010	3	5	0.09095088
2010	3	6	0.08797648
2010	3	7	0.08726819
2010	3	8	0.32307844
2010	3	9	1.14174693
2010	3	10	0.83834356
2010	3	11	0.34638541
2010	3	12	0.26269381
2010	3	13	0.16712665
2010	3	14	0.10697591
2010	3	15	0.08567750
2010	3	16	0.07541204
2010	3	17	0.07004376
2010	3	18	0.06619218
2010	3	19	0.09568209
2010	3	20	0.66076393
2010	3	21	2.07316007
2010	3	22	2.36146214
2010	3	23	2.65202459
2010	3	24	2.41662602
2010	3	25	2.76073513
2010	3	26	2.56690805
2010	3	27	1.49226896
2010	3	28	0.75612432
2010	3	29	0.58364681
2010	3	30	0.37099677
2010	3	31	0.23004556
2010	4	1	0.19151108
2010	4	2	0.54065855
2010	4	3	1.62484034
2010	4	4	1.43868733
2010	4	5	0.60271579
2010	4	6	0.25306982
2010	4	7	0.21800650
2010	4	8	0.17177198
2010	4	9	0.12986983
2010	4	10	0.11202892
2010	4	11	0.10251360
2010	4	12	0.09563015
2010	4	13	0.08999608
2010	4	14	0.08503510
2010	4	15	0.08136677
2010	4	16	0.07985949
2010	4	17	0.12167279
2010	4	18	0.29271538
2010	4	19	0.23546348
2010	4	20	0.15618355
2010	4	21	0.10362705
2010	4	22	0.07113702
2010	4	23	0.12432465
2010	4	24	0.72381438
2010	4	25	1.97910340
2010	4	26	1.27473856
2010	4	27	0.45031345
2010	4	28	0.19880102
2010	4	29	0.13973979
2010	4	30	0.17571201
2010	5	1	0.24353894
2010	5	2	0.26744873
2010	5	3	0.14258812
2010	5	4	0.05904106
2010	5	5	0.04735875
2010	5	6	0.04136264
2010	5	7	0.03694074
2010	5	8	0.03437112
2010	5	9	0.19896963
2010	5	10	1.08553108
2010	5	11	1.93915713
2010	5	12	1.20636314
2010	5	13	0.76495211
2010	5	14	1.76693641
2010	5	15	2.37638984
2010	5	16	2.93654974
2010	5	17	3.52061629
2010	5	18	1.87123306
2010	5	19	1.29948972
2010	5	20	3.02343044
2010	5	21	3.20920565
2010	5	22	1.44362621
2010	5	23	0.46627855
2010	5	24	0.24081026
2010	5	25	0.51321902
2010	5	26	1.96453900
2010	5	27	2.57160844
2010	5	28	1.34334979
2010	5	29	0.54162620
2010	5	30	0.28399455
2010	5	31	0.19478007
2010	6	1	0.14433905
2010	6	2	0.17093462
2010	6	3	0.48998345
2010	6	4	0.87560385
2010	6	5	0.52927043
2010	6	6	0.23297683
2010	6	7	0.18283430
2010	6	8	0.27445621
2010	6	9	0.21149546
2010	6	10	0.12965726
2010	6	11	0.17825244
2010	6	12	0.11852590
2010	6	13	0.08905680
2010	6	14	0.19812075
2010	6	15	0.38367768
2010	6	16	0.55201591
2010	6	17	0.33468652
2010	6	18	0.21457798
2010	6	19	0.15261305
2010	6	20	0.18190158
2010	6	21	0.12071796
2010	6	22	0.06144549
2010	6	23	0.04804865
2010	6	24	0.04257650
2010	6	25	0.04173466
2010	6	26	0.09491718
2010	6	27	0.44717696
2010	6	28	0.91955962
2010	6	29	0.77648654
2010	6	30	0.29832844
2010	7	1	0.08385131
2010	7	2	0.04695248
2010	7	3	0.06308678
2010	7	4	0.10459516
2010	7	5	0.10611176
2010	7	6	0.12999717
2010	7	7	0.21992243
2010	7	8	0.41167370
2010	7	9	1.22685799
2010	7	10	1.22961421
2010	7	11	0.56667389
2010	7	12	0.73306311
2010	7	13	3.20935173
2010	7	14	4.40050460
2010	7	15	3.07741982
2010	7	16	4.91678268
2010	7	17	4.24912045
2010	7	18	1.85399093
2010	7	19	0.62467195
2010	7	20	0.28730659
2010	7	21	0.18167100
2010	7	22	0.12186940
2010	7	23	0.08696797
2010	7	24	0.06615291
2010	7	25	0.07169766
2010	7	26	0.13638632
2010	7	27	0.11526430
2010	7	28	0.06546499
2010	7	29	0.04454609
2010	7	30	0.03780836
2010	7	31	0.03513305
2010	8	1	0.03388600
2010	8	2	0.03430909
2010	8	3	0.03210141
2010	8	4	0.03043264
2010	8	5	0.04170039
2010	8	6	0.07095721
2010	8	7	0.05671017
2010	8	8	0.03406183
2010	8	9	0.02869342
2010	8	10	0.02586084
2010	8	11	0.02429373
2010	8	12	0.02319353
2010	8	13	0.02293794
2010	8	14	0.02376999
2010	8	15	0.02328858
2010	8	16	0.03206052
2010	8	17	0.02844830
2010	8	18	0.02237468
2010	8	19	0.01905906
2010	8	20	0.01789295
2010	8	21	0.01742034
2010	8	22	0.01672715
2010	8	23	0.01576057
2010	8	24	0.01512320
2010	8	25	0.01461451
2010	8	26	0.01412640
2010	8	27	0.01366062
2010	8	28	0.01321949
2010	8	29	0.01786825
2010	8	30	0.03251244
2010	8	31	0.02169612
2010	9	1	0.02824639
2010	9	2	0.50090240
2010	9	3	2.22237151
2010	9	4	2.49018575
2010	9	5	1.07492374
2010	9	6	0.35190489
2010	9	7	0.21895377
2010	9	8	0.70879836
2010	9	9	4.12622933
2010	9	10	10.49377208
2010	9	11	6.86469017
2010	9	12	2.04034935
2010	9	13	0.60303971
2010	9	14	0.75097333
2010	9	15	1.79310428
2010	9	16	2.09833450
2010	9	17	1.11681583
2010	9	18	0.41187925
2010	9	19	0.19672959
2010	9	20	0.13047277
2010	9	21	0.09039308
2010	9	22	0.06575580
2010	9	23	0.19811220
2010	9	24	1.42788745
2010	9	25	3.34566872
2010	9	26	1.81168068
2010	9	27	0.53685671
2010	9	28	0.21190134
2010	9	29	0.13730894
2010	9	30	0.09564602
