1998	1	1	7.45818496
1998	1	2	13.22410927
1998	1	3	17.77134399
1998	1	4	17.78408827
1998	1	5	18.05017970
1998	1	6	15.44242389
1998	1	7	8.65952571
1998	1	8	5.49335552
1998	1	9	5.85871865
1998	1	10	4.26934238
1998	1	11	2.32875152
1998	1	12	1.81386635
1998	1	13	1.73953346
1998	1	14	1.60176214
1998	1	15	1.39877611
1998	1	16	1.29719845
1998	1	17	1.18431322
1998	1	18	1.14716849
1998	1	19	1.13003317
1998	1	20	1.01658749
1998	1	21	0.95373988
1998	1	22	0.91970536
1998	1	23	0.89519912
1998	1	24	0.86034261
1998	1	25	0.94309592
1998	1	26	2.08209322
1998	1	27	3.85442676
1998	1	28	2.78766775
1998	1	29	1.21697741
1998	1	30	0.85856016
1998	1	31	0.78967302
1998	2	1	1.05361452
1998	2	2	1.31962200
1998	2	3	0.85199455
1998	2	4	0.66305461
1998	2	5	0.60294400
1998	2	6	0.57264998
1998	2	7	0.54833239
1998	2	8	0.52718990
1998	2	9	0.53277466
1998	2	10	0.80413038
1998	2	11	2.18762451
1998	2	12	3.76838364
1998	2	13	2.34305514
1998	2	14	0.83903724
1998	2	15	0.63452075
1998	2	16	0.94405162
1998	2	17	1.56797259
1998	2	18	1.21558524
1998	2	19	0.64627625
1998	2	20	0.50994687
1998	2	21	0.46695057
1998	2	22	0.43543859
1998	2	23	0.41507918
1998	2	24	0.36654858
1998	2	25	0.51342765
1998	2	26	2.17074385
1998	2	27	5.08281580
1998	2	28	3.85672794
1998	3	1	1.45199024
1998	3	2	0.57861691
1998	3	3	0.43686958
1998	3	4	0.38155649
1998	3	5	0.39634195
1998	3	6	0.79569330
1998	3	7	1.63757304
1998	3	8	3.56356831
1998	3	9	6.34337036
1998	3	10	4.02564648
1998	3	11	1.21302631
1998	3	12	0.64712419
1998	3	13	0.54588646
1998	3	14	0.72565610
1998	3	15	1.54329873
1998	3	16	3.62762120
1998	3	17	6.60547510
1998	3	18	6.61740292
1998	3	19	5.47249688
1998	3	20	6.74336582
1998	3	21	5.01888512
1998	3	22	2.59573408
1998	3	23	1.44204530
1998	3	24	1.15927994
1998	3	25	1.05397206
1998	3	26	0.83233231
1998	3	27	0.78655931
1998	3	28	1.18034901
1998	3	29	1.47631645
1998	3	30	1.03606530
1998	3	31	2.38603044
1998	4	1	4.46820625
1998	4	2	2.73266017
1998	4	3	1.52629341
1998	4	4	1.36331986
1998	4	5	0.84127770
1998	4	6	0.65447528
1998	4	7	0.97536408
1998	4	8	1.29810510
1998	4	9	0.79454670
1998	4	10	0.57457675
1998	4	11	0.48116748
1998	4	12	0.43458453
1998	4	13	0.40488890
1998	4	14	0.38299863
1998	4	15	0.37625260
1998	4	16	0.58125355
1998	4	17	0.85525591
1998	4	18	0.50390006
1998	4	19	0.32738572
1998	4	20	0.27578916
1998	4	21	0.25558849
1998	4	22	0.24431481
1998	4	23	0.25616371
1998	4	24	0.26501379
1998	4	25	0.22313450
1998	4	26	0.28643553
1998	4	27	1.44760010
1998	4	28	3.10287323
1998	4	29	2.01705256
1998	4	30	0.71130676
1998	5	1	0.35007887
1998	5	2	0.29528613
1998	5	3	0.28601605
1998	5	4	0.27712209
1998	5	5	0.32797072
1998	5	6	0.53550772
1998	5	7	1.14147574
1998	5	8	1.20086853
1998	5	9	0.52928565
1998	5	10	0.70955607
1998	5	11	0.80410662
1998	5	12	0.55774444
1998	5	13	0.27916650
1998	5	14	0.18549575
1998	5	15	0.14466838
1998	5	16	0.11996041
1998	5	17	0.10338125
1998	5	18	0.09165498
1998	5	19	0.08289853
1998	5	20	0.07618276
1998	5	21	0.07085022
1998	5	22	0.06631233
1998	5	23	0.06227925
1998	5	24	0.11161964
1998	5	25	1.16237517
1998	5	26	3.08262150
1998	5	27	4.52769584
1998	5	28	3.40390199
1998	5	29	1.42322854
1998	5	30	0.81957495
1998	5	31	0.79848295
1998	6	1	0.47173981
1998	6	2	0.25947974
1998	6	3	0.17129290
1998	6	4	0.13422025
1998	6	5	0.19562245
1998	6	6	0.31331310
1998	6	7	0.14103143
1998	6	8	0.17888888
1998	6	9	0.50459630
1998	6	10	1.01723198
1998	6	11	0.89987186
1998	6	12	0.45303264
1998	6	13	0.39898390
1998	6	14	0.15913319
1998	6	15	0.08487405
1998	6	16	0.06901501
1998	6	17	0.08899286
1998	6	18	0.17268710
1998	6	19	0.41075307
1998	6	20	0.23612575
1998	6	21	0.30138304
1998	6	22	0.25642785
1998	6	23	0.36479055
1998	6	24	0.14523031
1998	6	25	0.06494387
1998	6	26	0.04014795
1998	6	27	0.03221358
1998	6	28	0.02754123
1998	6	29	0.03249011
1998	6	30	0.17887889
1998	7	1	0.45155115
1998	7	2	0.86503703
1998	7	3	0.90493036
1998	7	4	0.34883545
1998	7	5	0.10279476
1998	7	6	0.04804700
1998	7	7	0.05453893
1998	7	8	0.46176359
1998	7	9	1.03394870
1998	7	10	0.51081638
1998	7	11	0.18281143
1998	7	12	0.73122625
1998	7	13	1.36309465
1998	7	14	0.82528562
1998	7	15	0.21047774
1998	7	16	0.06731464
1998	7	17	0.04220818
1998	7	18	0.03274645
1998	7	19	0.02675632
1998	7	20	0.02252925
1998	7	21	0.01947253
1998	7	22	0.01753210
1998	7	23	0.01958962
1998	7	24	0.01799977
1998	7	25	0.01678905
1998	7	26	0.01475780
1998	7	27	0.01243396
1998	7	28	0.01232385
1998	7	29	0.01115320
1998	7	30	0.01001191
1998	7	31	0.00904805
1998	8	1	0.00832163
1998	8	2	0.00832841
1998	8	3	0.02508428
1998	8	4	0.05281758
1998	8	5	0.21233249
1998	8	6	0.40179955
1998	8	7	0.18222769
1998	8	8	0.07395879
1998	8	9	0.06952544
1998	8	10	0.18030271
1998	8	11	0.29085153
1998	8	12	0.13545737
1998	8	13	0.10737846
1998	8	14	0.27240724
1998	8	15	0.50751824
1998	8	16	0.26380756
1998	8	17	0.07835193
1998	8	18	0.02912268
1998	8	19	0.05148270
1998	8	20	0.10204154
1998	8	21	0.10287713
1998	8	22	0.04386149
1998	8	23	0.01994348
1998	8	24	0.01206168
1998	8	25	0.01268224
1998	8	26	0.05662783
1998	8	27	0.11664313
1998	8	28	0.10824029
1998	8	29	0.05651403
1998	8	30	0.02134710
1998	8	31	0.00860636
1998	9	1	0.00551337
1998	9	2	0.00421348
1998	9	3	0.00345572
1998	9	4	0.00327807
1998	9	5	0.00587328
1998	9	6	0.01203449
1998	9	7	0.00756959
1998	9	8	0.00407600
1998	9	9	0.00282280
1998	9	10	0.00245357
1998	9	11	0.00227553
1998	9	12	0.02603456
1998	9	13	0.50682002
1998	9	14	2.89674543
1998	9	15	5.79692315
1998	9	16	4.59728599
1998	9	17	1.79172903
1998	9	18	0.58730586
1998	9	19	0.26776836
1998	9	20	0.14921598
1998	9	21	0.14755471
1998	9	22	0.73831110
1998	9	23	1.61669084
1998	9	24	0.86358441
1998	9	25	0.21993949
1998	9	26	0.09127050
1998	9	27	0.04895302
1998	9	28	0.03080392
1998	9	29	0.02250486
1998	9	30	0.02445487
1998	10	1	0.12693032
1998	10	2	0.26668412
1998	10	3	0.21276534
1998	10	4	0.25822245
1998	10	5	1.21849916
1998	10	6	6.57366550
1998	10	7	12.02572740
1998	10	8	8.38092187
1998	10	9	2.27758441
1998	10	10	0.87111243
1998	10	11	0.56820830
1998	10	12	0.42119680
1998	10	13	0.32832012
1998	10	14	0.26742241
1998	10	15	0.22583907
1998	10	16	0.20906647
1998	10	17	0.39061951
1998	10	18	0.71711586
1998	10	19	0.94999124
1998	10	20	0.55817700
1998	10	21	0.26396980
1998	10	22	0.18040133
1998	10	23	0.15675088
1998	10	24	0.14196131
1998	10	25	0.13035162
1998	10	26	0.12057507
1998	10	27	0.11224025
1998	10	28	0.10626436
1998	10	29	0.11305359
1998	10	30	0.34492257
1998	10	31	0.31894695
1998	11	1	0.45346938
1998	11	2	1.64548935
1998	11	3	3.33700403
1998	11	4	2.29031154
1998	11	5	0.83220613
1998	11	6	0.41598835
1998	11	7	0.56311156
1998	11	8	1.43408829
1998	11	9	2.27593337
1998	11	10	2.48238290
1998	11	11	2.14323912
1998	11	12	1.20142673
1998	11	13	0.66132259
1998	11	14	0.46439065
1998	11	15	0.38552149
1998	11	16	0.33602713
1998	11	17	0.30128859
1998	11	18	0.28237013
1998	11	19	0.43155322
1998	11	20	1.07507965
1998	11	21	1.25152318
1998	11	22	0.85874013
1998	11	23	0.50544365
1998	11	24	0.37545564
1998	11	25	0.32494057
1998	11	26	0.29291753
1998	11	27	0.26927877
1998	11	28	0.25060974
1998	11	29	0.31890547
1998	11	30	1.65316762
1998	12	1	3.77551240
1998	12	2	2.65980366
1998	12	3	1.09156226
1998	12	4	1.06385952
1998	12	5	1.62387076
1998	12	6	1.07239319
1998	12	7	0.92076294
1998	12	8	1.01878456
1998	12	9	0.67848919
1998	12	10	0.46046963
1998	12	11	0.40868500
1998	12	12	0.57617008
1998	12	13	1.56957254
1998	12	14	2.45201103
1998	12	15	1.69961701
1998	12	16	0.89156002
1998	12	17	0.57590023
1998	12	18	0.48112947
1998	12	19	0.78234378
1998	12	20	1.35742443
1998	12	21	1.26422612
1998	12	22	0.87037607
1998	12	23	0.61955290
1998	12	24	0.47642768
1998	12	25	0.42492411
1998	12	26	0.40975726
1998	12	27	0.38817675
1998	12	28	0.36913179
1998	12	29	0.35479067
1998	12	30	0.34333382
1998	12	31	0.33740435
1999	1	1	0.40341425
1999	1	2	0.45718534
1999	1	3	0.42708879
1999	1	4	0.34973738
1999	1	5	0.31041700
1999	1	6	0.32457874
1999	1	7	0.43948419
1999	1	8	0.58137391
1999	1	9	0.63877874
1999	1	10	0.39123847
1999	1	11	0.29325131
1999	1	12	0.29896236
1999	1	13	0.30452314
1999	1	14	0.26248109
1999	1	15	0.24451552
1999	1	16	0.23684788
1999	1	17	0.22940648
1999	1	18	0.22236363
1999	1	19	0.21651711
1999	1	20	0.20872840
1999	1	21	0.20090983
1999	1	22	0.21868180
1999	1	23	0.42667372
1999	1	24	0.57505570
1999	1	25	0.49202854
1999	1	26	0.29539902
1999	1	27	0.20526263
1999	1	28	0.18699706
1999	1	29	0.32820193
1999	1	30	0.93349980
1999	1	31	1.64497961
1999	2	1	2.01695622
1999	2	2	1.28301382
1999	2	3	0.52162736
1999	2	4	0.29578581
1999	2	5	0.24295041
1999	2	6	0.37486847
1999	2	7	2.78252922
1999	2	8	6.22726841
1999	2	9	4.50494020
1999	2	10	1.86163250
1999	2	11	0.98719133
1999	2	12	0.85845754
1999	2	13	0.92125210
1999	2	14	0.87467704
1999	2	15	0.62761641
1999	2	16	0.51112508
1999	2	17	0.46267571
1999	2	18	0.43194384
1999	2	19	0.42091779
1999	2	20	0.41441069
1999	2	21	0.38821268
1999	2	22	0.35618742
1999	2	23	0.33754698
1999	2	24	0.32408314
1999	2	25	0.30958387
1999	2	26	0.29360201
1999	2	27	0.27794399
1999	2	28	0.26372625
1999	3	1	0.25043694
1999	3	2	0.23919006
1999	3	3	0.23995886
1999	3	4	0.25800838
1999	3	5	0.25423851
1999	3	6	0.24205953
1999	3	7	0.27196424
1999	3	8	0.86516534
1999	3	9	3.16357973
1999	3	10	4.06833602
1999	3	11	2.47944876
1999	3	12	1.59945216
1999	3	13	3.63716325
1999	3	14	5.95910905
1999	3	15	4.05463236
1999	3	16	2.93551416
1999	3	17	3.33506418
1999	3	18	3.50030608
1999	3	19	1.61840798
1999	3	20	2.09222117
1999	3	21	3.48648680
1999	3	22	2.64355979
1999	3	23	1.25152521
1999	3	24	0.84286648
1999	3	25	0.70377081
1999	3	26	0.60841402
1999	3	27	0.54979233
1999	3	28	0.53837634
1999	3	29	0.87643355
1999	3	30	1.26677993
1999	3	31	0.72407683
1999	4	1	0.46984901
1999	4	2	0.45266329
1999	4	3	1.18908272
1999	4	4	3.46678290
1999	4	5	4.94323999
1999	4	6	3.85831316
1999	4	7	2.42074442
1999	4	8	1.21495449
1999	4	9	0.74936292
1999	4	10	0.74619037
1999	4	11	0.49594722
1999	4	12	0.39248861
1999	4	13	0.41491940
1999	4	14	1.25647444
1999	4	15	2.67722777
1999	4	16	1.77615045
1999	4	17	0.76350458
1999	4	18	0.45055635
1999	4	19	0.36901274
1999	4	20	0.31906197
1999	4	21	0.28220893
1999	4	22	0.30647009
1999	4	23	0.57789858
1999	4	24	1.46954497
1999	4	25	1.36165316
1999	4	26	2.65433475
1999	4	27	4.76073341
1999	4	28	4.22524999
1999	4	29	1.85483691
1999	4	30	0.84134508
1999	5	1	0.57169836
1999	5	2	0.45849322
1999	5	3	0.45258486
1999	5	4	1.70448978
1999	5	5	5.52047106
1999	5	6	7.15468136
1999	5	7	4.14745985
1999	5	8	1.37763393
1999	5	9	0.75668684
1999	5	10	0.75694281
1999	5	11	2.11640048
1999	5	12	5.81794903
1999	5	13	8.40517972
1999	5	14	4.35290081
1999	5	15	1.59869755
1999	5	16	0.94623935
1999	5	17	1.16640523
1999	5	18	2.36238572
1999	5	19	2.76732977
1999	5	20	1.62884116
1999	5	21	1.88446151
1999	5	22	2.86307852
1999	5	23	3.89785925
1999	5	24	5.36003117
1999	5	25	3.53688862
1999	5	26	2.19595410
1999	5	27	2.32252053
1999	5	28	1.20141706
1999	5	29	0.75255783
1999	5	30	0.69489620
1999	5	31	0.96602067
1999	6	1	1.93985921
1999	6	2	2.12593020
1999	6	3	1.22424512
1999	6	4	0.62219635
1999	6	5	0.44562478
1999	6	6	0.37887432
1999	6	7	0.33330080
1999	6	8	0.30371561
1999	6	9	0.26838988
1999	6	10	0.28981588
1999	6	11	1.03187128
1999	6	12	2.33115919
1999	6	13	1.58029534
1999	6	14	1.10845610
1999	6	15	1.18464396
1999	6	16	0.80648429
1999	6	17	1.00472224
1999	6	18	1.15987262
1999	6	19	1.06676131
1999	6	20	2.09113110
1999	6	21	3.71546137
1999	6	22	2.61274043
1999	6	23	1.62580523
1999	6	24	2.09494722
1999	6	25	3.14425023
1999	6	26	3.92939289
1999	6	27	2.80463714
1999	6	28	2.08626929
1999	6	29	2.53469798
1999	6	30	3.94591079
1999	7	1	7.09480140
1999	7	2	8.25517114
1999	7	3	7.40107165
1999	7	4	3.96186600
1999	7	5	1.80402533
1999	7	6	1.16769471
1999	7	7	1.04721202
1999	7	8	1.11366226
1999	7	9	1.20921497
1999	7	10	0.82862990
1999	7	11	0.92528403
1999	7	12	1.39203443
1999	7	13	0.80475098
1999	7	14	0.45958918
1999	7	15	0.36056610
1999	7	16	0.32028265
1999	7	17	0.29416860
1999	7	18	0.27337579
1999	7	19	0.25609750
1999	7	20	0.24133150
1999	7	21	0.22851792
1999	7	22	0.21689048
1999	7	23	0.20608982
1999	7	24	0.19596671
1999	7	25	0.18657462
1999	7	26	0.17780534
1999	7	27	0.16954540
1999	7	28	0.16173206
1999	7	29	0.15432607
1999	7	30	0.14729849
1999	7	31	0.14063394
1999	8	1	0.13437365
1999	8	2	0.13607313
1999	8	3	0.30760930
1999	8	4	0.26813665
1999	8	5	0.23117714
1999	8	6	0.19637770
1999	8	7	0.14686437
1999	8	8	0.11282894
1999	8	9	0.10031846
1999	8	10	0.09397186
1999	8	11	0.08914198
1999	8	12	0.08474105
1999	8	13	0.09658251
1999	8	14	0.10709457
1999	8	15	0.09317640
1999	8	16	0.07950926
1999	8	17	0.07232819
1999	8	18	0.06717786
1999	8	19	0.06314061
1999	8	20	0.05978514
1999	8	21	0.05687336
1999	8	22	0.05429152
1999	8	23	0.05419241
1999	8	24	0.08367287
1999	8	25	0.14189043
1999	8	26	0.11929787
1999	8	27	0.33360326
1999	8	28	0.57988687
1999	8	29	0.27096663
1999	8	30	0.10484058
1999	8	31	0.06614690
1999	9	1	0.05176441
1999	9	2	0.04413089
1999	9	3	0.03973702
1999	9	4	0.06208447
1999	9	5	0.59262731
1999	9	6	1.19367465
1999	9	7	0.99430469
1999	9	8	1.13676902
1999	9	9	1.69912094
1999	9	10	0.96280718
1999	9	11	0.59584005
1999	9	12	1.03231402
1999	9	13	1.36624754
1999	9	14	1.22438762
1999	9	15	0.52422137
1999	9	16	0.20646409
1999	9	17	0.11574267
1999	9	18	0.07622973
1999	9	19	0.06842457
1999	9	20	0.20072037
1999	9	21	0.25651924
1999	9	22	0.27193983
1999	9	23	0.11450475
1999	9	24	0.06515456
1999	9	25	0.03721030
1999	9	26	0.03119162
1999	9	27	0.03666253
1999	9	28	0.02534592
1999	9	29	0.04879921
1999	9	30	0.06306070
1999	10	1	0.03690391
1999	10	2	0.02540967
1999	10	3	0.02210950
1999	10	4	0.01780532
1999	10	5	0.01529540
1999	10	6	0.01425711
1999	10	7	0.02083387
1999	10	8	0.11299833
1999	10	9	0.19753749
1999	10	10	0.08638212
1999	10	11	0.06139883
1999	10	12	0.03388375
1999	10	13	0.02126263
1999	10	14	0.01464329
1999	10	15	0.01167155
1999	10	16	0.01104190
1999	10	17	0.02586581
1999	10	18	0.04518635
1999	10	19	0.02690918
1999	10	20	0.01502210
1999	10	21	0.01073651
1999	10	22	0.00880379
1999	10	23	0.00766244
1999	10	24	0.00693078
1999	10	25	0.00643445
1999	10	26	0.00606683
1999	10	27	0.00578287
1999	10	28	0.00554251
1999	10	29	0.00735377
1999	10	30	0.10154169
1999	10	31	0.83293703
1999	11	1	2.20715185
1999	11	2	2.73745815
1999	11	3	1.63037061
1999	11	4	0.51409583
1999	11	5	0.17858715
1999	11	6	0.09704716
1999	11	7	0.05916105
1999	11	8	0.03727740
1999	11	9	0.02451173
1999	11	10	0.01703733
1999	11	11	0.01264253
1999	11	12	0.00990806
1999	11	13	0.00795329
1999	11	14	0.00677165
1999	11	15	0.00624922
1999	11	16	0.00608765
1999	11	17	0.00597448
1999	11	18	0.00586218
1999	11	19	0.00578855
1999	11	20	0.00574423
1999	11	21	0.00570448
1999	11	22	0.06210870
1999	11	23	0.84544724
1999	11	24	2.12363768
1999	11	25	1.35177563
1999	11	26	0.41980595
1999	11	27	0.13859507
1999	11	28	0.07697337
1999	11	29	0.04819922
1999	11	30	0.03154193
1999	12	1	0.02187228
1999	12	2	0.05837341
1999	12	3	0.72127488
1999	12	4	1.72838557
1999	12	5	2.94576865
1999	12	6	3.51706925
1999	12	7	2.03024063
1999	12	8	0.72642138
1999	12	9	1.22189138
1999	12	10	2.68342726
1999	12	11	3.12272246
1999	12	12	2.88207401
1999	12	13	3.32818680
1999	12	14	2.45111666
1999	12	15	1.08844329
1999	12	16	0.60711550
1999	12	17	0.45092090
1999	12	18	0.38095629
1999	12	19	0.34124262
1999	12	20	0.31704102
1999	12	21	0.30199306
1999	12	22	0.29219239
1999	12	23	0.28520786
1999	12	24	0.27976752
1999	12	25	0.27470684
1999	12	26	0.26994788
1999	12	27	0.26537893
1999	12	28	0.26089754
1999	12	29	0.25586524
1999	12	30	0.24975786
1999	12	31	0.24301304
2000	1	1	0.23604036
2000	1	2	0.30682904
2000	1	3	1.60409126
2000	1	4	3.93480662
2000	1	5	2.95152311
2000	1	6	1.16215499
2000	1	7	0.67260711
2000	1	8	0.70489260
2000	1	9	0.74902172
2000	1	10	0.64782423
2000	1	11	0.45199040
2000	1	12	0.36387472
2000	1	13	0.33400633
2000	1	14	0.31651259
2000	1	15	0.30326243
2000	1	16	0.29173933
2000	1	17	0.28189144
2000	1	18	0.27560287
2000	1	19	0.26526286
2000	1	20	0.25740293
2000	1	21	0.25109897
2000	1	22	0.24562388
2000	1	23	0.24242336
2000	1	24	0.23938977
2000	1	25	0.24046693
2000	1	26	0.23482874
2000	1	27	0.22407205
2000	1	28	0.21939548
2000	1	29	0.21371097
2000	1	30	0.20839549
2000	1	31	0.20929551
2000	2	1	0.24534069
2000	2	2	0.33000550
2000	2	3	0.39174485
2000	2	4	0.69654545
2000	2	5	1.25160220
2000	2	6	1.04969371
2000	2	7	0.46773881
2000	2	8	0.23261097
2000	2	9	0.18928841
2000	2	10	0.17654018
2000	2	11	0.16824093
2000	2	12	0.16104068
2000	2	13	0.15537096
2000	2	14	0.15020542
2000	2	15	0.14468773
2000	2	16	0.15805094
2000	2	17	0.60529388
2000	2	18	1.65817709
2000	2	19	2.53951365
2000	2	20	1.62274558
2000	2	21	0.60558969
2000	2	22	0.32316798
2000	2	23	0.53158019
2000	2	24	0.81797257
2000	2	25	0.51682616
2000	2	26	1.13074145
2000	2	27	1.83622433
2000	2	28	1.16069037
2000	2	29	0.52252296
2000	3	1	0.31556427
2000	3	2	0.33402726
2000	3	3	1.45917191
2000	3	4	3.29965252
2000	3	5	2.67673980
2000	3	6	1.24416025
2000	3	7	0.60701673
2000	3	8	0.82351185
2000	3	9	1.03940568
2000	3	10	0.57712321
2000	3	11	0.55717377
2000	3	12	0.80215159
2000	3	13	0.65730578
2000	3	14	0.44382464
2000	3	15	0.31699433
2000	3	16	0.27100053
2000	3	17	0.28720087
2000	3	18	0.71838981
2000	3	19	1.49980506
2000	3	20	1.12625084
2000	3	21	0.49176083
2000	3	22	0.31734836
2000	3	23	0.27674941
2000	3	24	0.46314207
2000	3	25	0.68084255
2000	3	26	0.60571602
2000	3	27	0.55600100
2000	3	28	0.41915276
2000	3	29	0.29099718
2000	3	30	0.33793638
2000	3	31	0.32378768
2000	4	1	0.29530907
2000	4	2	0.24656708
2000	4	3	0.32403856
2000	4	4	0.19987816
2000	4	5	0.14598769
2000	4	6	0.11935317
2000	4	7	0.10521372
2000	4	8	0.09494115
2000	4	9	0.08833788
2000	4	10	0.12762981
2000	4	11	0.79675409
2000	4	12	1.74318901
2000	4	13	1.25339304
2000	4	14	0.42197192
2000	4	15	0.18563116
2000	4	16	0.28293848
2000	4	17	0.35842670
2000	4	18	0.19429507
2000	4	19	0.11460023
2000	4	20	0.34663992
2000	4	21	0.55398384
2000	4	22	0.24459052
2000	4	23	0.16349749
2000	4	24	0.17353292
2000	4	25	0.47018345
2000	4	26	0.26674860
2000	4	27	0.17335831
2000	4	28	0.11542308
2000	4	29	0.62431602
2000	4	30	0.71621934
2000	5	1	0.67767345
2000	5	2	1.55469811
2000	5	3	1.00520911
2000	5	4	0.48306004
2000	5	5	0.56244045
2000	5	6	0.79062100
2000	5	7	1.63086477
2000	5	8	2.32874968
2000	5	9	1.63668750
2000	5	10	0.98374421
2000	5	11	0.64089791
2000	5	12	0.35614212
2000	5	13	0.21494492
2000	5	14	0.15574257
2000	5	15	0.12251323
2000	5	16	0.12223108
2000	5	17	0.15778132
2000	5	18	0.16960974
2000	5	19	0.17840020
2000	5	20	0.16026922
2000	5	21	0.11167010
2000	5	22	0.07776714
2000	5	23	0.06207980
2000	5	24	0.10498005
2000	5	25	1.10957752
2000	5	26	2.65981193
2000	5	27	2.68785201
2000	5	28	3.92621979
2000	5	29	2.79951040
2000	5	30	0.69627395
2000	5	31	0.23067454
2000	6	1	0.14664958
2000	6	2	0.11881264
2000	6	3	0.19547289
2000	6	4	0.30796535
2000	6	5	0.30191588
2000	6	6	0.34701101
2000	6	7	0.17437716
2000	6	8	0.08833172
2000	6	9	0.08719649
2000	6	10	0.40846855
2000	6	11	1.29384490
2000	6	12	2.46792000
2000	6	13	2.74695038
2000	6	14	1.29459264
2000	6	15	2.26157930
2000	6	16	4.18694095
2000	6	17	3.63166150
2000	6	18	5.09068624
2000	6	19	4.89984086
2000	6	20	2.60619399
2000	6	21	4.26672668
2000	6	22	9.69212332
2000	6	23	8.21382399
2000	6	24	3.24662277
2000	6	25	2.29430950
2000	6	26	3.96960183
2000	6	27	3.52236661
2000	6	28	2.53185306
2000	6	29	4.63408744
2000	6	30	7.11212098
2000	7	1	4.83124576
2000	7	2	1.99577573
2000	7	3	1.33643416
2000	7	4	1.32538675
2000	7	5	1.08328265
2000	7	6	0.73357953
2000	7	7	0.56478042
2000	7	8	0.46773711
2000	7	9	0.40243996
2000	7	10	0.35477093
2000	7	11	0.31785397
2000	7	12	0.28880095
2000	7	13	0.26706276
2000	7	14	0.25014611
2000	7	15	0.23380963
2000	7	16	0.21909988
2000	7	17	0.20656871
2000	7	18	0.19541578
2000	7	19	0.18941467
2000	7	20	0.30691057
2000	7	21	1.82456936
2000	7	22	2.98167877
2000	7	23	2.18195847
2000	7	24	1.02747728
2000	7	25	0.53351075
2000	7	26	0.33518274
2000	7	27	0.37834235
2000	7	28	0.44015215
2000	7	29	1.21128654
2000	7	30	2.32729697
2000	7	31	2.27348274
2000	8	1	1.04994973
2000	8	2	0.48233599
2000	8	3	0.31832551
2000	8	4	0.24062496
2000	8	5	0.19249118
2000	8	6	0.16047959
2000	8	7	0.13842091
2000	8	8	0.12253546
2000	8	9	0.11043281
2000	8	10	0.10073005
2000	8	11	0.09248385
2000	8	12	0.08580780
2000	8	13	0.08046758
2000	8	14	0.07566723
2000	8	15	0.07128348
2000	8	16	0.06724812
2000	8	17	0.06351541
2000	8	18	0.06002476
2000	8	19	0.05678507
2000	8	20	0.05379429
2000	8	21	0.05100238
2000	8	22	0.04840342
2000	8	23	0.04599562
2000	8	24	0.04400698
2000	8	25	0.04327676
2000	8	26	0.04127491
2000	8	27	0.03860322
2000	8	28	0.03639400
2000	8	29	0.03456276
2000	8	30	0.03292081
2000	8	31	0.03140901
2000	9	1	0.03001094
2000	9	2	0.02871331
2000	9	3	0.02750560
2000	9	4	0.02644175
2000	9	5	0.02738897
2000	9	6	0.02562617
2000	9	7	0.02433720
2000	9	8	0.02272741
2000	9	9	0.02157285
2000	9	10	0.02053810
2000	9	11	0.04486344
2000	9	12	0.48211726
2000	9	13	1.05401793
2000	9	14	0.76202110
2000	9	15	0.34333566
2000	9	16	0.13864798
2000	9	17	0.07644347
2000	9	18	0.04992544
2000	9	19	0.03482097
2000	9	20	0.02582613
2000	9	21	0.02039413
2000	9	22	0.04860139
2000	9	23	0.69831817
2000	9	24	3.05597119
2000	9	25	4.83172994
2000	9	26	3.54999542
2000	9	27	1.36676497
2000	9	28	0.47417989
2000	9	29	0.23204081
2000	9	30	0.13977433
2000	10	1	0.09088598
2000	10	2	0.06212246
2000	10	3	0.04498979
2000	10	4	0.03557303
2000	10	5	0.04959586
2000	10	6	0.22850815
2000	10	7	0.54010274
2000	10	8	0.25194590
2000	10	9	0.08174598
2000	10	10	0.03875708
2000	10	11	0.02803583
2000	10	12	0.02323423
2000	10	13	0.02022720
2000	10	14	0.02133618
2000	10	15	0.12164322
2000	10	16	0.70176102
2000	10	17	1.25248867
2000	10	18	0.81629602
2000	10	19	0.26206694
2000	10	20	0.09824641
2000	10	21	0.11120631
2000	10	22	0.43969736
2000	10	23	0.87318705
2000	10	24	0.81020652
2000	10	25	0.41757991
2000	10	26	0.19569470
2000	10	27	0.81542528
2000	10	28	1.91633855
2000	10	29	2.50843600
2000	10	30	1.22321601
2000	10	31	0.31291654
2000	11	1	0.26047249
2000	11	2	0.39333371
2000	11	3	0.82943208
2000	11	4	0.73539554
2000	11	5	1.22582107
2000	11	6	2.29805096
2000	11	7	4.01479313
2000	11	8	3.23073662
2000	11	9	2.48166419
2000	11	10	2.18758880
2000	11	11	1.04651417
2000	11	12	0.76777955
2000	11	13	1.50507739
2000	11	14	1.88671488
2000	11	15	1.13771900
2000	11	16	0.59402147
2000	11	17	0.47446366
2000	11	18	0.35615441
2000	11	19	0.26979663
2000	11	20	0.23878340
2000	11	21	0.24152550
2000	11	22	0.24596423
2000	11	23	0.59169115
2000	11	24	1.58407806
2000	11	25	2.69662431
2000	11	26	3.21469713
2000	11	27	2.11712993
2000	11	28	0.94945113
2000	11	29	0.58264362
2000	11	30	0.47638066
2000	12	1	0.42019794
2000	12	2	0.38511493
2000	12	3	0.36305809
2000	12	4	0.34859254
2000	12	5	0.33787461
2000	12	6	0.33762468
2000	12	7	0.41577688
2000	12	8	0.47252749
2000	12	9	0.42354330
2000	12	10	0.45388811
2000	12	11	0.61070744
2000	12	12	0.62502569
2000	12	13	0.50368289
2000	12	14	0.37040278
2000	12	15	0.32235421
2000	12	16	0.30734490
2000	12	17	0.30178047
2000	12	18	0.30511101
2000	12	19	0.29368383
2000	12	20	0.28369331
2000	12	21	0.28348799
2000	12	22	0.29429979
2000	12	23	0.27481387
2000	12	24	0.28649525
2000	12	25	0.32312414
2000	12	26	0.29383106
2000	12	27	0.25476215
2000	12	28	0.24145505
2000	12	29	0.23634160
2000	12	30	0.23201269
2000	12	31	0.22776959
2001	1	1	0.22359458
2001	1	2	0.21948919
2001	1	3	0.21543137
2001	1	4	0.21158284
2001	1	5	0.21636121
2001	1	6	0.35800088
2001	1	7	0.81298084
2001	1	8	1.42219691
2001	1	9	1.61722823
2001	1	10	1.03140270
2001	1	11	0.87760171
2001	1	12	0.99992220
2001	1	13	1.00296352
2001	1	14	1.27655810
2001	1	15	1.83928449
2001	1	16	1.12148272
2001	1	17	0.49094060
2001	1	18	0.42489671
2001	1	19	0.34802874
2001	1	20	0.28732375
2001	1	21	0.25310584
2001	1	22	0.24183054
2001	1	23	0.25354663
2001	1	24	0.26871153
2001	1	25	0.28535079
2001	1	26	0.27148533
2001	1	27	0.31456992
2001	1	28	1.22004274
2001	1	29	3.40284300
2001	1	30	6.13619297
2001	1	31	5.46172253
2001	2	1	2.48844427
2001	2	2	0.97437874
2001	2	3	0.67389569
2001	2	4	0.56932589
2001	2	5	0.50185713
2001	2	6	0.45284095
2001	2	7	0.41532165
2001	2	8	0.43467290
2001	2	9	1.15703376
2001	2	10	2.08767861
2001	2	11	1.40019151
2001	2	12	0.76976105
2001	2	13	1.08353112
2001	2	14	2.78131256
2001	2	15	6.01556006
2001	2	16	10.70581665
2001	2	17	8.54201615
2001	2	18	3.01438045
2001	2	19	1.64684455
2001	2	20	2.07134262
2001	2	21	2.63468605
2001	2	22	1.19832575
2001	2	23	1.33470800
2001	2	24	5.21459486
2001	2	25	14.60091475
2001	2	26	17.62190396
2001	2	27	8.59391768
2001	2	28	3.55593850
2001	3	1	2.24131287
2001	3	2	1.81981292
2001	3	3	1.49299530
2001	3	4	1.24107643
2001	3	5	1.08648507
2001	3	6	0.98097979
2001	3	7	0.89786595
2001	3	8	0.82708401
2001	3	9	0.76626708
2001	3	10	0.71474297
2001	3	11	0.71681491
2001	3	12	1.13847005
2001	3	13	1.83851695
2001	3	14	1.19089874
2001	3	15	1.27121179
2001	3	16	2.04419207
2001	3	17	2.49875589
2001	3	18	1.66010384
2001	3	19	0.91322958
2001	3	20	0.66036024
2001	3	21	0.57880832
2001	3	22	0.52771675
2001	3	23	0.48526579
2001	3	24	0.44843300
2001	3	25	0.41765144
2001	3	26	0.39575434
2001	3	27	0.38776318
2001	3	28	0.41274961
2001	3	29	0.44360922
2001	3	30	0.38707968
2001	3	31	0.32817838
2001	4	1	0.30456422
2001	4	2	0.28482015
2001	4	3	0.26716140
2001	4	4	0.25043130
2001	4	5	0.23361665
2001	4	6	0.22238338
2001	4	7	0.21423032
2001	4	8	0.19581379
2001	4	9	0.18116066
2001	4	10	0.19789656
2001	4	11	0.63247696
2001	4	12	1.34319137
2001	4	13	1.09527967
2001	4	14	0.50414073
2001	4	15	0.75274576
2001	4	16	1.51596415
2001	4	17	0.84304369
2001	4	18	0.33131378
2001	4	19	0.19852898
2001	4	20	0.22475336
2001	4	21	0.29377072
2001	4	22	0.21486799
2001	4	23	0.48371432
2001	4	24	0.92471808
2001	4	25	0.43069037
2001	4	26	0.18762694
2001	4	27	0.12691776
2001	4	28	0.10178975
2001	4	29	0.08933436
2001	4	30	0.08058647
2001	5	1	0.07393589
2001	5	2	0.06853506
2001	5	3	0.06437012
2001	5	4	0.06521522
2001	5	5	0.07833393
2001	5	6	0.21549174
2001	5	7	0.57975719
2001	5	8	0.70987645
2001	5	9	0.43703879
2001	5	10	0.21369135
2001	5	11	0.15791308
2001	5	12	0.58671027
2001	5	13	1.34981104
2001	5	14	0.79137590
2001	5	15	0.27297420
2001	5	16	0.12472092
2001	5	17	0.14892827
2001	5	18	1.29950523
2001	5	19	3.75674084
2001	5	20	2.86144292
2001	5	21	1.92656448
2001	5	22	2.33790232
2001	5	23	1.35616334
2001	5	24	0.57521155
2001	5	25	0.35517860
2001	5	26	0.18457136
2001	5	27	0.10951037
2001	5	28	0.22162372
2001	5	29	0.54408490
2001	5	30	1.90210154
2001	5	31	3.71933395
2001	6	1	2.82101151
2001	6	2	0.99575754
2001	6	3	0.54382748
2001	6	4	0.29600207
2001	6	5	0.16304451
2001	6	6	0.10745135
2001	6	7	0.07697389
2001	6	8	0.06079995
2001	6	9	0.07103397
2001	6	10	0.15862025
2001	6	11	0.24560107
2001	6	12	0.11456684
2001	6	13	0.03662749
2001	6	14	0.13116616
2001	6	15	1.72341647
2001	6	16	4.70614052
2001	6	17	3.09953864
2001	6	18	0.94274969
2001	6	19	0.28503242
2001	6	20	0.21722284
2001	6	21	0.95931499
2001	6	22	2.40700061
2001	6	23	1.65692973
2001	6	24	0.53416361
2001	6	25	0.18475006
2001	6	26	0.11367437
2001	6	27	0.11802504
2001	6	28	0.14667453
2001	6	29	0.22101449
2001	6	30	0.50877652
2001	7	1	0.43351098
2001	7	2	0.17315566
2001	7	3	0.05465319
2001	7	4	0.03510164
2001	7	5	0.06525031
2001	7	6	0.11094631
2001	7	7	0.12552607
2001	7	8	0.10476778
2001	7	9	0.04857285
2001	7	10	0.02707142
2001	7	11	0.02031164
2001	7	12	0.03839187
2001	7	13	0.32610737
2001	7	14	0.62757284
2001	7	15	0.32481903
2001	7	16	0.20518243
2001	7	17	0.51692183
2001	7	18	0.72518427
2001	7	19	0.37168155
2001	7	20	0.16119397
2001	7	21	0.07934479
2001	7	22	0.04717602
2001	7	23	0.03019619
2001	7	24	0.02019447
2001	7	25	0.03465094
2001	7	26	0.26329624
2001	7	27	0.57235446
2001	7	28	0.53448836
2001	7	29	0.77580510
2001	7	30	0.85192136
2001	7	31	0.51120027
2001	8	1	0.24475325
2001	8	2	0.13085478
2001	8	3	0.07711449
2001	8	4	0.04670424
2001	8	5	0.02898649
2001	8	6	0.01889641
2001	8	7	0.01941998
2001	8	8	0.01949244
2001	8	9	0.05548424
2001	8	10	0.10811799
2001	8	11	0.32237055
2001	8	12	0.58800617
2001	8	13	0.46254087
2001	8	14	0.16850152
2001	8	15	0.08603174
2001	8	16	0.43034021
2001	8	17	1.19119420
2001	8	18	0.63532034
2001	8	19	0.16242459
2001	8	20	0.11916432
2001	8	21	0.04089867
2001	8	22	0.01259977
2001	8	23	0.00826203
2001	8	24	0.01910509
2001	8	25	0.05771650
2001	8	26	0.56519781
2001	8	27	1.09194287
2001	8	28	0.55765552
2001	8	29	0.12466993
2001	8	30	0.22101737
2001	8	31	0.46180757
2001	9	1	0.26497504
2001	9	2	0.11878579
2001	9	3	0.05029312
2001	9	4	0.02544767
2001	9	5	0.01529397
2001	9	6	0.01257313
2001	9	7	0.07829104
2001	9	8	0.62034397
2001	9	9	2.76420624
2001	9	10	4.36722195
2001	9	11	2.69071655
2001	9	12	0.79052040
2001	9	13	0.25566849
2001	9	14	0.13649707
2001	9	15	0.08241987
2001	9	16	0.06142269
2001	9	17	0.35901746
2001	9	18	1.95601753
2001	9	19	3.60265961
2001	9	20	3.14237670
2001	9	21	1.10215217
2001	9	22	0.36345507
2001	9	23	0.18144793
2001	9	24	0.11284816
2001	9	25	0.07475293
2001	9	26	0.05237247
2001	9	27	0.03907497
2001	9	28	0.03100221
2001	9	29	0.02593414
2001	9	30	0.02238188
2001	10	1	0.01956335
2001	10	2	0.01799205
2001	10	3	0.01724081
2001	10	4	0.04070549
2001	10	5	0.51046163
2001	10	6	1.10459230
2001	10	7	0.98006718
2001	10	8	0.50829862
2001	10	9	0.23703510
2001	10	10	0.76325825
2001	10	11	3.55692282
2001	10	12	7.55970679
2001	10	13	6.57480322
2001	10	14	3.41977425
2001	10	15	1.61586805
2001	10	16	0.69835713
2001	10	17	0.38903270
2001	10	18	0.28627245
2001	10	19	0.23200771
2001	10	20	0.19801171
2001	10	21	0.17523414
2001	10	22	0.16031501
2001	10	23	0.18169141
2001	10	24	0.16786587
2001	10	25	0.15126758
2001	10	26	0.13864105
2001	10	27	0.12967511
2001	10	28	0.12187303
2001	10	29	0.11618280
2001	10	30	0.11101743
2001	10	31	0.10624633
2001	11	1	0.10228338
2001	11	2	0.14757426
2001	11	3	0.80050284
2001	11	4	1.99014318
2001	11	5	1.78222031
2001	11	6	0.80831984
2001	11	7	0.29329017
2001	11	8	0.19011869
2001	11	9	0.19984833
2001	11	10	0.29892131
2001	11	11	0.21473704
2001	11	12	0.15003691
2001	11	13	0.12128701
2001	11	14	0.11662048
2001	11	15	0.11820015
2001	11	16	0.09985980
2001	11	17	0.09034996
2001	11	18	0.15357389
2001	11	19	0.98928122
2001	11	20	1.97451393
2001	11	21	1.42931642
2001	11	22	0.66257803
2001	11	23	0.35499243
2001	11	24	0.59452430
2001	11	25	1.01745809
2001	11	26	0.56204760
2001	11	27	0.27591340
2001	11	28	0.56703616
2001	11	29	1.07711995
2001	11	30	0.82719396
2001	12	1	0.84393272
2001	12	2	1.19685417
2001	12	3	1.30328963
2001	12	4	1.23496618
2001	12	5	0.54722397
2001	12	6	0.28295161
2001	12	7	0.25094844
2001	12	8	0.19952524
2001	12	9	0.16928970
2001	12	10	0.15494917
2001	12	11	0.16438883
2001	12	12	0.52841267
2001	12	13	1.07729928
2001	12	14	1.38924000
2001	12	15	1.33558750
2001	12	16	2.90223916
2001	12	17	8.32952607
2001	12	18	10.82088747
2001	12	19	6.27431867
2001	12	20	2.58539679
2001	12	21	1.46761804
2001	12	22	1.12380378
2001	12	23	0.94400977
2001	12	24	0.82310307
2001	12	25	0.73995801
2001	12	26	0.68620126
2001	12	27	0.64781549
2001	12	28	0.61723230
2001	12	29	0.58996179
2001	12	30	0.56656783
2001	12	31	0.54784217
2002	1	1	0.53154736
2002	1	2	0.51616913
2002	1	3	0.50143791
2002	1	4	0.48738362
2002	1	5	0.47831158
2002	1	6	0.50761555
2002	1	7	0.52247958
2002	1	8	0.50701627
2002	1	9	0.46257668
2002	1	10	0.42245829
2002	1	11	0.39704053
2002	1	12	0.38122230
2002	1	13	0.36801078
2002	1	14	0.35530345
2002	1	15	0.34311322
2002	1	16	0.33172667
2002	1	17	0.32164969
2002	1	18	0.31527705
2002	1	19	0.32263446
2002	1	20	0.36606703
2002	1	21	0.42501898
2002	1	22	0.46956038
2002	1	23	0.48580112
2002	1	24	0.95560542
2002	1	25	1.85480083
2002	1	26	1.48596422
2002	1	27	0.66980550
2002	1	28	0.39093825
2002	1	29	0.33066308
2002	1	30	0.58858065
2002	1	31	2.14451552
2002	2	1	4.22055403
2002	2	2	4.19995298
2002	2	3	2.29453426
2002	2	4	1.17556204
2002	2	5	0.93866241
2002	2	6	0.93931636
2002	2	7	1.03099670
2002	2	8	0.86843554
2002	2	9	0.64578252
2002	2	10	0.55581941
2002	2	11	0.44852367
2002	2	12	0.40628878
2002	2	13	0.38743008
2002	2	14	0.37168453
2002	2	15	0.35843676
2002	2	16	0.34943147
2002	2	17	0.40186470
2002	2	18	0.37952992
2002	2	19	0.50175689
2002	2	20	1.46929423
2002	2	21	2.32528085
2002	2	22	1.49717986
2002	2	23	0.62467581
2002	2	24	0.39933806
2002	2	25	0.34471876
2002	2	26	0.32807034
2002	2	27	0.30867624
2002	2	28	0.29443620
2002	3	1	0.37411541
2002	3	2	0.96266612
2002	3	3	1.37686544
2002	3	4	1.04797988
2002	3	5	0.58630721
2002	3	6	0.87224578
2002	3	7	1.10427833
2002	3	8	0.63962170
2002	3	9	0.53733252
2002	3	10	0.75527604
2002	3	11	0.54481601
2002	3	12	0.36514231
2002	3	13	0.36445824
2002	3	14	0.28473538
2002	3	15	0.28189642
2002	3	16	0.36681999
2002	3	17	0.60024366
2002	3	18	1.03532716
2002	3	19	3.02746654
2002	3	20	7.35284524
2002	3	21	8.62449049
2002	3	22	3.83061846
2002	3	23	1.13645789
2002	3	24	1.25143172
2002	3	25	2.53360691
2002	3	26	4.04400700
2002	3	27	2.46438666
2002	3	28	1.00988448
2002	3	29	0.63905556
2002	3	30	0.54320073
2002	3	31	0.54218389
2002	4	1	0.39840347
2002	4	2	0.36991623
2002	4	3	0.31638254
2002	4	4	0.29394317
2002	4	5	0.27707749
2002	4	6	0.27092558
2002	4	7	0.72845944
2002	4	8	5.85143465
2002	4	9	13.78771148
2002	4	10	10.31514141
2002	4	11	2.79596073
2002	4	12	1.20832703
2002	4	13	0.93832308
2002	4	14	0.88137987
2002	4	15	0.60711676
2002	4	16	0.51597858
2002	4	17	0.76881552
2002	4	18	1.28913230
2002	4	19	0.76561214
2002	4	20	0.61692052
2002	4	21	0.76518008
2002	4	22	0.56507378
2002	4	23	2.07481835
2002	4	24	3.53318007
2002	4	25	2.92508059
2002	4	26	1.75431043
2002	4	27	1.70781608
2002	4	28	1.15552157
2002	4	29	0.66485715
2002	4	30	0.49052954
2002	5	1	0.40611166
2002	5	2	0.47743586
2002	5	3	0.73539905
2002	5	4	0.54047364
2002	5	5	0.46030153
2002	5	6	0.41110115
2002	5	7	0.38360881
2002	5	8	0.66253206
2002	5	9	0.97576430
2002	5	10	1.27599408
2002	5	11	0.89916249
2002	5	12	1.17441675
2002	5	13	1.90255825
2002	5	14	2.51548063
2002	5	15	1.48758640
2002	5	16	1.24060357
2002	5	17	1.88873202
2002	5	18	3.84010690
2002	5	19	3.00483835
2002	5	20	1.27356333
2002	5	21	0.64534269
2002	5	22	0.48176980
2002	5	23	0.65497914
2002	5	24	0.69771641
2002	5	25	1.10589949
2002	5	26	0.88903177
2002	5	27	0.67095416
2002	5	28	0.92725291
2002	5	29	1.73427131
2002	5	30	2.11157291
2002	5	31	1.48941542
2002	6	1	0.82366542
2002	6	2	0.53099296
2002	6	3	0.38896590
2002	6	4	0.37957564
2002	6	5	1.51378586
2002	6	6	3.13122624
2002	6	7	2.56531797
2002	6	8	1.01485886
2002	6	9	0.59642314
2002	6	10	0.70206700
2002	6	11	0.73141581
2002	6	12	1.23856219
2002	6	13	2.00448652
2002	6	14	1.96322414
2002	6	15	1.31348904
2002	6	16	0.72396900
2002	6	17	0.48591694
2002	6	18	0.33557028
2002	6	19	0.24536707
2002	6	20	0.19959673
2002	6	21	0.16916646
2002	6	22	0.14684048
2002	6	23	0.13096575
2002	6	24	0.11947595
2002	6	25	0.14589957
2002	6	26	0.38772098
2002	6	27	0.69227956
2002	6	28	0.32439970
2002	6	29	0.14232950
2002	6	30	0.11303472
2002	7	1	0.11663738
2002	7	2	0.13280895
2002	7	3	0.17655559
2002	7	4	0.34260103
2002	7	5	0.59563136
2002	7	6	0.59488142
2002	7	7	0.36111029
2002	7	8	0.20010130
2002	7	9	0.13671266
2002	7	10	0.17290591
2002	7	11	0.15802440
2002	7	12	0.16236326
2002	7	13	0.29197715
2002	7	14	0.52079275
2002	7	15	0.30996617
2002	7	16	0.21025674
2002	7	17	0.07096282
2002	7	18	0.10559742
2002	7	19	0.40507300
2002	7	20	0.40573752
2002	7	21	0.34917106
2002	7	22	0.16578730
2002	7	23	0.16326678
2002	7	24	0.19317927
2002	7	25	0.13357005
2002	7	26	0.07724668
2002	7	27	0.05391448
2002	7	28	0.05301834
2002	7	29	0.34542487
2002	7	30	0.71251968
2002	7	31	0.36912949
2002	8	1	0.09742681
2002	8	2	0.04251286
2002	8	3	0.03772474
2002	8	4	0.14391741
2002	8	5	0.05481539
2002	8	6	0.02071887
2002	8	7	0.02160084
2002	8	8	0.11268674
2002	8	9	0.04277279
2002	8	10	0.01956671
2002	8	11	0.05153247
2002	8	12	0.10407349
2002	8	13	0.25380838
2002	8	14	3.08145143
2002	8	15	9.19777875
2002	8	16	8.03795823
2002	8	17	2.11718977
2002	8	18	0.48964926
2002	8	19	0.25048202
2002	8	20	0.16307476
2002	8	21	0.10905923
2002	8	22	0.07645904
2002	8	23	0.05769426
2002	8	24	0.06706160
2002	8	25	0.24287130
2002	8	26	0.51281421
2002	8	27	0.18865428
2002	8	28	0.06479118
2002	8	29	0.04076515
2002	8	30	0.03230004
2002	8	31	0.02761721
2002	9	1	0.03358730
2002	9	2	0.03115517
2002	9	3	0.02470188
2002	9	4	0.01929383
2002	9	5	0.01716457
2002	9	6	0.01603036
2002	9	7	0.01506910
2002	9	8	0.01425724
2002	9	9	0.01360716
2002	9	10	0.01310460
2002	9	11	0.01241416
2002	9	12	0.01169343
2002	9	13	0.01115581
2002	9	14	0.01184719
2002	9	15	0.01454920
2002	9	16	0.02913187
2002	9	17	0.03166795
2002	9	18	0.05609184
2002	9	19	0.29678855
2002	9	20	0.63189372
2002	9	21	0.40868370
2002	9	22	0.20272690
2002	9	23	0.06091661
2002	9	24	0.03177057
2002	9	25	0.02077799
2002	9	26	0.01519518
2002	9	27	0.01184725
2002	9	28	0.00979010
2002	9	29	0.00847917
2002	9	30	0.00760716
2002	10	1	0.00698265
2002	10	2	0.00647262
2002	10	3	0.00627137
2002	10	4	0.00788258
2002	10	5	0.01077717
2002	10	6	0.00920442
2002	10	7	0.03733137
2002	10	8	0.07217884
2002	10	9	0.07631007
2002	10	10	0.14904561
2002	10	11	0.17719077
2002	10	12	0.08500824
2002	10	13	0.02877944
2002	10	14	0.01575967
2002	10	15	0.01172516
2002	10	16	0.00924804
2002	10	17	0.01897624
2002	10	18	0.03595891
2002	10	19	0.06342784
2002	10	20	0.23189158
2002	10	21	0.44394140
2002	10	22	0.29211622
2002	10	23	0.09063105
2002	10	24	0.06554639
2002	10	25	0.36113199
2002	10	26	0.78532074
2002	10	27	0.50609780
2002	10	28	0.52575426
2002	10	29	1.45646312
2002	10	30	2.28223190
2002	10	31	1.47253550
2002	11	1	0.45567128
2002	11	2	0.21866008
2002	11	3	0.58877007
2002	11	4	1.19747606
2002	11	5	0.92111823
2002	11	6	0.46684961
2002	11	7	0.18185127
2002	11	8	0.08600279
2002	11	9	0.05066644
2002	11	10	0.03469073
2002	11	11	0.02576694
2002	11	12	0.02071217
2002	11	13	0.01803069
2002	11	14	0.02294193
2002	11	15	0.05202576
2002	11	16	0.09461131
2002	11	17	0.05089288
2002	11	18	0.02902701
2002	11	19	0.01989969
2002	11	20	0.01652849
2002	11	21	0.01468130
2002	11	22	0.01348212
2002	11	23	0.01269133
2002	11	24	0.01210594
2002	11	25	0.01167105
2002	11	26	0.01138550
2002	11	27	0.01120427
2002	11	28	0.01107459
2002	11	29	0.01096234
2002	11	30	0.01079049
2002	12	1	0.01059550
2002	12	2	0.01056951
2002	12	3	0.07053986
2002	12	4	0.90109461
2002	12	5	1.98808678
2002	12	6	0.94910986
2002	12	7	0.27174381
2002	12	8	0.36404946
2002	12	9	0.69907194
2002	12	10	0.69681952
2002	12	11	0.45883822
2002	12	12	0.20435136
2002	12	13	0.78507681
2002	12	14	1.72384846
2002	12	15	1.49602088
2002	12	16	0.55600231
2002	12	17	0.20040246
2002	12	18	0.14974118
2002	12	19	0.17241760
2002	12	20	0.18526935
2002	12	21	0.14645929
2002	12	22	0.09252043
2002	12	23	0.10518231
2002	12	24	0.46268170
2002	12	25	1.01973661
2002	12	26	0.46512033
2002	12	27	0.16968192
2002	12	28	0.17674335
2002	12	29	0.52300179
2002	12	30	1.19879097
2002	12	31	1.95021920
2003	1	1	2.66628130
2003	1	2	1.77623334
2003	1	3	0.70600856
2003	1	4	0.30816765
2003	1	5	0.18152385
2003	1	6	0.13933554
2003	1	7	0.12083853
2003	1	8	0.11061853
2003	1	9	0.10419219
2003	1	10	0.10061574
2003	1	11	0.10735292
2003	1	12	0.10782816
2003	1	13	0.09896188
2003	1	14	0.09749722
2003	1	15	0.10796829
2003	1	16	0.14944047
2003	1	17	0.20614371
2003	1	18	0.18884982
2003	1	19	0.12948105
2003	1	20	0.10788823
2003	1	21	0.10093483
2003	1	22	0.09696617
2003	1	23	0.09458731
2003	1	24	0.09309911
2003	1	25	0.09205439
2003	1	26	0.09122329
2003	1	27	0.09049804
2003	1	28	0.08992100
2003	1	29	0.09334770
2003	1	30	0.09944957
2003	1	31	0.10414591
2003	2	1	0.31639398
2003	2	2	0.42471779
2003	2	3	0.27929457
2003	2	4	0.13359024
2003	2	5	0.09620458
2003	2	6	0.17052941
2003	2	7	0.33474829
2003	2	8	0.28908582
2003	2	9	0.24602797
2003	2	10	0.49170897
2003	2	11	0.49237376
2003	2	12	0.36849549
2003	2	13	0.32367355
2003	2	14	0.57680716
2003	2	15	0.85732974
2003	2	16	0.72728875
2003	2	17	0.40234193
2003	2	18	0.23868553
2003	2	19	0.87701302
2003	2	20	1.79478089
2003	2	21	1.76726911
2003	2	22	1.68004835
2003	2	23	1.90946830
2003	2	24	1.50387225
2003	2	25	1.18653356
2003	2	26	0.58787683
2003	2	27	0.35757871
2003	2	28	0.29556028
2003	3	1	0.30531562
2003	3	2	0.46370661
2003	3	3	0.55432918
2003	3	4	0.53357793
2003	3	5	0.46681563
2003	3	6	0.32865380
2003	3	7	0.23599158
2003	3	8	0.20184904
2003	3	9	0.18824758
2003	3	10	0.17956259
2003	3	11	0.17303610
2003	3	12	0.17793771
2003	3	13	0.31689278
2003	3	14	0.47954647
2003	3	15	0.29132019
2003	3	16	0.25941648
2003	3	17	0.36378306
2003	3	18	0.27216096
2003	3	19	1.30114280
2003	3	20	2.95903523
2003	3	21	2.59201840
2003	3	22	1.22051061
2003	3	23	0.51816263
2003	3	24	0.31458597
2003	3	25	0.25714691
2003	3	26	0.23696784
2003	3	27	0.21954503
2003	3	28	0.71734605
2003	3	29	1.18184761
2003	3	30	0.79084639
2003	3	31	0.44232980
2003	4	1	0.26181708
2003	4	2	0.18905247
2003	4	3	0.15906095
2003	4	4	0.14179074
2003	4	5	0.15004059
2003	4	6	0.14625180
2003	4	7	0.39518552
2003	4	8	0.44994417
2003	4	9	0.37342271
2003	4	10	0.21949689
2003	4	11	0.15972900
2003	4	12	0.12643903
2003	4	13	0.10516209
2003	4	14	0.09662554
2003	4	15	0.22861019
2003	4	16	0.22912672
2003	4	17	0.25211474
2003	4	18	0.17402641
2003	4	19	0.14164183
2003	4	20	0.35977927
2003	4	21	0.88731624
2003	4	22	0.50627955
2003	4	23	0.45321018
2003	4	24	0.72190274
2003	4	25	1.31369572
2003	4	26	0.72572890
2003	4	27	0.31432513
2003	4	28	0.17537035
2003	4	29	0.16141297
2003	4	30	0.24517994
2003	5	1	0.33820988
2003	5	2	0.64264925
2003	5	3	0.74427934
2003	5	4	0.38706797
2003	5	5	0.18373646
2003	5	6	0.17712807
2003	5	7	0.31215234
2003	5	8	0.48069668
2003	5	9	0.45518758
2003	5	10	0.19844266
2003	5	11	0.13814830
2003	5	12	0.19127344
2003	5	13	0.59045648
2003	5	14	1.62882629
2003	5	15	2.39467399
2003	5	16	2.80099359
2003	5	17	3.87099969
2003	5	18	3.63331775
2003	5	19	1.83251744
2003	5	20	1.19717458
2003	5	21	1.55661993
2003	5	22	0.88181787
2003	5	23	0.49192651
2003	5	24	0.38146901
2003	5	25	0.61963645
2003	5	26	0.72319424
2003	5	27	0.46586881
2003	5	28	0.24421037
2003	5	29	0.16786138
2003	5	30	0.13322055
2003	5	31	0.11138583
2003	6	1	0.15767045
2003	6	2	1.01731816
2003	6	3	2.86589070
2003	6	4	2.27056998
2003	6	5	0.74585483
2003	6	6	0.25460813
2003	6	7	0.17321243
2003	6	8	0.13664347
2003	6	9	0.10554635
2003	6	10	0.16186909
2003	6	11	1.21735445
2003	6	12	3.01140489
2003	6	13	2.26435919
2003	6	14	0.78146004
2003	6	15	0.30231078
2003	6	16	0.19763543
2003	6	17	0.13879843
2003	6	18	0.13126258
2003	6	19	0.16928133
2003	6	20	0.24153855
2003	6	21	0.12912912
2003	6	22	0.34472549
2003	6	23	0.15126713
2003	6	24	0.06127802
2003	6	25	0.07856588
2003	6	26	0.75969580
2003	6	27	1.55539107
2003	6	28	0.87647613
2003	6	29	0.24446619
2003	6	30	0.09836393
2003	7	1	0.17933340
2003	7	2	0.32849277
2003	7	3	0.14548504
2003	7	4	0.06348194
2003	7	5	0.04245249
2003	7	6	0.03270830
2003	7	7	0.02857168
2003	7	8	0.02616068
2003	7	9	0.04266213
2003	7	10	0.33611581
2003	7	11	0.62470409
2003	7	12	0.62079653
2003	7	13	0.72806783
2003	7	14	1.15997059
2003	7	15	0.99736360
2003	7	16	0.42504317
2003	7	17	0.17800894
2003	7	18	0.09708465
2003	7	19	0.07517628
2003	7	20	0.06096037
2003	7	21	0.06491243
2003	7	22	0.46543681
2003	7	23	0.75600486
2003	7	24	0.48966361
2003	7	25	0.18881772
2003	7	26	0.07793299
2003	7	27	0.04647632
2003	7	28	0.03154056
2003	7	29	0.03016932
2003	7	30	0.08719939
2003	7	31	0.18330362
2003	8	1	0.15303206
2003	8	2	0.19433619
2003	8	3	0.29983457
2003	8	4	0.65250074
2003	8	5	0.49850209
2003	8	6	0.31451385
2003	8	7	0.39114111
2003	8	8	0.15133071
2003	8	9	0.04014642
2003	8	10	0.01975429
2003	8	11	0.01989142
2003	8	12	0.07195635
2003	8	13	0.13153723
2003	8	14	0.08650149
2003	8	15	0.03172719
2003	8	16	0.01056750
2003	8	17	0.00652146
2003	8	18	0.00578337
2003	8	19	0.00533202
2003	8	20	0.00508802
2003	8	21	0.00575047
2003	8	22	0.00710341
2003	8	23	0.00525380
2003	8	24	0.01270257
2003	8	25	0.02303062
2003	8	26	0.00964487
2003	8	27	0.00964940
2003	8	28	0.15143049
2003	8	29	0.57878658
2003	8	30	1.73812301
2003	8	31	2.69764300
2003	9	1	2.19872519
2003	9	2	1.83918468
2003	9	3	2.61870678
2003	9	4	1.72829580
2003	9	5	0.53941802
2003	9	6	0.19999665
2003	9	7	0.11204276
2003	9	8	0.10282162
2003	9	9	0.35999059
2003	9	10	0.73067257
2003	9	11	0.32246596
2003	9	12	0.47332038
2003	9	13	1.14675896
2003	9	14	1.47944784
2003	9	15	0.72864809
2003	9	16	0.23086471
2003	9	17	0.10295986
2003	9	18	0.05960424
2003	9	19	0.03928100
2003	9	20	0.03980960
2003	9	21	0.16456045
2003	9	22	0.26513975
2003	9	23	0.15143018
2003	9	24	0.08283565
2003	9	25	0.03276481
2003	9	26	0.01667009
2003	9	27	0.03070434
2003	9	28	0.06574203
2003	9	29	0.07423161
2003	9	30	0.03356718
2003	10	1	0.02294637
2003	10	2	0.04673919
2003	10	3	0.07147623
2003	10	4	0.16534393
2003	10	5	0.35389635
2003	10	6	0.36047031
2003	10	7	0.13722097
2003	10	8	0.49175306
2003	10	9	1.10197570
2003	10	10	2.63834711
2003	10	11	2.64049711
2003	10	12	1.02290888
2003	10	13	0.49018869
2003	10	14	0.62218035
2003	10	15	0.76708222
2003	10	16	0.32689998
2003	10	17	0.22990038
2003	10	18	0.34025479
2003	10	19	0.18268922
2003	10	20	0.08215799
2003	10	21	0.04360002
2003	10	22	0.02945563
2003	10	23	0.02173344
2003	10	24	0.01721903
2003	10	25	0.01480663
2003	10	26	0.02208606
2003	10	27	0.01932450
2003	10	28	0.01395199
2003	10	29	0.01065485
2003	10	30	0.01476812
2003	10	31	0.11255558
2003	11	1	0.13774211
2003	11	2	0.16252975
2003	11	3	0.10552767
2003	11	4	0.09385643
2003	11	5	0.57538506
2003	11	6	1.64987293
2003	11	7	1.50351662
2003	11	8	0.66867859
2003	11	9	0.25717356
2003	11	10	0.13874454
2003	11	11	0.07448938
2003	11	12	0.04926930
2003	11	13	0.05508435
2003	11	14	0.14620727
2003	11	15	0.55694290
2003	11	16	0.85084808
2003	11	17	0.61122903
2003	11	18	1.76321544
2003	11	19	3.95827791
2003	11	20	3.08441523
2003	11	21	1.01786675
2003	11	22	0.35303811
2003	11	23	0.65823187
2003	11	24	1.23528091
2003	11	25	0.69224716
2003	11	26	0.29915420
2003	11	27	0.17650008
2003	11	28	0.24997167
2003	11	29	0.44973427
2003	11	30	0.27966376
2003	12	1	0.11701469
2003	12	2	0.09803858
2003	12	3	0.33450378
2003	12	4	0.68698675
2003	12	5	0.50479384
2003	12	6	0.24000684
2003	12	7	0.13658830
2003	12	8	0.12415891
2003	12	9	0.43488573
2003	12	10	1.14844148
2003	12	11	1.56907893
2003	12	12	0.97418001
2003	12	13	0.65332036
2003	12	14	0.98893116
2003	12	15	0.83324497
2003	12	16	0.49113967
2003	12	17	0.47141823
2003	12	18	0.41219768
2003	12	19	0.27921674
2003	12	20	0.19330205
2003	12	21	0.16577364
2003	12	22	0.16799347
2003	12	23	0.35195400
2003	12	24	0.55583995
2003	12	25	0.34244529
2003	12	26	0.19727722
2003	12	27	0.20121715
2003	12	28	0.83015209
2003	12	29	1.76203580
2003	12	30	1.29714812
2003	12	31	0.58222592
2004	1	1	0.34423547
2004	1	2	0.55232778
2004	1	3	0.71648105
2004	1	4	0.70903797
2004	1	5	0.95076425
2004	1	6	0.76363729
2004	1	7	0.47191299
2004	1	8	0.31913450
2004	1	9	0.27639377
2004	1	10	0.25597402
2004	1	11	0.24335790
2004	1	12	0.23687725
2004	1	13	0.25424296
2004	1	14	0.28485089
2004	1	15	0.38090216
2004	1	16	1.10268748
2004	1	17	2.25906962
2004	1	18	3.40888811
2004	1	19	3.36124607
2004	1	20	1.97048432
2004	1	21	0.94000993
2004	1	22	0.63476029
2004	1	23	0.53754892
2004	1	24	0.51687018
2004	1	25	1.04556515
2004	1	26	1.99195447
2004	1	27	1.42497484
2004	1	28	0.81793852
2004	1	29	0.55413600
2004	1	30	0.49231193
2004	1	31	0.44431604
2004	2	1	0.43081857
2004	2	2	0.66748938
2004	2	3	1.09710653
2004	2	4	1.10088428
2004	2	5	1.10922128
2004	2	6	1.35814957
2004	2	7	0.93811069
2004	2	8	0.56045155
2004	2	9	0.53433144
2004	2	10	0.59768852
2004	2	11	0.61724294
2004	2	12	0.63093762
2004	2	13	0.61007072
2004	2	14	0.51415417
2004	2	15	0.44817340
2004	2	16	0.53448441
2004	2	17	0.67315250
2004	2	18	0.55180442
2004	2	19	0.50729170
2004	2	20	0.45998667
2004	2	21	0.36373158
2004	2	22	0.28399695
2004	2	23	0.26874769
2004	2	24	0.25806711
2004	2	25	0.24937016
2004	2	26	0.23731922
2004	2	27	0.22783640
2004	2	28	0.22330959
2004	2	29	0.31643799
2004	3	1	0.40209427
2004	3	2	0.60628817
2004	3	3	1.25872663
2004	3	4	6.03035002
2004	3	5	10.40985187
2004	3	6	8.45209661
2004	3	7	3.70429062
2004	3	8	1.74059782
2004	3	9	1.21721509
2004	3	10	0.96659746
2004	3	11	0.80229014
2004	3	12	0.68897489
2004	3	13	0.63743456
2004	3	14	0.93774373
2004	3	15	1.46202341
2004	3	16	1.04640618
2004	3	17	0.83571393
2004	3	18	0.94214440
2004	3	19	1.57517553
2004	3	20	0.84854977
2004	3	21	0.45773004
2004	3	22	0.36717134
2004	3	23	0.33159226
2004	3	24	0.31885722
2004	3	25	0.42442940
2004	3	26	0.67812118
2004	3	27	0.56276746
2004	3	28	2.18560835
2004	3	29	5.06927473
2004	3	30	4.72975793
2004	3	31	2.18462869
2004	4	1	1.00973146
2004	4	2	0.71603867
2004	4	3	0.57594156
2004	4	4	0.48291992
2004	4	5	0.41573435
2004	4	6	0.38066635
2004	4	7	0.49660626
2004	4	8	0.66850703
2004	4	9	0.55439564
2004	4	10	1.14250932
2004	4	11	2.40265370
2004	4	12	1.93536886
2004	4	13	0.83458720
2004	4	14	0.43684979
2004	4	15	0.34563541
2004	4	16	0.29527385
2004	4	17	0.25701805
2004	4	18	0.23468725
2004	4	19	0.31931307
2004	4	20	0.39328118
2004	4	21	1.15200889
2004	4	22	3.99043452
2004	4	23	9.22355633
2004	4	24	16.90201087
2004	4	25	20.86941612
2004	4	26	10.53376546
2004	4	27	2.94864144
2004	4	28	1.47448253
2004	4	29	1.10024805
2004	4	30	1.22185584
2004	5	1	2.64847514
2004	5	2	5.22815089
2004	5	3	4.90986123
2004	5	4	2.35591264
2004	5	5	1.29515770
2004	5	6	0.92622557
2004	5	7	0.72659795
2004	5	8	0.59615524
2004	5	9	0.50710776
2004	5	10	0.44379624
2004	5	11	0.39614075
2004	5	12	0.36486403
2004	5	13	0.54016980
2004	5	14	2.29430771
2004	5	15	4.75561056
2004	5	16	3.20591878
2004	5	17	1.16155287
2004	5	18	0.55444419
2004	5	19	0.42283486
2004	5	20	0.35462432
2004	5	21	0.31021712
2004	5	22	0.27542743
2004	5	23	0.24763017
2004	5	24	0.23810855
2004	5	25	0.22048816
2004	5	26	0.20226059
2004	5	27	0.18678966
2004	5	28	0.17917747
2004	5	29	0.19336823
2004	5	30	0.52141193
2004	5	31	0.62994679
2004	6	1	0.37643656
2004	6	2	0.25478576
2004	6	3	0.55632899
2004	6	4	1.53387532
2004	6	5	0.83154907
2004	6	6	0.25810697
2004	6	7	0.16597446
2004	6	8	0.18877465
2004	6	9	0.27978358
2004	6	10	0.27315509
2004	6	11	0.81358529
2004	6	12	1.34714194
2004	6	13	0.86809016
2004	6	14	0.63333008
2004	6	15	0.59000317
2004	6	16	0.32071075
2004	6	17	0.38088718
2004	6	18	0.55888953
2004	6	19	0.34095260
2004	6	20	0.35932674
2004	6	21	0.74865331
2004	6	22	1.90011854
2004	6	23	3.09449500
2004	6	24	1.82557716
2004	6	25	0.49396413
2004	6	26	0.24084749
2004	6	27	0.19447649
2004	6	28	0.12452167
2004	6	29	0.10278237
2004	6	30	0.17811648
2004	7	1	0.22276339
2004	7	2	1.42965634
2004	7	3	6.38942714
2004	7	4	12.54998367
2004	7	5	8.80134213
2004	7	6	3.10278718
2004	7	7	1.34737776
2004	7	8	1.04600221
2004	7	9	1.26307884
2004	7	10	1.35661453
2004	7	11	1.80614518
2004	7	12	1.00686234
2004	7	13	0.39962110
2004	7	14	0.27092766
2004	7	15	0.22078176
2004	7	16	0.18714009
2004	7	17	0.16803553
2004	7	18	0.14708477
2004	7	19	0.13013036
2004	7	20	0.11651292
2004	7	21	0.10591122
2004	7	22	0.09752041
2004	7	23	0.15012350
2004	7	24	0.99934067
2004	7	25	2.59254195
2004	7	26	3.07415812
2004	7	27	1.90156886
2004	7	28	0.63927084
2004	7	29	0.47750584
2004	7	30	2.24740170
2004	7	31	4.68549231
2004	8	1	3.28142809
2004	8	2	1.13564865
2004	8	3	0.46309372
2004	8	4	0.29547257
2004	8	5	0.21367363
2004	8	6	0.16633944
2004	8	7	0.13088661
2004	8	8	0.10912255
2004	8	9	0.09517370
2004	8	10	0.10328409
2004	8	11	0.43702022
2004	8	12	0.62922203
2004	8	13	0.45468939
2004	8	14	0.23870000
2004	8	15	0.12418437
2004	8	16	0.08708549
2004	8	17	0.07243993
2004	8	18	0.06327720
2004	8	19	0.09030421
2004	8	20	0.73054183
2004	8	21	1.60617493
2004	8	22	1.05090886
2004	8	23	0.37258402
2004	8	24	0.12874673
2004	8	25	0.08812620
2004	8	26	0.07106024
2004	8	27	0.05992471
2004	8	28	0.05836552
2004	8	29	0.11219645
2004	8	30	0.18273700
2004	8	31	0.07371731
2004	9	1	0.04839706
2004	9	2	0.03790624
2004	9	3	0.03426053
2004	9	4	0.03536100
2004	9	5	0.06193011
2004	9	6	0.44218284
2004	9	7	0.90130542
2004	9	8	0.41404434
2004	9	9	0.12498250
2004	9	10	0.06189427
2004	9	11	0.04362377
2004	9	12	0.03389534
2004	9	13	0.02781920
2004	9	14	0.02387842
2004	9	15	0.02122401
2004	9	16	0.01948107
2004	9	17	0.02328827
2004	9	18	0.10517660
2004	9	19	0.04039736
2004	9	20	0.01621078
2004	9	21	0.01406357
2004	9	22	0.01339452
2004	9	23	0.01278534
2004	9	24	0.02014128
2004	9	25	0.08771152
2004	9	26	0.17399534
2004	9	27	0.05197563
2004	9	28	0.01535598
2004	9	29	0.01036322
2004	9	30	0.01674942
2004	10	1	0.15918901
2004	10	2	0.18584214
2004	10	3	0.10239048
2004	10	4	0.04171027
2004	10	5	0.02251091
2004	10	6	0.02123613
2004	10	7	0.17221923
2004	10	8	0.28908894
2004	10	9	0.53849770
2004	10	10	0.56468077
2004	10	11	0.54740338
2004	10	12	0.73114463
2004	10	13	0.36847457
2004	10	14	0.22266881
2004	10	15	0.35491506
2004	10	16	0.14993066
2004	10	17	0.05974893
2004	10	18	0.03152339
2004	10	19	0.02051147
2004	10	20	0.01365166
2004	10	21	0.01374156
2004	10	22	0.08920545
2004	10	23	0.18228000
2004	10	24	0.41206292
2004	10	25	0.19247103
2004	10	26	0.46202116
2004	10	27	1.02755070
2004	10	28	1.49575151
2004	10	29	1.91582796
2004	10	30	1.18917614
2004	10	31	1.03468870
2004	11	1	5.43718575
2004	11	2	12.43540731
2004	11	3	9.62136214
2004	11	4	4.47006843
2004	11	5	2.69473918
2004	11	6	1.48709160
2004	11	7	0.91218537
2004	11	8	0.68723064
2004	11	9	0.57532177
2004	11	10	0.83589563
2004	11	11	1.21004889
2004	11	12	1.90374581
2004	11	13	1.26196206
2004	11	14	0.64813262
2004	11	15	0.46992789
2004	11	16	0.42245166
2004	11	17	0.46168281
2004	11	18	0.99625559
2004	11	19	2.01227249
2004	11	20	1.74481875
2004	11	21	1.07138591
2004	11	22	0.82214231
2004	11	23	0.87083141
2004	11	24	1.65378422
2004	11	25	2.81578660
2004	11	26	2.02204976
2004	11	27	1.61929573
2004	11	28	1.96097428
2004	11	29	2.00805266
2004	11	30	2.94523403
2004	12	1	3.29379666
2004	12	2	2.25307660
2004	12	3	1.29223235
2004	12	4	0.94894714
2004	12	5	0.95704316
2004	12	6	1.76418046
2004	12	7	3.34182359
2004	12	8	4.17440239
2004	12	9	2.84019473
2004	12	10	1.60368509
2004	12	11	1.13420714
2004	12	12	0.96673199
2004	12	13	0.86232571
2004	12	14	0.78820377
2004	12	15	0.73527657
2004	12	16	0.69480858
2004	12	17	0.66049125
2004	12	18	0.62958106
2004	12	19	0.60110191
2004	12	20	0.57560238
2004	12	21	0.55174947
2004	12	22	0.52961881
2004	12	23	0.51142965
2004	12	24	0.49715203
2004	12	25	0.48156606
2004	12	26	0.46570543
2004	12	27	0.45062132
2004	12	28	0.43519677
2004	12	29	0.41974987
2004	12	30	0.40492141
2004	12	31	0.39114867
2005	1	1	0.40856936
2005	1	2	0.98833298
2005	1	3	2.67661599
2005	1	4	5.98213927
2005	1	5	10.77626958
2005	1	6	12.70408754
2005	1	7	8.36243359
2005	1	8	3.66258799
2005	1	9	2.37339470
2005	1	10	2.46334602
2005	1	11	3.07853350
2005	1	12	2.10430592
2005	1	13	5.32263034
2005	1	14	9.81505271
2005	1	15	7.03909822
2005	1	16	3.06954257
2005	1	17	1.94532994
2005	1	18	1.58808817
2005	1	19	1.37803528
2005	1	20	1.22519088
2005	1	21	1.10563590
2005	1	22	1.01032003
2005	1	23	0.93530862
2005	1	24	0.87839943
2005	1	25	0.82973330
2005	1	26	0.78275550
2005	1	27	0.74207328
2005	1	28	0.75406790
2005	1	29	1.18324630
2005	1	30	1.45938468
2005	1	31	1.06965275
2005	2	1	0.95314353
2005	2	2	1.22023499
2005	2	3	1.73019270
2005	2	4	1.36252251
2005	2	5	0.81873512
2005	2	6	0.99916738
2005	2	7	1.61898071
2005	2	8	1.94377436
2005	2	9	1.24205234
2005	2	10	1.05866698
2005	2	11	0.81261601
2005	2	12	0.66656819
2005	2	13	1.32545408
2005	2	14	2.09577454
2005	2	15	0.97811752
2005	2	16	0.56757395
2005	2	17	0.47047487
2005	2	18	0.43266589
2005	2	19	0.42092875
2005	2	20	0.44551723
2005	2	21	0.47435295
2005	2	22	0.54765030
2005	2	23	1.20796015
2005	2	24	2.33852462
2005	2	25	2.10814098
2005	2	26	1.09602300
2005	2	27	0.54651698
2005	2	28	0.50726946
2005	3	1	0.59186560
2005	3	2	0.49987282
2005	3	3	0.37921326
2005	3	4	0.33132444
2005	3	5	0.31516744
2005	3	6	0.45109893
2005	3	7	0.48742385
2005	3	8	0.57475914
2005	3	9	0.71019373
2005	3	10	0.73188025
2005	3	11	0.43740122
2005	3	12	0.26853418
2005	3	13	0.23333302
2005	3	14	0.21478347
2005	3	15	0.20360098
2005	3	16	0.22396773
2005	3	17	0.20518132
2005	3	18	0.18407821
2005	3	19	0.18008963
2005	3	20	0.36597151
2005	3	21	0.72285482
2005	3	22	1.38439892
2005	3	23	2.92850413
2005	3	24	2.75177951
2005	3	25	1.67296485
2005	3	26	1.48783903
2005	3	27	1.00369997
2005	3	28	1.03014325
2005	3	29	0.69211304
2005	3	30	0.39824094
2005	3	31	0.84426177
2005	4	1	1.35504707
2005	4	2	1.51122098
2005	4	3	1.03859276
2005	4	4	0.57346298
2005	4	5	0.61397211
2005	4	6	1.43388732
2005	4	7	2.86869527
2005	4	8	2.37352692
2005	4	9	0.84130918
2005	4	10	0.61220871
2005	4	11	1.56196598
2005	4	12	2.99581655
2005	4	13	1.94968031
2005	4	14	0.80764783
2005	4	15	0.43197058
2005	4	16	0.30583442
2005	4	17	0.24037265
2005	4	18	0.19907935
2005	4	19	0.17134804
2005	4	20	0.15273502
2005	4	21	0.14415060
2005	4	22	0.15423611
2005	4	23	0.14181174
2005	4	24	0.13997617
2005	4	25	0.19850998
2005	4	26	0.31445461
2005	4	27	0.48935055
2005	4	28	0.49915076
2005	4	29	0.72712040
2005	4	30	0.56653831
2005	5	1	0.29878410
2005	5	2	0.18546306
2005	5	3	0.11366113
2005	5	4	0.08874809
2005	5	5	0.07761980
2005	5	6	0.07001490
2005	5	7	0.06481821
2005	5	8	0.07878535
2005	5	9	0.20729095
2005	5	10	0.21614618
2005	5	11	0.18699693
2005	5	12	0.10129157
2005	5	13	0.09707051
2005	5	14	0.73715894
2005	5	15	1.72353178
2005	5	16	0.92719619
2005	5	17	0.28010443
2005	5	18	0.10319772
2005	5	19	0.06817622
2005	5	20	0.05623424
2005	5	21	0.10008390
2005	5	22	0.10427580
2005	5	23	0.95626490
2005	5	24	2.37635001
2005	5	25	2.03706751
2005	5	26	1.51582396
2005	5	27	0.66729483
2005	5	28	0.28027202
2005	5	29	0.20853140
2005	5	30	0.10625047
2005	5	31	0.06142581
2005	6	1	0.18222093
2005	6	2	0.22506678
2005	6	3	0.25849496
2005	6	4	0.11556717
2005	6	5	0.39367709
2005	6	6	0.83290908
2005	6	7	0.35259847
2005	6	8	0.10260951
2005	6	9	0.09912686
2005	6	10	0.16356511
2005	6	11	0.16049584
2005	6	12	0.17017770
2005	6	13	0.64590342
2005	6	14	1.74704014
2005	6	15	1.61818295
2005	6	16	0.95706894
2005	6	17	0.98638988
2005	6	18	1.10124944
2005	6	19	0.48505619
2005	6	20	0.13661195
2005	6	21	0.06247668
2005	6	22	0.04114867
2005	6	23	0.02951734
2005	6	24	0.02235659
2005	6	25	0.01774523
2005	6	26	0.01450931
2005	6	27	0.01246406
2005	6	28	0.01162352
2005	6	29	0.01052742
2005	6	30	0.04399919
2005	7	1	0.63810085
2005	7	2	1.21224874
2005	7	3	0.73415973
2005	7	4	0.44748294
2005	7	5	0.41809440
2005	7	6	0.18645748
2005	7	7	0.06811402
2005	7	8	0.03698163
2005	7	9	0.02258356
2005	7	10	0.01802667
2005	7	11	0.03736061
2005	7	12	0.06469782
2005	7	13	0.01926777
2005	7	14	0.00856489
2005	7	15	0.00702191
2005	7	16	0.01403668
2005	7	17	0.02710820
2005	7	18	0.02316020
2005	7	19	0.05905560
2005	7	20	0.13585816
2005	7	21	0.26350787
2005	7	22	0.12537979
2005	7	23	0.12873606
2005	7	24	0.43027899
2005	7	25	0.28258838
2005	7	26	0.10946993
2005	7	27	0.64084548
2005	7	28	1.07491389
2005	7	29	0.51114407
2005	7	30	0.16980537
2005	7	31	0.07066986
2005	8	1	0.03955831
2005	8	2	0.02403430
2005	8	3	0.01514602
2005	8	4	0.03450449
2005	8	5	0.51018276
2005	8	6	0.79441054
2005	8	7	0.58177214
2005	8	8	0.40919991
2005	8	9	0.17036922
2005	8	10	0.07527268
2005	8	11	0.02807884
2005	8	12	0.01650430
2005	8	13	0.03157805
2005	8	14	0.24960024
2005	8	15	0.93667397
2005	8	16	1.61687220
2005	8	17	1.43077993
2005	8	18	0.77204036
2005	8	19	0.41758907
2005	8	20	0.41940770
2005	8	21	0.58420330
2005	8	22	0.42498349
2005	8	23	0.17530295
2005	8	24	0.06449772
2005	8	25	0.06603951
2005	8	26	0.03262671
2005	8	27	0.02359512
2005	8	28	0.09428258
2005	8	29	0.04463585
2005	8	30	0.01587912
2005	8	31	0.00787543
2005	9	1	0.00536842
2005	9	2	0.00795668
2005	9	3	0.06947943
2005	9	4	0.17604890
2005	9	5	0.25006020
2005	9	6	0.17587471
2005	9	7	0.07238139
2005	9	8	0.03418349
2005	9	9	0.02014158
2005	9	10	0.01280230
2005	9	11	0.00851297
2005	9	12	0.00598170
2005	9	13	0.03250594
2005	9	14	0.45229761
2005	9	15	1.53156140
2005	9	16	1.87528978
2005	9	17	1.21857214
2005	9	18	0.48976049
2005	9	19	0.19183653
2005	9	20	0.09752225
2005	9	21	0.05622376
2005	9	22	0.03387455
2005	9	23	0.02093549
2005	9	24	0.02574634
2005	9	25	0.16642984
2005	9	26	0.38754392
2005	9	27	0.14304942
2005	9	28	0.05475991
2005	9	29	0.07894080
2005	9	30	0.15662955
2005	10	1	0.08089543
2005	10	2	0.10983027
2005	10	3	0.04463809
2005	10	4	0.01289656
2005	10	5	0.01508593
2005	10	6	0.16527215
2005	10	7	0.29214495
2005	10	8	0.11868604
2005	10	9	0.04011777
2005	10	10	0.01699591
2005	10	11	0.01007375
2005	10	12	0.00658157
2005	10	13	0.00465721
2005	10	14	0.00353095
2005	10	15	0.00286715
2005	10	16	0.00246667
2005	10	17	0.00222131
2005	10	18	0.00280957
2005	10	19	0.01893877
2005	10	20	0.02061762
2005	10	21	0.01962041
2005	10	22	0.00933939
2005	10	23	0.00537549
2005	10	24	0.00302994
2005	10	25	0.00221696
2005	10	26	0.00196004
2005	10	27	0.00183050
2005	10	28	0.00174247
2005	10	29	0.00168863
2005	10	30	0.00586010
2005	10	31	0.12693715
2005	11	1	0.82232199
2005	11	2	1.49464810
2005	11	3	0.91970650
2005	11	4	0.28457377
2005	11	5	0.11503109
2005	11	6	0.06538091
2005	11	7	0.04292486
2005	11	8	0.02331837
2005	11	9	0.01388637
2005	11	10	0.00870873
2005	11	11	0.00578287
2005	11	12	0.00902281
2005	11	13	0.05173088
2005	11	14	0.12133616
2005	11	15	0.21338891
2005	11	16	0.40240839
2005	11	17	0.26719943
2005	11	18	0.12182185
2005	11	19	0.04583383
2005	11	20	0.02416664
2005	11	21	0.01465152
2005	11	22	0.00928631
2005	11	23	0.00614810
2005	11	24	0.00425129
2005	11	25	0.00320284
2005	11	26	0.00272852
2005	11	27	0.00359775
2005	11	28	0.00591318
2005	11	29	0.00849921
2005	11	30	0.01286083
2005	12	1	0.00410155
2005	12	2	0.00256135
2005	12	3	0.00213590
2005	12	4	0.00198044
2005	12	5	0.00189241
2005	12	6	0.00184130
2005	12	7	0.00239272
2005	12	8	0.00995917
2005	12	9	0.02377926
2005	12	10	0.00874670
2005	12	11	0.00322038
2005	12	12	0.00277053
2005	12	13	0.01841365
2005	12	14	0.08157035
2005	12	15	0.21952682
2005	12	16	0.13588787
2005	12	17	0.04180541
2005	12	18	0.01529225
2005	12	19	0.00873987
2005	12	20	0.00599958
2005	12	21	0.00478386
2005	12	22	0.00438290
2005	12	23	0.00808877
2005	12	24	0.02809930
2005	12	25	0.18344659
2005	12	26	0.23595969
2005	12	27	0.10731907
2005	12	28	0.02982903
2005	12	29	0.01204553
2005	12	30	0.00726627
2005	12	31	0.00497223
2006	1	1	0.00364529
2006	1	2	0.00286760
2006	1	3	0.00241712
2006	1	4	0.00215237
2006	1	5	0.00198982
2006	1	6	0.00187784
2006	1	7	0.00179101
2006	1	8	0.00201276
2006	1	9	0.02566317
2006	1	10	0.26360383
2006	1	11	0.59876607
2006	1	12	0.42239814
2006	1	13	0.26163915
2006	1	14	0.36795103
2006	1	15	0.20618177
2006	1	16	0.09899110
2006	1	17	0.04994410
2006	1	18	0.02951595
2006	1	19	0.01879648
2006	1	20	0.01113806
2006	1	21	0.00734195
2006	1	22	0.00788874
2006	1	23	0.03445363
2006	1	24	0.08419001
2006	1	25	0.04207240
2006	1	26	0.01145492
2006	1	27	0.11349619
2006	1	28	0.45685908
2006	1	29	1.26983180
2006	1	30	1.52282612
2006	1	31	0.74332138
2006	2	1	0.22080794
2006	2	2	0.10510872
2006	2	3	0.06785604
2006	2	4	0.03731196
2006	2	5	0.02274818
2006	2	6	0.01461586
2006	2	7	0.01014011
2006	2	8	0.00766874
2006	2	9	0.00626391
2006	2	10	0.00568649
2006	2	11	0.00840319
2006	2	12	0.01575810
2006	2	13	0.01376525
2006	2	14	0.00706225
2006	2	15	0.00545101
2006	2	16	0.01355649
2006	2	17	0.16784743
2006	2	18	0.37214892
2006	2	19	0.53523130
2006	2	20	0.16489618
2006	2	21	0.04474991
2006	2	22	0.07114461
2006	2	23	0.16185959
2006	2	24	0.15466125
2006	2	25	0.08377930
2006	2	26	0.02571445
2006	2	27	0.00870965
2006	2	28	0.00628146
2006	3	1	0.00589341
2006	3	2	0.00561288
2006	3	3	0.00539647
2006	3	4	0.00539984
2006	3	5	0.00615676
2006	3	6	0.00648360
2006	3	7	0.00548348
2006	3	8	0.06309215
2006	3	9	0.90215869
2006	3	10	2.46851932
2006	3	11	1.80322075
2006	3	12	1.01545055
2006	3	13	1.23224304
2006	3	14	0.85929004
2006	3	15	0.36482430
2006	3	16	0.18232268
2006	3	17	0.17207274
2006	3	18	0.28196452
2006	3	19	0.37409530
2006	3	20	0.81333505
2006	3	21	1.14055138
2006	3	22	0.90955139
2006	3	23	0.42848186
2006	3	24	0.17912462
2006	3	25	0.08543753
2006	3	26	0.04742521
2006	3	27	0.03273710
2006	3	28	0.02611905
2006	3	29	0.02277286
2006	3	30	0.03194548
2006	3	31	0.11141547
2006	4	1	0.27835841
2006	4	2	0.35587780
2006	4	3	0.72418953
2006	4	4	0.36239886
2006	4	5	0.13868054
2006	4	6	0.10857824
2006	4	7	0.42599626
2006	4	8	0.72424753
2006	4	9	0.32284400
2006	4	10	0.11487547
2006	4	11	0.06127550
2006	4	12	0.04048740
2006	4	13	0.02939805
2006	4	14	0.02272336
2006	4	15	0.01857027
2006	4	16	0.01647928
2006	4	17	0.01611705
2006	4	18	0.01446106
2006	4	19	0.01303686
2006	4	20	0.01217826
2006	4	21	0.01511506
2006	4	22	0.02202849
2006	4	23	0.01569832
2006	4	24	0.08930783
2006	4	25	1.22981757
2006	4	26	2.71169419
2006	4	27	1.89063622
2006	4	28	0.68235081
2006	4	29	1.14002107
2006	4	30	3.48763060
2006	5	1	3.83547312
2006	5	2	2.23817842
2006	5	3	1.14358275
2006	5	4	1.36495499
2006	5	5	3.93757353
2006	5	6	4.48382112
2006	5	7	2.09983499
2006	5	8	0.86976540
2006	5	9	0.58259904
2006	5	10	1.44313769
2006	5	11	3.78790966
2006	5	12	2.56761645
2006	5	13	0.95357628
2006	5	14	0.41950354
2006	5	15	0.30438769
2006	5	16	0.24784877
2006	5	17	0.20998886
2006	5	18	0.18329866
2006	5	19	0.16378171
2006	5	20	0.14826299
2006	5	21	0.13568988
2006	5	22	0.12542324
2006	5	23	0.11966174
2006	5	24	0.11248531
2006	5	25	0.11810218
2006	5	26	0.10437554
2006	5	27	0.09467795
2006	5	28	0.08782832
2006	5	29	0.08290536
2006	5	30	0.08617851
2006	5	31	0.24718528
2006	6	1	0.57775070
2006	6	2	0.87548995
2006	6	3	0.78100286
2006	6	4	0.28233712
2006	6	5	0.18298874
2006	6	6	0.24379847
2006	6	7	0.79565100
2006	6	8	1.19210134
2006	6	9	0.63208311
2006	6	10	0.22403962
2006	6	11	0.12373234
2006	6	12	0.08809124
2006	6	13	0.06828050
2006	6	14	0.05603667
2006	6	15	0.04820155
2006	6	16	0.04600497
2006	6	17	0.10655981
2006	6	18	0.10768882
2006	6	19	0.24547507
2006	6	20	0.14491335
2006	6	21	0.06661870
2006	6	22	0.23342973
2006	6	23	1.15922618
2006	6	24	1.26664183
2006	6	25	0.67797777
2006	6	26	0.27686159
2006	6	27	0.14806486
2006	6	28	0.09354022
2006	6	29	0.06319183
2006	6	30	0.04565525
2006	7	1	0.03506481
2006	7	2	0.02854606
2006	7	3	0.02863677
2006	7	4	0.10787235
2006	7	5	0.16455710
2006	7	6	0.11659900
2006	7	7	0.06685681
2006	7	8	0.03806493
2006	7	9	0.04475851
2006	7	10	0.44652472
2006	7	11	1.11681542
2006	7	12	1.65596657
2006	7	13	1.62192352
2006	7	14	0.78571755
2006	7	15	0.28401947
2006	7	16	0.21830183
2006	7	17	0.07714042
2006	7	18	0.04933788
2006	7	19	0.03506138
2006	7	20	0.02472313
2006	7	21	0.01973923
2006	7	22	0.01663351
2006	7	23	0.01341702
2006	7	24	0.01112248
2006	7	25	0.00984258
2006	7	26	0.00915785
2006	7	27	0.00898462
2006	7	28	0.02201272
2006	7	29	0.07684739
2006	7	30	0.06615221
2006	7	31	0.03302770
2006	8	1	0.01467134
2006	8	2	0.01043039
2006	8	3	0.00901834
2006	8	4	0.02060406
2006	8	5	0.03305136
2006	8	6	0.15299968
2006	8	7	0.22125121
2006	8	8	0.12064312
2006	8	9	0.06275200
2006	8	10	0.03107323
2006	8	11	0.16247695
2006	8	12	0.34979885
2006	8	13	0.34337532
2006	8	14	0.16833301
2006	8	15	0.27263179
2006	8	16	0.50091627
2006	8	17	0.28547698
2006	8	18	0.09423566
2006	8	19	0.03349108
2006	8	20	0.02314625
2006	8	21	0.11952899
2006	8	22	0.93931423
2006	8	23	1.90020709
2006	8	24	1.75186564
2006	8	25	0.87619654
2006	8	26	0.57912019
2006	8	27	0.40722553
2006	8	28	1.11242265
2006	8	29	1.82257842
2006	8	30	1.50457082
2006	8	31	0.52352145
2006	9	1	0.18033366
2006	9	2	0.09727106
2006	9	3	0.05991396
2006	9	4	0.06081902
2006	9	5	0.06408069
2006	9	6	0.14175055
2006	9	7	0.04673303
2006	9	8	0.01217168
2006	9	9	0.03301131
2006	9	10	0.49825986
2006	9	11	1.34347675
2006	9	12	1.32594315
2006	9	13	0.80070343
2006	9	14	0.21541251
2006	9	15	0.08333078
2006	9	16	0.09953027
2006	9	17	1.16021937
2006	9	18	3.76616966
2006	9	19	4.64065657
2006	9	20	2.06766140
2006	9	21	0.53692642
2006	9	22	0.76431857
2006	9	23	1.50217064
2006	9	24	1.68621046
2006	9	25	0.70522223
2006	9	26	0.22846035
2006	9	27	0.12863500
2006	9	28	0.10018724
2006	9	29	0.06457283
2006	9	30	0.04550591
2006	10	1	0.03608811
2006	10	2	0.03077654
2006	10	3	0.02730654
2006	10	4	0.02471652
2006	10	5	0.02246875
2006	10	6	0.02107588
2006	10	7	0.02016919
2006	10	8	0.01936769
2006	10	9	0.01862595
2006	10	10	0.01849092
2006	10	11	0.02244890
2006	10	12	0.02795369
2006	10	13	0.01815692
2006	10	14	0.01817734
2006	10	15	0.10920225
2006	10	16	1.05807698
2006	10	17	2.62356612
2006	10	18	2.45457879
2006	10	19	1.00468412
2006	10	20	0.55851560
2006	10	21	0.28089126
2006	10	22	0.15073174
2006	10	23	0.09381512
2006	10	24	0.06543803
2006	10	25	0.06116827
2006	10	26	0.11603441
2006	10	27	0.24531036
2006	10	28	0.18244972
2006	10	29	0.06572959
2006	10	30	0.03964207
2006	10	31	0.03057847
2006	11	1	0.02667954
2006	11	2	0.02459300
2006	11	3	0.02346437
2006	11	4	0.04833300
2006	11	5	0.44086126
2006	11	6	1.54724111
2006	11	7	2.08247886
2006	11	8	0.79959687
2006	11	9	0.14362516
2006	11	10	0.06100162
2006	11	11	0.04309756
2006	11	12	0.03602671
2006	11	13	0.06245123
2006	11	14	0.14269352
2006	11	15	0.84040969
2006	11	16	2.16571938
2006	11	17	2.18112233
2006	11	18	1.11392067
2006	11	19	0.40447920
2006	11	20	0.20660327
2006	11	21	0.13538633
2006	11	22	0.09765678
2006	11	23	0.07548479
2006	11	24	0.06219867
2006	11	25	0.05414060
2006	11	26	0.04920907
2006	11	27	0.05280155
2006	11	28	0.18832253
2006	11	29	0.55424736
2006	11	30	3.99752834
2006	12	1	11.49468419
2006	12	2	9.27383322
2006	12	3	3.14675615
2006	12	4	1.35817139
2006	12	5	0.96472689
2006	12	6	0.97852098
2006	12	7	1.20576073
2006	12	8	1.07922755
2006	12	9	0.79835501
2006	12	10	0.74217942
2006	12	11	0.80643869
2006	12	12	0.67117695
2006	12	13	0.54688336
2006	12	14	0.48354552
2006	12	15	0.45460447
2006	12	16	0.43329288
2006	12	17	0.41347081
2006	12	18	0.40450740
2006	12	19	0.58249677
2006	12	20	1.07300555
2006	12	21	2.13477985
2006	12	22	2.19097799
2006	12	23	1.16835403
2006	12	24	0.61420911
2006	12	25	0.51760517
2006	12	26	0.68491428
2006	12	27	0.63123298
2006	12	28	0.45334522
2006	12	29	0.47886762
2006	12	30	2.35880845
2006	12	31	5.71000684
2007	1	1	4.84104020
2007	1	2	2.02470625
2007	1	3	1.04692305
2007	1	4	0.85407804
2007	1	5	0.79318693
2007	1	6	0.76510783
2007	1	7	0.63117755
2007	1	8	0.57387063
2007	1	9	0.53442935
2007	1	10	0.50402348
2007	1	11	0.47862708
2007	1	12	0.52432222
2007	1	13	1.57072110
2007	1	14	6.09907988
2007	1	15	7.49768041
2007	1	16	3.17497897
2007	1	17	1.25944035
2007	1	18	0.94674266
2007	1	19	0.81298309
2007	1	20	0.74647723
2007	1	21	0.83308141
2007	1	22	1.51590192
2007	1	23	1.59934083
2007	1	24	1.18192043
2007	1	25	1.02838158
2007	1	26	1.18840077
2007	1	27	1.80117698
2007	1	28	2.47769896
2007	1	29	1.91744719
2007	1	30	1.13429062
2007	1	31	0.92929940
2007	2	1	0.88167288
2007	2	2	0.70823859
2007	2	3	0.63155099
2007	2	4	0.61260913
2007	2	5	0.68424296
2007	2	6	1.09995095
2007	2	7	2.02287729
2007	2	8	3.12244348
2007	2	9	2.93211966
2007	2	10	1.31583368
2007	2	11	0.67037133
2007	2	12	1.09972629
2007	2	13	3.32144550
2007	2	14	6.24743138
2007	2	15	4.81636159
2007	2	16	1.66909223
2007	2	17	0.99475308
2007	2	18	0.82706893
2007	2	19	0.75282816
2007	2	20	0.68882577
2007	2	21	0.59912862
2007	2	22	0.54110611
2007	2	23	0.52567233
2007	2	24	0.96900895
2007	2	25	1.70482237
2007	2	26	1.35384153
2007	2	27	0.70352005
2007	2	28	0.54706378
2007	3	1	0.49517448
2007	3	2	0.47007005
2007	3	3	0.41929066
2007	3	4	0.38526128
2007	3	5	0.36130219
2007	3	6	0.34141614
2007	3	7	0.32142932
2007	3	8	0.30594288
2007	3	9	0.36168395
2007	3	10	0.43487391
2007	3	11	0.40993076
2007	3	12	0.35999136
2007	3	13	0.26846035
2007	3	14	0.22301926
2007	3	15	0.20724622
2007	3	16	0.19521506
2007	3	17	0.18507572
2007	3	18	0.17537940
2007	3	19	0.16647855
2007	3	20	0.18032948
2007	3	21	0.19323611
2007	3	22	0.21211796
2007	3	23	0.22204961
2007	3	24	0.37369536
2007	3	25	0.26423558
2007	3	26	0.17415344
2007	3	27	0.17360786
2007	3	28	0.28731660
2007	3	29	0.31891069
2007	3	30	0.26888352
2007	3	31	0.51834478
2007	4	1	0.76183493
2007	4	2	0.35678121
2007	4	3	0.12659677
2007	4	4	0.09812262
2007	4	5	0.11525625
2007	4	6	0.12305974
2007	4	7	0.12542062
2007	4	8	0.10528362
2007	4	9	0.08328315
2007	4	10	0.09625825
2007	4	11	0.20423764
2007	4	12	0.41176421
2007	4	13	0.30767415
2007	4	14	0.82232272
2007	4	15	1.05437077
2007	4	16	0.67251904
2007	4	17	0.32469911
2007	4	18	0.22913711
2007	4	19	0.25058025
2007	4	20	0.20407156
2007	4	21	0.11610546
2007	4	22	0.06916491
2007	4	23	0.05629079
2007	4	24	0.10966812
2007	4	25	0.96620220
2007	4	26	2.24272662
2007	4	27	1.39321795
2007	4	28	0.43350904
2007	4	29	0.15241735
2007	4	30	0.09377774
2007	5	1	0.09293551
2007	5	2	0.43623326
2007	5	3	1.32763449
2007	5	4	1.28624599
2007	5	5	0.51280708
2007	5	6	0.16041258
2007	5	7	0.32700744
2007	5	8	1.04584256
2007	5	9	2.17313383
2007	5	10	1.90292153
2007	5	11	0.94713725
2007	5	12	0.65816902
2007	5	13	0.43338898
2007	5	14	0.18346292
2007	5	15	0.11679915
2007	5	16	0.21608853
2007	5	17	0.40683250
2007	5	18	0.13296287
2007	5	19	0.06716892
2007	5	20	0.04487936
2007	5	21	0.04106570
2007	5	22	0.09889732
2007	5	23	0.17921817
2007	5	24	0.09620230
2007	5	25	0.26445202
2007	5	26	0.55467708
2007	5	27	0.39854131
2007	5	28	0.21413945
2007	5	29	0.32874290
2007	5	30	0.31000559
2007	5	31	0.53463120
2007	6	1	0.48935594
2007	6	2	0.38250880
2007	6	3	0.31754769
2007	6	4	0.27642992
2007	6	5	0.11481422
2007	6	6	0.04122133
2007	6	7	0.05734791
2007	6	8	0.45560121
2007	6	9	0.90239120
2007	6	10	0.54945487
2007	6	11	0.37344823
2007	6	12	1.49359991
2007	6	13	2.09253683
2007	6	14	1.23042193
2007	6	15	0.56638861
2007	6	16	0.36487327
2007	6	17	0.14936164
2007	6	18	0.10545026
2007	6	19	0.24480578
2007	6	20	0.31391926
2007	6	21	0.74041417
2007	6	22	0.49592968
2007	6	23	0.53940522
2007	6	24	1.08876583
2007	6	25	1.29218164
2007	6	26	0.62396482
2007	6	27	0.29933625
2007	6	28	0.54547108
2007	6	29	0.46820222
2007	6	30	0.31329879
2007	7	1	0.50123791
2007	7	2	1.71094640
2007	7	3	2.64952938
2007	7	4	1.38468761
2007	7	5	0.55163367
2007	7	6	0.52320685
2007	7	7	0.59510217
2007	7	8	0.26152864
2007	7	9	0.10773031
2007	7	10	0.09127426
2007	7	11	0.21511010
2007	7	12	0.35844277
2007	7	13	1.04645424
2007	7	14	1.89289959
2007	7	15	1.06684831
2007	7	16	0.26586858
2007	7	17	0.09511591
2007	7	18	0.06687051
2007	7	19	0.05304233
2007	7	20	0.04448765
2007	7	21	0.04773804
2007	7	22	0.05993313
2007	7	23	0.03871099
2007	7	24	0.10308436
2007	7	25	0.04405534
2007	7	26	0.02096027
2007	7	27	0.01716360
2007	7	28	0.01519341
2007	7	29	0.01462685
2007	7	30	0.04236659
2007	7	31	0.17081968
2007	8	1	0.35022863
2007	8	2	0.14279964
2007	8	3	0.02883825
2007	8	4	0.01396605
2007	8	5	0.01295617
2007	8	6	0.00915141
2007	8	7	0.00704167
2007	8	8	0.00600999
2007	8	9	0.00527992
2007	8	10	0.00469419
2007	8	11	0.00421531
2007	8	12	0.00381101
2007	8	13	0.00347331
2007	8	14	0.00319484
2007	8	15	0.00295079
2007	8	16	0.00314805
2007	8	17	0.00803773
2007	8	18	0.01811889
2007	8	19	0.02772778
2007	8	20	0.20969527
2007	8	21	0.24555979
2007	8	22	0.10257806
2007	8	23	0.01965475
2007	8	24	0.03660657
2007	8	25	0.54557436
2007	8	26	1.45840049
2007	8	27	1.02793271
2007	8	28	0.34035031
2007	8	29	0.13767508
2007	8	30	0.19072891
2007	8	31	0.19351533
2007	9	1	0.07165946
2007	9	2	0.02934195
2007	9	3	0.02464342
2007	9	4	0.04874735
2007	9	5	0.47014708
2007	9	6	1.32966728
2007	9	7	1.70947617
2007	9	8	1.94130564
2007	9	9	3.26013694
2007	9	10	4.07411563
2007	9	11	2.04435470
2007	9	12	0.59689105
2007	9	13	0.31086466
2007	9	14	0.17143702
2007	9	15	0.10391427
2007	9	16	0.07120638
2007	9	17	0.05246229
2007	9	18	0.04076475
2007	9	19	0.03262579
2007	9	20	0.02718759
2007	9	21	0.02339406
2007	9	22	0.02064700
2007	9	23	0.01942669
2007	9	24	0.03810432
2007	9	25	0.37329907
2007	9	26	0.73099704
2007	9	27	0.80786968
2007	9	28	0.38472616
2007	9	29	0.11562831
2007	9	30	0.07466500
2007	10	1	0.29782191
2007	10	2	0.98727029
2007	10	3	2.14495927
2007	10	4	4.52140206
2007	10	5	3.37312966
2007	10	6	1.00656034
2007	10	7	0.32876810
2007	10	8	0.26960984
2007	10	9	0.94362339
2007	10	10	0.96744327
2007	10	11	0.36923799
2007	10	12	0.14141309
2007	10	13	0.09513507
2007	10	14	0.11547042
2007	10	15	0.60037938
2007	10	16	1.18954741
2007	10	17	0.74889846
2007	10	18	0.66689466
2007	10	19	0.76197590
2007	10	20	0.39815174
2007	10	21	0.19946575
2007	10	22	0.27171630
2007	10	23	0.87849844
2007	10	24	0.89832216
2007	10	25	0.45334617
2007	10	26	0.18817909
2007	10	27	0.11743116
2007	10	28	0.09912945
2007	10	29	0.08760551
2007	10	30	0.07916563
2007	10	31	0.07275888
2007	11	1	0.06787797
2007	11	2	0.06395873
2007	11	3	0.06058063
2007	11	4	0.05746429
2007	11	5	0.05446696
2007	11	6	0.05178716
2007	11	7	0.04949053
2007	11	8	0.04754244
2007	11	9	0.04561949
2007	11	10	0.04371840
2007	11	11	0.04323337
2007	11	12	0.07392976
2007	11	13	0.09277110
2007	11	14	0.17373859
2007	11	15	0.13923052
2007	11	16	0.08309234
2007	11	17	0.05270042
2007	11	18	0.04294895
2007	11	19	0.03750704
2007	11	20	0.03410978
2007	11	21	0.03193916
2007	11	22	0.03343433
2007	11	23	0.03134787
2007	11	24	0.03831370
2007	11	25	0.23947251
2007	11	26	0.54943433
2007	11	27	0.57598958
2007	11	28	0.28332270
2007	11	29	0.10785232
2007	11	30	0.06700209
2007	12	1	0.11445517
2007	12	2	0.09739280
2007	12	3	0.11666447
2007	12	4	0.11851462
2007	12	5	0.06810776
2007	12	6	0.04308231
2007	12	7	0.06298561
2007	12	8	0.15632093
2007	12	9	0.77567407
2007	12	10	2.27268059
2007	12	11	3.67204173
2007	12	12	4.22357465
2007	12	13	4.46011505
2007	12	14	3.05181354
2007	12	15	1.80887262
2007	12	16	1.34438705
2007	12	17	0.87144911
2007	12	18	0.83439055
2007	12	19	1.30749364
2007	12	20	1.69919657
2007	12	21	0.99553648
2007	12	22	0.53246701
2007	12	23	0.42110392
2007	12	24	0.37823891
2007	12	25	0.35238994
2007	12	26	0.34117933
2007	12	27	0.38169166
2007	12	28	0.44669399
2007	12	29	0.47833179
2007	12	30	0.39185530
2007	12	31	0.31956046
2008	1	1	0.29154015
2008	1	2	0.27209861
2008	1	3	0.25251448
2008	1	4	0.24444171
2008	1	5	0.23614183
2008	1	6	0.22638208
2008	1	7	0.39902132
2008	1	8	3.87836280
2008	1	9	8.94057239
2008	1	10	6.76523118
2008	1	11	3.16023433
2008	1	12	1.73536074
2008	1	13	1.33926372
2008	1	14	1.12009323
2008	1	15	0.94626013
2008	1	16	0.81542869
2008	1	17	0.73604932
2008	1	18	0.69582885
2008	1	19	0.63766187
2008	1	20	0.58176642
2008	1	21	0.56044689
2008	1	22	0.54842553
2008	1	23	0.51888028
2008	1	24	0.47931843
2008	1	25	0.45369040
2008	1	26	0.43601319
2008	1	27	0.41765704
2008	1	28	0.40857638
2008	1	29	0.39442923
2008	1	30	0.41730878
2008	1	31	0.59377428
2008	2	1	0.79708210
2008	2	2	0.73511381
2008	2	3	0.54125946
2008	2	4	0.41430209
2008	2	5	0.43761994
2008	2	6	0.81772910
2008	2	7	1.31671535
2008	2	8	1.10626127
2008	2	9	0.79597130
2008	2	10	0.75972070
2008	2	11	0.89106870
2008	2	12	0.96757188
2008	2	13	0.87663641
2008	2	14	0.59326118
2008	2	15	0.92099166
2008	2	16	3.29896093
2008	2	17	7.34593577
2008	2	18	10.88494656
2008	2	19	7.45486622
2008	2	20	3.28482339
2008	2	21	2.04683309
2008	2	22	1.75187189
2008	2	23	1.48435806
2008	2	24	1.28590123
2008	2	25	1.18335786
2008	2	26	1.00505739
2008	2	27	0.84332041
2008	2	28	0.75479367
2008	2	29	0.69301611
2008	3	1	0.63812543
2008	3	2	0.71254821
2008	3	3	2.78463910
2008	3	4	6.86041842
2008	3	5	6.10581264
2008	3	6	2.92240878
2008	3	7	1.52282275
2008	3	8	1.20060524
2008	3	9	1.04699520
2008	3	10	0.91678729
2008	3	11	0.79759738
2008	3	12	0.71215243
2008	3	13	0.64462102
2008	3	14	0.60564641
2008	3	15	0.67860607
2008	3	16	0.68423825
2008	3	17	0.88481158
2008	3	18	4.78823907
2008	3	19	16.70488950
2008	3	20	22.73432606
2008	3	21	15.01134407
2008	3	22	5.84767060
2008	3	23	3.14871891
2008	3	24	2.26018602
2008	3	25	1.76249672
2008	3	26	1.43921560
2008	3	27	1.22198404
2008	3	28	1.11477312
2008	3	29	1.09342396
2008	3	30	1.60883122
2008	3	31	2.32926478
2008	4	1	3.43697860
2008	4	2	4.18673532
2008	4	3	3.58806562
2008	4	4	3.11211941
2008	4	5	3.45030546
2008	4	6	1.99286835
2008	4	7	1.26478528
2008	4	8	2.43782402
2008	4	9	5.42103450
2008	4	10	12.48969148
2008	4	11	21.88911621
2008	4	12	15.26223535
2008	4	13	5.59710064
2008	4	14	2.81145236
2008	4	15	2.05664322
2008	4	16	1.63392036
2008	4	17	1.48793120
2008	4	18	3.30810195
2008	4	19	5.98082505
2008	4	20	4.19322334
2008	4	21	1.96072812
2008	4	22	1.26678026
2008	4	23	1.53930235
2008	4	24	3.40162486
2008	4	25	5.42120586
2008	4	26	4.08427295
2008	4	27	2.14294446
2008	4	28	1.46205031
2008	4	29	1.10014117
2008	4	30	0.90528888
2008	5	1	0.82829896
2008	5	2	1.16588140
2008	5	3	1.67323163
2008	5	4	0.91496166
2008	5	5	0.62522386
2008	5	6	0.54608586
2008	5	7	0.75312373
2008	5	8	2.75639417
2008	5	9	4.81281248
2008	5	10	3.34025535
2008	5	11	1.63123092
2008	5	12	1.41295181
2008	5	13	0.95125038
2008	5	14	0.70333236
2008	5	15	0.81660068
2008	5	16	1.93749336
2008	5	17	2.23728125
2008	5	18	1.24763619
2008	5	19	0.64094637
2008	5	20	0.48851388
2008	5	21	0.40963737
2008	5	22	0.35543155
2008	5	23	0.31648468
2008	5	24	0.29847278
2008	5	25	0.38974575
2008	5	26	0.97520609
2008	5	27	2.22327483
2008	5	28	3.32603553
2008	5	29	2.29981626
2008	5	30	0.88336508
2008	5	31	0.44985863
2008	6	1	0.54251442
2008	6	2	1.75712523
2008	6	3	3.04316451
2008	6	4	1.93927639
2008	6	5	0.81623399
2008	6	6	0.80182284
2008	6	7	0.83213246
2008	6	8	0.72625651
2008	6	9	2.03442537
2008	6	10	6.39019163
2008	6	11	7.66976280
2008	6	12	4.12467844
2008	6	13	1.66839126
2008	6	14	1.77116589
2008	6	15	2.12225843
2008	6	16	1.97747890
2008	6	17	2.30879735
2008	6	18	2.16951015
2008	6	19	1.11990786
2008	6	20	1.39140382
2008	6	21	2.13419186
2008	6	22	1.70491329
2008	6	23	1.02885616
2008	6	24	1.37687884
2008	6	25	1.30116151
2008	6	26	0.73497472
2008	6	27	0.42270791
2008	6	28	0.41347093
2008	6	29	0.52480652
2008	6	30	0.55642495
2008	7	1	0.39963796
2008	7	2	0.27859282
2008	7	3	0.35432608
2008	7	4	0.56573623
2008	7	5	1.03948781
2008	7	6	0.75777014
2008	7	7	0.45181005
2008	7	8	1.10295127
2008	7	9	2.60492391
2008	7	10	4.00841351
2008	7	11	4.21604193
2008	7	12	3.77348629
2008	7	13	3.48482688
2008	7	14	2.39680927
2008	7	15	1.11107797
2008	7	16	0.58697477
2008	7	17	0.41298741
2008	7	18	0.31665028
2008	7	19	0.25085869
2008	7	20	0.20379476
2008	7	21	0.16903516
2008	7	22	0.14261263
2008	7	23	0.14990257
2008	7	24	0.48470450
2008	7	25	0.97888525
2008	7	26	0.68467568
2008	7	27	0.37797696
2008	7	28	0.19867766
2008	7	29	0.18254691
2008	7	30	0.12671709
2008	7	31	0.10601477
2008	8	1	0.08088798
2008	8	2	0.06386225
2008	8	3	0.05545551
2008	8	4	0.04971603
2008	8	5	0.04518188
2008	8	6	0.04360156
2008	8	7	0.09745606
2008	8	8	0.34223323
2008	8	9	2.04973755
2008	8	10	4.44124948
2008	8	11	7.76841756
2008	8	12	6.74520737
2008	8	13	3.03272963
2008	8	14	1.44709181
2008	8	15	1.33044934
2008	8	16	0.87968622
2008	8	17	0.46719963
2008	8	18	0.29362425
2008	8	19	0.22238054
2008	8	20	0.19770424
2008	8	21	0.23366435
2008	8	22	0.21757916
2008	8	23	0.32890219
2008	8	24	0.62785024
2008	8	25	1.30554891
2008	8	26	0.80820806
2008	8	27	0.29357955
2008	8	28	0.15190948
2008	8	29	0.12652661
2008	8	30	0.14377162
2008	8	31	0.15347620
2008	9	1	0.17836629
2008	9	2	0.17083704
2008	9	3	1.32803481
2008	9	4	5.33722221
2008	9	5	7.70070594
2008	9	6	4.45855963
2008	9	7	1.57670312
2008	9	8	0.80575156
2008	9	9	0.51411558
2008	9	10	0.34862098
2008	9	11	0.27030204
2008	9	12	0.31104972
2008	9	13	0.69537468
2008	9	14	4.07566641
2008	9	15	9.87438422
2008	9	16	7.71605420
2008	9	17	2.89117204
2008	9	18	1.21378460
2008	9	19	0.81741469
2008	9	20	0.61712842
2008	9	21	0.48790971
2008	9	22	0.40202932
2008	9	23	0.34432236
2008	9	24	0.30030681
2008	9	25	0.26597022
2008	9	26	0.23909139
2008	9	27	0.21682880
2008	9	28	0.19914245
2008	9	29	0.18557567
2008	9	30	0.17315936
2008	10	1	0.16165794
2008	10	2	0.15154143
2008	10	3	0.15864761
2008	10	4	0.42715112
2008	10	5	0.66603004
2008	10	6	0.39379245
2008	10	7	1.00020194
2008	10	8	2.60561085
2008	10	9	2.23028620
2008	10	10	0.82523488
2008	10	11	0.35307707
2008	10	12	0.22704593
2008	10	13	0.17183945
2008	10	14	0.16630585
2008	10	15	0.60459632
2008	10	16	1.14481328
2008	10	17	0.96943240
2008	10	18	0.38843460
2008	10	19	0.16942041
2008	10	20	0.13249011
2008	10	21	0.13199813
2008	10	22	0.48128995
2008	10	23	0.92676564
2008	10	24	0.64490644
2008	10	25	0.25798093
2008	10	26	0.14671889
2008	10	27	0.11841965
2008	10	28	0.10398511
2008	10	29	0.09483991
2008	10	30	0.09280675
2008	10	31	0.08696297
2008	11	1	0.08369377
2008	11	2	0.08551879
2008	11	3	0.07598171
2008	11	4	0.07461974
2008	11	5	0.17714740
2008	11	6	0.30649292
2008	11	7	0.43560221
2008	11	8	0.40383757
2008	11	9	0.23756881
2008	11	10	0.16681742
2008	11	11	0.70136640
2008	11	12	1.37275163
2008	11	13	0.91315654
2008	11	14	0.38691778
2008	11	15	0.23783183
2008	11	16	0.15449817
2008	11	17	0.10144565
2008	11	18	0.08112033
2008	11	19	0.07034090
2008	11	20	0.06338767
2008	11	21	0.05893172
2008	11	22	0.05685199
2008	11	23	0.07237742
2008	11	24	0.10681851
2008	11	25	0.11769600
2008	11	26	0.08951977
2008	11	27	0.06315609
2008	11	28	0.06018965
2008	11	29	0.06400570
2008	11	30	0.10731176
2008	12	1	0.15372632
2008	12	2	0.13694265
2008	12	3	0.09699524
2008	12	4	0.06222725
2008	12	5	0.04826850
2008	12	6	0.04495217
2008	12	7	0.04324125
2008	12	8	0.05810439
2008	12	9	0.36177563
2008	12	10	0.79615704
2008	12	11	0.72523008
2008	12	12	0.30207203
2008	12	13	0.11306821
2008	12	14	0.07917044
2008	12	15	0.10550688
2008	12	16	0.17321377
2008	12	17	0.13610585
2008	12	18	0.08073533
2008	12	19	0.07477100
2008	12	20	0.10578027
2008	12	21	0.10447970
2008	12	22	0.08427383
2008	12	23	0.05639495
2008	12	24	0.09048191
2008	12	25	0.27561514
2008	12	26	0.41774458
2008	12	27	1.03984493
2008	12	28	2.20272510
2008	12	29	2.48930583
2008	12	30	1.41830498
2008	12	31	0.46617797
2009	1	1	0.20665240
2009	1	2	0.16554496
2009	1	3	0.16329305
2009	1	4	0.13193061
2009	1	5	0.09816329
2009	1	6	0.08470508
2009	1	7	0.08034712
2009	1	8	0.07755861
2009	1	9	0.07548714
2009	1	10	0.08319766
2009	1	11	0.11317350
2009	1	12	0.13039526
2009	1	13	0.10295148
2009	1	14	0.08312731
2009	1	15	0.07522522
2009	1	16	0.07147483
2009	1	17	0.06969706
2009	1	18	0.06674474
2009	1	19	0.06445521
2009	1	20	0.06295160
2009	1	21	0.06187849
2009	1	22	0.06080086
2009	1	23	0.05926578
2009	1	24	0.05771683
2009	1	25	0.05674908
2009	1	26	0.05594214
2009	1	27	0.05543766
2009	1	28	0.05491987
2009	1	29	0.05537046
2009	1	30	0.08980159
2009	1	31	0.46331340
2009	2	1	1.11694402
2009	2	2	1.69102135
2009	2	3	1.52363896
2009	2	4	0.83223776
2009	2	5	0.43969824
2009	2	6	0.38125233
2009	2	7	0.75640427
2009	2	8	1.11972890
2009	2	9	0.30499930
2009	2	10	0.25289704
2009	2	11	1.57256722
2009	2	12	4.01241595
2009	2	13	3.64985793
2009	2	14	1.38910802
2009	2	15	0.47970652
2009	2	16	0.33418478
2009	2	17	0.26836606
2009	2	18	0.25234332
2009	2	19	0.35786295
2009	2	20	0.34611070
2009	2	21	0.26617440
2009	2	22	0.19757382
2009	2	23	0.17600373
2009	2	24	0.16363465
2009	2	25	0.15499973
2009	2	26	0.14930604
2009	2	27	0.17556132
2009	2	28	0.33682008
2009	3	1	0.50149890
2009	3	2	0.43554204
2009	3	3	0.23319964
2009	3	4	0.16182394
2009	3	5	0.14451200
2009	3	6	0.13274988
2009	3	7	0.12456314
2009	3	8	0.11810550
2009	3	9	0.11256913
2009	3	10	0.10916190
2009	3	11	0.14222486
2009	3	12	0.21687798
2009	3	13	0.25071925
2009	3	14	0.24733433
2009	3	15	0.16938846
2009	3	16	0.12384230
2009	3	17	0.11788816
2009	3	18	0.10235987
2009	3	19	0.13988695
2009	3	20	0.19791483
2009	3	21	0.54690024
2009	3	22	0.93454258
2009	3	23	0.83701349
2009	3	24	0.66849373
2009	3	25	0.74737295
2009	3	26	0.75367833
2009	3	27	0.61182983
2009	3	28	0.67723921
2009	3	29	1.81569783
2009	3	30	2.30317333
2009	3	31	1.35356241
2009	4	1	0.77197009
2009	4	2	0.56797356
2009	4	3	0.60468964
2009	4	4	0.56219381
2009	4	5	0.45818304
2009	4	6	0.31321982
2009	4	7	0.23713850
2009	4	8	0.17837266
2009	4	9	0.32143441
2009	4	10	0.59879939
2009	4	11	1.05394994
2009	4	12	1.32519031
2009	4	13	1.65000137
2009	4	14	1.61937597
2009	4	15	0.90530444
2009	4	16	0.32935688
2009	4	17	0.22409075
2009	4	18	0.44389589
2009	4	19	0.90064021
2009	4	20	1.08704581
2009	4	21	0.55007434
2009	4	22	0.28218449
2009	4	23	0.19868573
2009	4	24	0.15707924
2009	4	25	0.13518698
2009	4	26	0.23412823
2009	4	27	0.29648647
2009	4	28	0.36193770
2009	4	29	0.42982339
2009	4	30	0.49829802
2009	5	1	1.31974447
2009	5	2	3.85205858
2009	5	3	7.62499058
2009	5	4	8.50180402
2009	5	5	5.32716395
2009	5	6	3.83394575
2009	5	7	4.34383713
2009	5	8	2.70342093
2009	5	9	2.28309471
2009	5	10	2.26829021
2009	5	11	1.26416319
2009	5	12	0.84123380
2009	5	13	1.50676409
2009	5	14	2.83507185
2009	5	15	2.76552498
2009	5	16	1.49881161
2009	5	17	1.21363330
2009	5	18	0.94643502
2009	5	19	0.58936757
2009	5	20	0.42430945
2009	5	21	0.34772638
2009	5	22	0.29255217
2009	5	23	0.25508261
2009	5	24	0.30236589
2009	5	25	0.46595653
2009	5	26	0.69138631
2009	5	27	0.55185543
2009	5	28	0.34659301
2009	5	29	0.23045586
2009	5	30	0.17108855
2009	5	31	0.14262684
2009	6	1	0.14189231
2009	6	2	0.47093995
2009	6	3	0.71140027
2009	6	4	0.41478120
2009	6	5	0.26185617
2009	6	6	0.15946921
2009	6	7	0.11343532
2009	6	8	0.10780382
2009	6	9	0.17525838
2009	6	10	0.33339887
2009	6	11	0.67217805
2009	6	12	0.87645151
2009	6	13	1.26739016
2009	6	14	2.02619879
2009	6	15	1.51823015
2009	6	16	0.85867750
2009	6	17	0.86545327
2009	6	18	0.77127013
2009	6	19	0.45147940
2009	6	20	0.22152088
2009	6	21	0.13470029
2009	6	22	0.09703332
2009	6	23	0.07488635
2009	6	24	0.06129373
2009	6	25	0.05429746
2009	6	26	0.04812871
2009	6	27	0.04268901
2009	6	28	0.03914365
2009	6	29	0.03819405
2009	6	30	0.03475667
2009	7	1	0.03201488
2009	7	2	0.03064089
2009	7	3	0.06192371
2009	7	4	0.31584342
2009	7	5	0.51327315
2009	7	6	0.42321624
2009	7	7	0.17346817
2009	7	8	0.07005094
2009	7	9	0.03895727
2009	7	10	0.02895564
2009	7	11	0.02420795
2009	7	12	0.02110454
2009	7	13	0.02336617
2009	7	14	0.04039604
2009	7	15	0.05899645
2009	7	16	0.05028347
2009	7	17	0.03832175
2009	7	18	0.03176856
2009	7	19	0.02407985
2009	7	20	0.05644242
2009	7	21	0.71995768
2009	7	22	1.88061939
2009	7	23	1.52554615
2009	7	24	0.53416276
2009	7	25	0.17117775
2009	7	26	0.09000497
2009	7	27	0.06557222
2009	7	28	0.25057615
2009	7	29	0.36843960
2009	7	30	0.18205643
2009	7	31	0.22009998
2009	8	1	0.49121935
2009	8	2	0.23514993
2009	8	3	0.10598718
2009	8	4	0.08346051
2009	8	5	0.05779011
2009	8	6	0.29585532
2009	8	7	0.59381537
2009	8	8	0.23340271
2009	8	9	0.07422565
2009	8	10	0.12088207
2009	8	11	0.51664914
2009	8	12	0.70089261
2009	8	13	0.34595721
2009	8	14	0.12421311
2009	8	15	0.05900746
2009	8	16	0.03579761
2009	8	17	0.03197782
2009	8	18	0.18021482
2009	8	19	0.33346259
2009	8	20	0.62738041
2009	8	21	1.25634216
2009	8	22	1.15691738
2009	8	23	0.41394580
2009	8	24	0.13697813
2009	8	25	0.06446033
2009	8	26	0.03755366
2009	8	27	0.04135833
2009	8	28	0.33153760
2009	8	29	0.76052854
2009	8	30	0.53724238
2009	8	31	0.20963247
2009	9	1	0.07011722
2009	9	2	0.08778426
2009	9	3	0.65012504
2009	9	4	1.24182241
2009	9	5	0.86674626
2009	9	6	0.49328193
2009	9	7	0.46667611
2009	9	8	0.24535896
2009	9	9	0.28362637
2009	9	10	2.42179876
2009	9	11	4.96284512
2009	9	12	3.37287493
2009	9	13	0.96840378
2009	9	14	1.03423892
2009	9	15	1.66016459
2009	9	16	1.57935725
2009	9	17	1.24009625
2009	9	18	1.10297649
2009	9	19	0.58739695
2009	9	20	0.30743368
2009	9	21	0.37851146
2009	9	22	2.42108346
2009	9	23	5.47978425
2009	9	24	3.96859816
2009	9	25	1.29349860
2009	9	26	0.53174626
2009	9	27	0.35408835
2009	9	28	0.26057580
2009	9	29	0.19793444
2009	9	30	0.15680910
2009	10	1	0.12913085
2009	10	2	0.11271199
2009	10	3	0.10479617
2009	10	4	0.09401974
2009	10	5	0.13815273
2009	10	6	0.47987324
2009	10	7	0.94031822
2009	10	8	1.13760289
2009	10	9	6.54888912
2009	10	10	15.88656736
2009	10	11	13.36495912
2009	10	12	5.04902840
2009	10	13	2.88932215
2009	10	14	2.85993119
2009	10	15	2.33742106
2009	10	16	1.54958864
2009	10	17	1.10211889
2009	10	18	0.97342127
2009	10	19	0.79632070
2009	10	20	0.67675478
2009	10	21	0.63794477
2009	10	22	1.37660585
2009	10	23	2.77611886
2009	10	24	2.64961992
2009	10	25	1.30886371
2009	10	26	1.25177578
2009	10	27	2.39562013
2009	10	28	3.02804270
2009	10	29	2.40346995
2009	10	30	3.39323001
2009	10	31	5.41846895
2009	11	1	3.68250714
2009	11	2	1.64527327
2009	11	3	1.05752365
2009	11	4	0.86787363
2009	11	5	0.75381728
2009	11	6	0.67106306
2009	11	7	0.60736479
2009	11	8	0.55645742
2009	11	9	0.51540495
2009	11	10	0.48204448
2009	11	11	0.45373919
2009	11	12	0.42881261
2009	11	13	0.40727932
2009	11	14	0.39313330
2009	11	15	0.56318531
2009	11	16	1.91398123
2009	11	17	3.09469241
2009	11	18	2.16068590
2009	11	19	1.08948654
2009	11	20	0.73324866
2009	11	21	0.84802559
2009	11	22	0.78795590
2009	11	23	0.57643613
2009	11	24	0.63178989
2009	11	25	0.81080415
2009	11	26	0.55310460
2009	11	27	0.43742000
2009	11	28	0.39352605
2009	11	29	0.38264278
2009	11	30	0.41684825
2009	12	1	0.48223054
2009	12	2	0.44809142
2009	12	3	0.36282220
2009	12	4	0.32387585
2009	12	5	0.30998505
2009	12	6	0.35213885
2009	12	7	0.42658838
2009	12	8	0.45845288
2009	12	9	0.63655884
2009	12	10	0.79812312
2009	12	11	0.55258518
2009	12	12	0.36738518
2009	12	13	0.50156321
2009	12	14	0.61173348
2009	12	15	0.43093211
2009	12	16	0.29742805
2009	12	17	0.26359396
2009	12	18	0.25264315
2009	12	19	0.24431201
2009	12	20	0.23746576
2009	12	21	0.23092310
2009	12	22	0.22460184
2009	12	23	0.23841790
2009	12	24	0.38608066
2009	12	25	0.90397520
2009	12	26	1.16802374
2009	12	27	0.51750821
2009	12	28	0.26183916
2009	12	29	0.22843320
2009	12	30	0.23185964
2009	12	31	0.25721386
2010	1	1	0.25538392
2010	1	2	0.22043438
2010	1	3	0.20087575
2010	1	4	0.19313282
2010	1	5	0.18311770
2010	1	6	0.17885237
2010	1	7	0.17559447
2010	1	8	0.17261989
2010	1	9	0.16978770
2010	1	10	0.16705061
2010	1	11	0.16730484
2010	1	12	0.20864769
2010	1	13	0.26144163
2010	1	14	0.41742990
2010	1	15	0.60013492
2010	1	16	0.63426624
2010	1	17	0.33691102
2010	1	18	0.19915827
2010	1	19	0.16644784
2010	1	20	0.28612542
2010	1	21	1.02881859
2010	1	22	1.90494638
2010	1	23	1.21878788
2010	1	24	0.70146686
2010	1	25	0.75421926
2010	1	26	0.35508729
2010	1	27	0.21173278
2010	1	28	0.20961398
2010	1	29	0.50286789
2010	1	30	0.83939546
2010	1	31	0.27688362
2010	2	1	0.17737038
2010	2	2	0.18487386
2010	2	3	0.22065959
2010	2	4	0.32164425
2010	2	5	0.76996113
2010	2	6	1.40689446
2010	2	7	1.08996940
2010	2	8	0.76750095
2010	2	9	0.60505679
2010	2	10	0.35208546
2010	2	11	0.21960410
2010	2	12	0.19098511
2010	2	13	0.26664683
2010	2	14	0.52459008
2010	2	15	0.91833951
2010	2	16	0.70820622
2010	2	17	0.25606498
2010	2	18	0.31749451
2010	2	19	0.41476642
2010	2	20	0.48955937
2010	2	21	0.71296767
2010	2	22	0.75586169
2010	2	23	1.06533353
2010	2	24	0.68425815
2010	2	25	0.25698989
2010	2	26	0.22221256
2010	2	27	0.22703698
2010	2	28	0.19258247
2010	3	1	0.15016880
2010	3	2	0.13799713
2010	3	3	0.13230430
2010	3	4	0.12831497
2010	3	5	0.12338265
2010	3	6	0.11723011
2010	3	7	0.11138557
2010	3	8	0.16086405
2010	3	9	0.57289785
2010	3	10	1.17820954
2010	3	11	0.55842705
2010	3	12	0.42531972
2010	3	13	0.25805159
2010	3	14	0.15742779
2010	3	15	0.11582945
2010	3	16	0.10025519
2010	3	17	0.09170152
2010	3	18	0.08702486
2010	3	19	0.09440785
2010	3	20	0.35267420
2010	3	21	1.16982498
2010	3	22	2.07277162
2010	3	23	2.30347387
2010	3	24	1.90807616
2010	3	25	1.91412571
2010	3	26	2.44687841
2010	3	27	1.97330040
2010	3	28	1.29377008
2010	3	29	0.68655113
2010	3	30	0.49249711
2010	3	31	0.31900197
2010	4	1	0.23134361
2010	4	2	0.30162565
2010	4	3	0.90415905
2010	4	4	1.44902213
2010	4	5	0.85119104
2010	4	6	0.34432811
2010	4	7	0.23200925
2010	4	8	0.21833407
2010	4	9	0.15977993
2010	4	10	0.12671200
2010	4	11	0.11110268
2010	4	12	0.10014241
2010	4	13	0.09120942
2010	4	14	0.08366428
2010	4	15	0.07728892
2010	4	16	0.07423112
2010	4	17	0.07710972
2010	4	18	0.17166299
2010	4	19	0.24810566
2010	4	20	0.21456134
2010	4	21	0.12693768
2010	4	22	0.07698050
2010	4	23	0.06713534
2010	4	24	0.20941561
2010	4	25	1.07399902
2010	4	26	1.52373189
2010	4	27	0.73577535
2010	4	28	0.25632178
2010	4	29	0.14532253
2010	4	30	0.14856870
2010	5	1	0.20483138
2010	5	2	0.21350043
2010	5	3	0.20564946
2010	5	4	0.07080244
2010	5	5	0.04520893
2010	5	6	0.03757431
2010	5	7	0.03266619
2010	5	8	0.02896119
2010	5	9	0.04499978
2010	5	10	0.30603340
2010	5	11	1.04386970
2010	5	12	1.36915826
2010	5	13	0.67365811
2010	5	14	0.79140381
2010	5	15	1.61127307
2010	5	16	1.86289658
2010	5	17	2.47642387
2010	5	18	2.20711792
2010	5	19	1.10736595
2010	5	20	1.39969895
2010	5	21	2.60651303
2010	5	22	1.93321365
2010	5	23	0.67660265
2010	5	24	0.28933591
2010	5	25	0.21310241
2010	5	26	0.67624027
2010	5	27	1.78077765
2010	5	28	1.56760625
2010	5	29	0.74684535
2010	5	30	0.33481535
2010	5	31	0.20759283
2010	6	1	0.14493203
2010	6	2	0.11997689
2010	6	3	0.34651115
2010	6	4	0.83832840
2010	6	5	1.03011105
2010	6	6	0.45734345
2010	6	7	0.16665160
2010	6	8	0.17768032
2010	6	9	0.26403171
2010	6	10	0.12700324
2010	6	11	0.10770850
2010	6	12	0.12676780
2010	6	13	0.06231214
2010	6	14	0.15679265
2010	6	15	0.42012850
2010	6	16	0.86125821
2010	6	17	0.72032416
2010	6	18	0.33298177
2010	6	19	0.24122674
2010	6	20	0.15820021
2010	6	21	0.15356826
2010	6	22	0.07394106
2010	6	23	0.04260025
2010	6	24	0.03467651
2010	6	25	0.03231178
2010	6	26	0.07681780
2010	6	27	0.16731309
2010	6	28	0.57047280
2010	6	29	1.01490998
2010	6	30	0.69122425
2010	7	1	0.19941434
2010	7	2	0.05090042
2010	7	3	0.04185405
2010	7	4	0.06651177
2010	7	5	0.15230346
2010	7	6	0.08517826
2010	7	7	0.14781468
2010	7	8	0.39250917
2010	7	9	0.96288900
2010	7	10	1.30404134
2010	7	11	0.87178095
2010	7	12	0.35624497
2010	7	13	1.29126432
2010	7	14	3.39899235
2010	7	15	3.17196906
2010	7	16	2.41905203
2010	7	17	3.59359121
2010	7	18	2.37572050
2010	7	19	0.89982368
2010	7	20	0.37008678
2010	7	21	0.20380805
2010	7	22	0.12953718
2010	7	23	0.08699078
2010	7	24	0.06210490
2010	7	25	0.04963821
2010	7	26	0.06270552
2010	7	27	0.10145122
2010	7	28	0.05981546
2010	7	29	0.03988921
2010	7	30	0.02999509
2010	7	31	0.02653479
2010	8	1	0.02479905
2010	8	2	0.02424857
2010	8	3	0.02424866
2010	8	4	0.02193589
2010	8	5	0.02463536
2010	8	6	0.03578350
2010	8	7	0.05273563
2010	8	8	0.02738632
2010	8	9	0.02458422
2010	8	10	0.01995006
2010	8	11	0.01807659
2010	8	12	0.01733013
2010	8	13	0.02653836
2010	8	14	0.02050078
2010	8	15	0.02009058
2010	8	16	0.07579024
2010	8	17	0.19313116
2010	8	18	0.23420812
2010	8	19	0.08861404
2010	8	20	0.05861961
2010	8	21	0.02527549
2010	8	22	0.01331499
2010	8	23	0.01169444
2010	8	24	0.01106849
2010	8	25	0.01068966
2010	8	26	0.01034031
2010	8	27	0.01000331
2010	8	28	0.00968322
2010	8	29	0.01012906
2010	8	30	0.01586828
2010	8	31	0.02472829
2010	9	1	0.07009845
2010	9	2	0.15331278
2010	9	3	0.94432193
2010	9	4	2.55123359
2010	9	5	1.70648648
2010	9	6	0.63744237
2010	9	7	0.22809341
2010	9	8	0.26838286
2010	9	9	1.46392185
2010	9	10	6.35016133
2010	9	11	8.48435642
2010	9	12	3.45440849
2010	9	13	0.87966976
2010	9	14	0.56020815
2010	9	15	1.40985571
2010	9	16	1.97877569
2010	9	17	1.85011725
2010	9	18	0.70470577
2010	9	19	0.26612730
2010	9	20	0.15470861
2010	9	21	0.10693683
2010	9	22	0.07685120
2010	9	23	0.08779192
2010	9	24	0.56764280
2010	9	25	2.42458163
2010	9	26	2.61904412
2010	9	27	0.94584764
2010	9	28	0.29524390
2010	9	29	0.16258774
2010	9	30	0.11036545
