   1 4
     1 0.212255 0.10 0.05 1.00 0.45 5.00 0.50
     4 0.639664 0.10 0.05 1.00 0.45 5.00 0.50
     5 0.122206 0.10 0.05 1.00 0.45 5.00 0.50
     7 0.025875 0.10 0.10 1.00 0.65 1.00 0.25
   2 6
     1 0.011600 0.10 0.05 1.00 0.45 5.00 0.50
     4 0.362150 0.10 0.05 1.00 0.45 5.00 0.50
     5 0.133750 0.10 0.05 1.00 0.45 5.00 0.50
     6 0.219831 0.10 0.10 1.00 0.65 1.00 0.25
     7 0.232006 0.10 0.10 1.00 0.65 1.00 0.25
    11 0.040662 0.10 0.10 0.75 0.60 0.50 0.30
   3 1
     4 1.000000 0.10 0.05 1.00 0.45 5.00 0.50
   4 5
     1 0.097556 0.10 0.05 1.00 0.45 5.00 0.50
     4 0.403337 0.10 0.05 1.00 0.45 5.00 0.50
     5 0.234523 0.10 0.05 1.00 0.45 5.00 0.50
     6 0.159169 0.10 0.10 1.00 0.65 1.00 0.25
     7 0.105415 0.10 0.10 1.00 0.65 1.00 0.25
   5 6
     1 0.211585 0.10 0.05 1.00 0.45 5.00 0.50
     4 0.303253 0.10 0.05 1.00 0.45 5.00 0.50
     5 0.076940 0.10 0.05 1.00 0.45 5.00 0.50
     6 0.136470 0.10 0.10 1.00 0.65 1.00 0.25
     7 0.196884 0.10 0.10 1.00 0.65 1.00 0.25
    11 0.074867 0.10 0.10 0.75 0.60 0.50 0.30
   6 1
     6 1.000000 0.10 0.10 1.00 0.65 1.00 0.25
   7 4
     5 0.008616 0.10 0.05 1.00 0.45 5.00 0.50
     6 0.112584 0.10 0.10 1.00 0.65 1.00 0.25
     7 0.508797 0.10 0.10 1.00 0.65 1.00 0.25
    11 0.370003 0.10 0.10 0.75 0.60 0.50 0.30
   8 2
     7 0.349466 0.10 0.10 1.00 0.65 1.00 0.25
    11 0.650534 0.10 0.10 0.75 0.60 0.50 0.30
   9 5
     1 0.011488 0.10 0.05 1.00 0.45 5.00 0.50
     4 0.073783 0.10 0.05 1.00 0.45 5.00 0.50
     5 0.198207 0.10 0.05 1.00 0.45 5.00 0.50
     6 0.188703 0.10 0.10 1.00 0.65 1.00 0.25
     7 0.527819 0.10 0.10 1.00 0.65 1.00 0.25
  10 6
     1 0.003201 0.10 0.05 1.00 0.45 5.00 0.50
     4 0.057605 0.10 0.05 1.00 0.45 5.00 0.50
     5 0.211217 0.10 0.05 1.00 0.45 5.00 0.50
     6 0.217603 0.10 0.10 1.00 0.65 1.00 0.25
     7 0.363199 0.10 0.10 1.00 0.65 1.00 0.25
    11 0.147176 0.10 0.10 0.75 0.60 0.50 0.30
  11 4
     4 0.231669 0.10 0.05 1.00 0.45 5.00 0.50
     5 0.406291 0.10 0.05 1.00 0.45 5.00 0.50
     6 0.039200 0.10 0.10 1.00 0.65 1.00 0.25
     7 0.322840 0.10 0.10 1.00 0.65 1.00 0.25
  12 5
     1 0.006672 0.10 0.05 1.00 0.45 5.00 0.50
     4 0.230179 0.10 0.05 1.00 0.45 5.00 0.50
     5 0.327530 0.10 0.05 1.00 0.45 5.00 0.50
     6 0.311882 0.10 0.10 1.00 0.65 1.00 0.25
     7 0.123736 0.10 0.10 1.00 0.65 1.00 0.25
  13 4
     1 0.145863 0.10 0.05 1.00 0.45 5.00 0.50
     4 0.377601 0.10 0.05 1.00 0.45 5.00 0.50
     5 0.396412 0.10 0.05 1.00 0.45 5.00 0.50
     6 0.080124 0.10 0.10 1.00 0.65 1.00 0.25
  14 5
     1 0.466262 0.10 0.05 1.00 0.45 5.00 0.50
     4 0.128107 0.10 0.05 1.00 0.45 5.00 0.50
     5 0.289833 0.10 0.05 1.00 0.45 5.00 0.50
     6 0.073676 0.10 0.10 1.00 0.65 1.00 0.25
     7 0.042122 0.10 0.10 1.00 0.65 1.00 0.25
  15 2
     1 0.988144 0.10 0.05 1.00 0.45 5.00 0.50
     4 0.011856 0.10 0.05 1.00 0.45 5.00 0.50
  16 1
    11 1.000000 0.10 0.10 0.75 0.60 0.50 0.30
  17 4
     4 0.012434 0.10 0.05 1.00 0.45 5.00 0.50
     6 0.109638 0.10 0.10 1.00 0.65 1.00 0.25
     7 0.188867 0.10 0.10 1.00 0.65 1.00 0.25
    11 0.689062 0.10 0.10 0.75 0.60 0.50 0.30
  18 3
     6 0.210421 0.10 0.10 1.00 0.65 1.00 0.25
     7 0.423441 0.10 0.10 1.00 0.65 1.00 0.25
    11 0.366138 0.10 0.10 0.75 0.60 0.50 0.30
  19 5
     5 0.134272 0.10 0.05 1.00 0.45 5.00 0.50
     6 0.234995 0.10 0.10 1.00 0.65 1.00 0.25
     7 0.171194 0.10 0.10 1.00 0.65 1.00 0.25
    10 0.040292 0.10 0.10 1.00 0.70 0.50 0.20
    11 0.419247 0.10 0.10 0.75 0.60 0.50 0.30
  20 4
     6 0.172841 0.10 0.10 1.00 0.65 1.00 0.25
     7 0.059219 0.10 0.10 1.00 0.65 1.00 0.25
    10 0.012801 0.10 0.10 1.00 0.70 0.50 0.20
    11 0.665554 0.10 0.10 0.75 0.60 0.50 0.30
  21 4
     4 0.108824 0.10 0.05 1.00 0.45 5.00 0.50
     6 0.160013 0.10 0.10 1.00 0.65 1.00 0.25
     7 0.276807 0.10 0.10 1.00 0.65 1.00 0.25
    11 0.441560 0.10 0.10 0.75 0.60 0.50 0.30
  22 5
     4 0.050887 0.10 0.05 1.00 0.45 5.00 0.50
     5 0.285879 0.10 0.05 1.00 0.45 5.00 0.50
     6 0.140723 0.10 0.10 1.00 0.65 1.00 0.25
     7 0.359289 0.10 0.10 1.00 0.65 1.00 0.25
    11 0.163222 0.10 0.10 0.75 0.60 0.50 0.30
  23 1
    11 1.000000 0.10 0.10 0.75 0.60 0.50 0.30
  24 5
     1 0.482837 0.10 0.05 1.00 0.45 5.00 0.50
     4 0.077781 0.10 0.05 1.00 0.45 5.00 0.50
     5 0.311163 0.10 0.05 1.00 0.45 5.00 0.50
     6 0.050428 0.10 0.10 1.00 0.65 1.00 0.25
     7 0.077791 0.10 0.10 1.00 0.65 1.00 0.25
  25 4
     4 0.581339 0.10 0.05 1.00 0.45 5.00 0.50
     5 0.281841 0.10 0.05 1.00 0.45 5.00 0.50
     6 0.061536 0.10 0.10 1.00 0.65 1.00 0.25
     7 0.075284 0.10 0.10 1.00 0.65 1.00 0.25
  26 3
     1 0.179232 0.10 0.05 1.00 0.45 5.00 0.50
     4 0.683168 0.10 0.05 1.00 0.45 5.00 0.50
     5 0.137599 0.10 0.05 1.00 0.45 5.00 0.50
  27 4
     1 0.188442 0.10 0.05 1.00 0.45 5.00 0.50
     4 0.495845 0.10 0.05 1.00 0.45 5.00 0.50
     5 0.304672 0.10 0.05 1.00 0.45 5.00 0.50
     6 0.011041 0.10 0.10 1.00 0.65 1.00 0.25
  28 2
     7 0.342828 0.10 0.10 1.00 0.65 1.00 0.25
    11 0.657172 0.10 0.10 0.75 0.60 0.50 0.30
  29 3
     6 0.025602 0.10 0.10 1.00 0.65 1.00 0.25
     7 0.192007 0.10 0.10 1.00 0.65 1.00 0.25
    11 0.782391 0.10 0.10 0.75 0.60 0.50 0.30
  30 5
     5 0.025609 0.10 0.05 1.00 0.45 5.00 0.50
     6 0.121606 0.10 0.10 1.00 0.65 1.00 0.25
     7 0.398428 0.10 0.10 1.00 0.65 1.00 0.25
    10 0.006398 0.10 0.10 1.00 0.70 0.50 0.20
    11 0.447960 0.10 0.10 0.75 0.60 0.50 0.30
  31 4
     5 0.063989 0.10 0.05 1.00 0.45 5.00 0.50
     6 0.144004 0.10 0.10 1.00 0.65 1.00 0.25
     7 0.286369 0.10 0.10 1.00 0.65 1.00 0.25
    11 0.505638 0.10 0.10 0.75 0.60 0.50 0.30
  32 4
     5 0.031990 0.10 0.05 1.00 0.45 5.00 0.50
     6 0.060780 0.10 0.10 1.00 0.65 1.00 0.25
     7 0.139175 0.10 0.10 1.00 0.65 1.00 0.25
    11 0.768054 0.10 0.10 0.75 0.60 0.50 0.30
  33 3
     6 0.063980 0.10 0.10 1.00 0.65 1.00 0.25
     7 0.129563 0.10 0.10 1.00 0.65 1.00 0.25
    11 0.806456 0.10 0.10 0.75 0.60 0.50 0.30
  34 6
     1 0.071626 0.10 0.05 1.00 0.45 5.00 0.50
     4 0.252777 0.10 0.05 1.00 0.45 5.00 0.50
     5 0.166069 0.10 0.05 1.00 0.45 5.00 0.50
     6 0.062255 0.10 0.10 1.00 0.65 1.00 0.25
     7 0.155277 0.10 0.10 1.00 0.65 1.00 0.25
    11 0.291996 0.10 0.10 0.75 0.60 0.50 0.30
  35 5
     4 0.148167 0.10 0.05 1.00 0.45 5.00 0.50
     5 0.530063 0.10 0.05 1.00 0.45 5.00 0.50
     6 0.170427 0.10 0.10 1.00 0.65 1.00 0.25
     7 0.150752 0.10 0.10 1.00 0.65 1.00 0.25
    11 0.000591 0.10 0.10 0.75 0.60 0.50 0.30
  36 5
     1 0.028803 0.10 0.05 1.00 0.45 5.00 0.50
     4 0.161631 0.10 0.05 1.00 0.45 5.00 0.50
     5 0.572783 0.10 0.05 1.00 0.45 5.00 0.50
     6 0.166380 0.10 0.10 1.00 0.65 1.00 0.25
     7 0.070402 0.10 0.10 1.00 0.65 1.00 0.25
  37 5
     1 0.003201 0.10 0.05 1.00 0.45 5.00 0.50
     4 0.132347 0.10 0.05 1.00 0.45 5.00 0.50
     5 0.390624 0.10 0.05 1.00 0.45 5.00 0.50
     6 0.364970 0.10 0.10 1.00 0.65 1.00 0.25
     7 0.108859 0.10 0.10 1.00 0.65 1.00 0.25
  38 6
     1 0.017353 0.10 0.05 1.00 0.45 5.00 0.50
     4 0.034709 0.10 0.05 1.00 0.45 5.00 0.50
     5 0.091117 0.10 0.05 1.00 0.45 5.00 0.50
     6 0.528874 0.10 0.10 1.00 0.65 1.00 0.25
     7 0.170992 0.10 0.10 1.00 0.65 1.00 0.25
    11 0.156956 0.10 0.10 0.75 0.60 0.50 0.30
  39 5
     4 0.052072 0.10 0.05 1.00 0.45 5.00 0.50
     5 0.555697 0.10 0.05 1.00 0.45 5.00 0.50
     6 0.310207 0.10 0.10 1.00 0.65 1.00 0.25
     7 0.007909 0.10 0.10 1.00 0.65 1.00 0.25
    11 0.074116 0.10 0.10 0.75 0.60 0.50 0.30
  40 5
     1 0.052215 0.10 0.05 1.00 0.45 5.00 0.50
     5 0.169709 0.10 0.05 1.00 0.45 5.00 0.50
     6 0.355722 0.10 0.10 1.00 0.65 1.00 0.25
     7 0.154159 0.10 0.10 1.00 0.65 1.00 0.25
    11 0.229036 0.10 0.10 0.75 0.60 0.50 0.30
  41 6
     1 0.051184 0.10 0.05 1.00 0.45 5.00 0.50
     4 0.063995 0.10 0.05 1.00 0.45 5.00 0.50
     5 0.115186 0.10 0.05 1.00 0.45 5.00 0.50
     6 0.297586 0.10 0.10 1.00 0.65 1.00 0.25
     7 0.352015 0.10 0.10 1.00 0.65 1.00 0.25
    11 0.107237 0.10 0.10 0.75 0.60 0.50 0.30
  42 4
     5 0.025591 0.10 0.05 1.00 0.45 5.00 0.50
     7 0.231984 0.10 0.10 1.00 0.65 1.00 0.25
    10 0.019207 0.10 0.10 1.00 0.70 0.50 0.20
    11 0.723218 0.10 0.10 0.75 0.60 0.50 0.30
  43 6
     1 0.051193 0.10 0.05 1.00 0.45 5.00 0.50
     4 0.019197 0.10 0.05 1.00 0.45 5.00 0.50
     5 0.371187 0.10 0.05 1.00 0.45 5.00 0.50
     6 0.156811 0.10 0.10 1.00 0.65 1.00 0.25
     7 0.222419 0.10 0.10 1.00 0.65 1.00 0.25
    11 0.179192 0.10 0.10 0.75 0.60 0.50 0.30
  44 6
     1 0.051202 0.10 0.05 1.00 0.45 5.00 0.50
     4 0.031993 0.10 0.05 1.00 0.45 5.00 0.50
     5 0.390393 0.10 0.05 1.00 0.45 5.00 0.50
     6 0.291193 0.10 0.10 1.00 0.65 1.00 0.25
     7 0.184010 0.10 0.10 1.00 0.65 1.00 0.25
    11 0.051209 0.10 0.10 0.75 0.60 0.50 0.30
  45 4
     5 0.038408 0.10 0.05 1.00 0.45 5.00 0.50
     6 0.428784 0.10 0.10 1.00 0.65 1.00 0.25
     7 0.404797 0.10 0.10 1.00 0.65 1.00 0.25
    11 0.128012 0.10 0.10 0.75 0.60 0.50 0.30
  46 4
     6 0.331467 0.10 0.10 1.00 0.65 1.00 0.25
     7 0.281794 0.10 0.10 1.00 0.65 1.00 0.25
    10 0.039006 0.10 0.10 1.00 0.70 0.50 0.20
    11 0.341231 0.10 0.10 0.75 0.60 0.50 0.30
  47 4
     6 0.046023 0.10 0.10 1.00 0.65 1.00 0.25
     7 0.016054 0.10 0.10 1.00 0.65 1.00 0.25
    10 0.180229 0.10 0.10 1.00 0.70 0.50 0.20
    11 0.369956 0.10 0.10 0.75 0.60 0.50 0.30
  48 4
     6 0.137544 0.10 0.10 1.00 0.65 1.00 0.25
     7 0.076242 0.10 0.10 1.00 0.65 1.00 0.25
    10 0.083375 0.10 0.10 1.00 0.70 0.50 0.20
    11 0.672171 0.10 0.10 0.75 0.60 0.50 0.30
  49 1
     5 1.000000 0.10 0.05 1.00 0.45 5.00 0.50
  50 6
     1 0.018973 0.10 0.05 1.00 0.45 5.00 0.50
     4 0.050583 0.10 0.05 1.00 0.45 5.00 0.50
     5 0.660625 0.10 0.05 1.00 0.45 5.00 0.50
     6 0.214157 0.10 0.10 1.00 0.65 1.00 0.25
     7 0.043586 0.10 0.10 1.00 0.65 1.00 0.25
    11 0.012077 0.10 0.10 0.75 0.60 0.50 0.30
  51 6
     1 0.105753 0.10 0.05 1.00 0.45 5.00 0.50
     4 0.217891 0.10 0.05 1.00 0.45 5.00 0.50
     5 0.615173 0.10 0.05 1.00 0.45 5.00 0.50
     6 0.032025 0.10 0.10 1.00 0.65 1.00 0.25
     7 0.025640 0.10 0.10 1.00 0.65 1.00 0.25
    11 0.003516 0.10 0.10 0.75 0.60 0.50 0.30
  52 5
     1 0.230383 0.10 0.05 1.00 0.45 5.00 0.50
     4 0.166389 0.10 0.05 1.00 0.45 5.00 0.50
     5 0.310406 0.10 0.05 1.00 0.45 5.00 0.50
     6 0.288024 0.10 0.10 1.00 0.65 1.00 0.25
    11 0.004798 0.10 0.10 0.75 0.60 0.50 0.30
  53 6
     1 0.121613 0.10 0.05 1.00 0.45 5.00 0.50
     4 0.140806 0.10 0.05 1.00 0.45 5.00 0.50
     5 0.163225 0.10 0.05 1.00 0.45 5.00 0.50
     6 0.204802 0.10 0.10 1.00 0.65 1.00 0.25
     7 0.172804 0.10 0.10 1.00 0.65 1.00 0.25
    11 0.196750 0.10 0.10 0.75 0.60 0.50 0.30
  54 5
     4 0.019203 0.10 0.05 1.00 0.45 5.00 0.50
     5 0.083214 0.10 0.05 1.00 0.45 5.00 0.50
     6 0.476815 0.10 0.10 1.00 0.65 1.00 0.25
     7 0.319991 0.10 0.10 1.00 0.65 1.00 0.25
    11 0.100777 0.10 0.10 0.75 0.60 0.50 0.30
  55 7
     1 0.025609 0.10 0.05 1.00 0.45 5.00 0.50
     4 0.096023 0.10 0.05 1.00 0.45 5.00 0.50
     5 0.211221 0.10 0.05 1.00 0.45 5.00 0.50
     6 0.278410 0.10 0.10 1.00 0.65 1.00 0.25
     7 0.108793 0.10 0.10 1.00 0.65 1.00 0.25
    10 0.025594 0.10 0.10 1.00 0.70 0.50 0.20
    11 0.215963 0.10 0.10 0.75 0.60 0.50 0.30
  56 5
     4 0.038401 0.10 0.05 1.00 0.45 5.00 0.50
     5 0.102411 0.10 0.05 1.00 0.45 5.00 0.50
     6 0.356739 0.10 0.10 1.00 0.65 1.00 0.25
     7 0.284806 0.10 0.10 1.00 0.65 1.00 0.25
    11 0.217643 0.10 0.10 0.75 0.60 0.50 0.30
  57 5
     1 0.025607 0.10 0.05 1.00 0.45 5.00 0.50
     4 0.441644 0.10 0.05 1.00 0.45 5.00 0.50
     5 0.140820 0.10 0.05 1.00 0.45 5.00 0.50
     6 0.305532 0.10 0.10 1.00 0.65 1.00 0.25
     7 0.086396 0.10 0.10 1.00 0.65 1.00 0.25
  58 5
     4 0.160009 0.10 0.05 1.00 0.45 5.00 0.50
     5 0.064020 0.10 0.05 1.00 0.45 5.00 0.50
     6 0.355192 0.10 0.10 1.00 0.65 1.00 0.25
     7 0.201622 0.10 0.10 1.00 0.65 1.00 0.25
    11 0.219157 0.10 0.10 0.75 0.60 0.50 0.30
  59 4
     6 0.102409 0.10 0.10 1.00 0.65 1.00 0.25
     7 0.073615 0.10 0.10 1.00 0.65 1.00 0.25
    10 0.038387 0.10 0.10 1.00 0.70 0.50 0.20
    11 0.785590 0.10 0.10 0.75 0.60 0.50 0.30
  60 4
     1 0.025600 0.10 0.05 1.00 0.45 5.00 0.50
     6 0.147236 0.10 0.10 1.00 0.65 1.00 0.25
     7 0.140832 0.10 0.10 1.00 0.65 1.00 0.25
    11 0.686331 0.10 0.10 0.75 0.60 0.50 0.30
  61 4
     6 0.019205 0.10 0.10 1.00 0.65 1.00 0.25
     7 0.179211 0.10 0.10 1.00 0.65 1.00 0.25
    10 0.102427 0.10 0.10 1.00 0.70 0.50 0.20
    11 0.561582 0.10 0.10 0.75 0.60 0.50 0.30
  62 3
     7 0.191214 0.10 0.10 1.00 0.65 1.00 0.25
    10 0.091879 0.10 0.10 1.00 0.70 0.50 0.20
    11 0.655802 0.10 0.10 0.75 0.60 0.50 0.30
  63 5
     4 0.105206 0.10 0.05 1.00 0.45 5.00 0.50
     5 0.233619 0.10 0.05 1.00 0.45 5.00 0.50
     6 0.205448 0.10 0.10 1.00 0.65 1.00 0.25
     7 0.267725 0.10 0.10 1.00 0.65 1.00 0.25
    11 0.188001 0.10 0.10 0.75 0.60 0.50 0.30
  64 6
     1 0.208890 0.10 0.05 1.00 0.45 5.00 0.50
     4 0.007737 0.10 0.05 1.00 0.45 5.00 0.50
     5 0.193406 0.10 0.05 1.00 0.45 5.00 0.50
     6 0.378171 0.10 0.10 1.00 0.65 1.00 0.25
     7 0.079931 0.10 0.10 1.00 0.65 1.00 0.25
    11 0.131866 0.10 0.10 0.75 0.60 0.50 0.30
  65 6
     1 0.025608 0.10 0.05 1.00 0.45 5.00 0.50
     4 0.044811 0.10 0.05 1.00 0.45 5.00 0.50
     5 0.070404 0.10 0.05 1.00 0.45 5.00 0.50
     6 0.332818 0.10 0.10 1.00 0.65 1.00 0.25
     7 0.160015 0.10 0.10 1.00 0.65 1.00 0.25
    11 0.366344 0.10 0.10 0.75 0.60 0.50 0.30
  66 4
     1 0.025591 0.10 0.05 1.00 0.45 5.00 0.50
     6 0.428813 0.10 0.10 1.00 0.65 1.00 0.25
     7 0.332799 0.10 0.10 1.00 0.65 1.00 0.25
    11 0.212796 0.10 0.10 0.75 0.60 0.50 0.30
  67 3
     6 0.140768 0.10 0.10 1.00 0.65 1.00 0.25
     7 0.108790 0.10 0.10 1.00 0.65 1.00 0.25
    11 0.737637 0.10 0.10 0.75 0.60 0.50 0.30
  68 3
     6 0.168039 0.10 0.10 1.00 0.65 1.00 0.25
     7 0.153603 0.10 0.10 1.00 0.65 1.00 0.25
    11 0.678358 0.10 0.10 0.75 0.60 0.50 0.30
  69 3
     6 0.334417 0.10 0.10 1.00 0.65 1.00 0.25
     7 0.435204 0.10 0.10 1.00 0.65 1.00 0.25
    11 0.230379 0.10 0.10 0.75 0.60 0.50 0.30
  70 3
     6 0.156828 0.10 0.10 1.00 0.65 1.00 0.25
     7 0.339191 0.10 0.10 1.00 0.65 1.00 0.25
    11 0.503981 0.10 0.10 0.75 0.60 0.50 0.30
  71 4
     6 0.102408 0.10 0.10 1.00 0.65 1.00 0.25
     7 0.448003 0.10 0.10 1.00 0.65 1.00 0.25
    10 0.012805 0.10 0.10 1.00 0.70 0.50 0.20
    11 0.436783 0.10 0.10 0.75 0.60 0.50 0.30
  72 3
     6 0.076810 0.10 0.10 1.00 0.65 1.00 0.25
     7 0.358368 0.10 0.10 1.00 0.65 1.00 0.25
    11 0.564822 0.10 0.10 0.75 0.60 0.50 0.30
  73 2
    10 0.025608 0.10 0.10 1.00 0.70 0.50 0.20
    11 0.804748 0.10 0.10 0.75 0.60 0.50 0.30
  74 2
     7 0.105530 0.10 0.10 1.00 0.65 1.00 0.25
    11 0.789064 0.10 0.10 0.75 0.60 0.50 0.30
  75 3
     6 0.762460 0.10 0.10 1.00 0.65 1.00 0.25
     7 0.234900 0.10 0.10 1.00 0.65 1.00 0.25
    11 0.002640 0.10 0.10 0.75 0.60 0.50 0.30
  76 3
     6 0.045681 0.10 0.10 1.00 0.65 1.00 0.25
     7 0.441202 0.10 0.10 1.00 0.65 1.00 0.25
    11 0.513117 0.10 0.10 0.75 0.60 0.50 0.30
  77 3
     6 0.121103 0.10 0.10 1.00 0.65 1.00 0.25
     7 0.077595 0.10 0.10 1.00 0.65 1.00 0.25
    11 0.801303 0.10 0.10 0.75 0.60 0.50 0.30
  78 3
     6 0.130300 0.10 0.10 1.00 0.65 1.00 0.25
     7 0.000247 0.10 0.10 1.00 0.65 1.00 0.25
    11 0.739740 0.10 0.10 0.75 0.60 0.50 0.30
  79 3
     6 0.007587 0.10 0.10 1.00 0.65 1.00 0.25
     7 0.053402 0.10 0.10 1.00 0.65 1.00 0.25
    11 0.939011 0.10 0.10 0.75 0.60 0.50 0.30
  80 3
     6 0.132081 0.10 0.10 1.00 0.65 1.00 0.25
     7 0.328413 0.10 0.10 1.00 0.65 1.00 0.25
    11 0.539505 0.10 0.10 0.75 0.60 0.50 0.30
  81 3
     6 0.025967 0.10 0.10 1.00 0.65 1.00 0.25
     7 0.012983 0.10 0.10 1.00 0.65 1.00 0.25
    11 0.961050 0.10 0.10 0.75 0.60 0.50 0.30
  82 3
     7 0.076803 0.10 0.10 1.00 0.65 1.00 0.25
    10 0.025609 0.10 0.10 1.00 0.70 0.50 0.20
    11 0.897589 0.10 0.10 0.75 0.60 0.50 0.30
  83 2
     7 0.051217 0.10 0.10 1.00 0.65 1.00 0.25
    11 0.948783 0.10 0.10 0.75 0.60 0.50 0.30
  84 3
     7 0.005179 0.10 0.10 1.00 0.65 1.00 0.25
    10 0.039511 0.10 0.10 1.00 0.70 0.50 0.20
    11 0.955310 0.10 0.10 0.75 0.60 0.50 0.30
  85 5
     5 0.053112 0.10 0.05 1.00 0.45 5.00 0.50
     6 0.061080 0.10 0.10 1.00 0.65 1.00 0.25
     7 0.119997 0.10 0.10 1.00 0.65 1.00 0.25
    10 0.059742 0.10 0.10 1.00 0.70 0.50 0.20
    11 0.706069 0.10 0.10 0.75 0.60 0.50 0.30
  86 1
     7 1.000000 0.10 0.10 1.00 0.65 1.00 0.25
  87 3
     6 0.525153 0.10 0.10 1.00 0.65 1.00 0.25
     7 0.375408 0.10 0.10 1.00 0.65 1.00 0.25
    11 0.099439 0.10 0.10 0.75 0.60 0.50 0.30
  88 1
    11 1.000000 0.10 0.10 0.75 0.60 0.50 0.30
  89 2
     7 0.020080 0.10 0.10 1.00 0.65 1.00 0.25
    11 0.979920 0.10 0.10 0.75 0.60 0.50 0.30
  90 3
     7 0.003757 0.10 0.10 1.00 0.65 1.00 0.25
    10 0.042536 0.10 0.10 1.00 0.70 0.50 0.20
    11 0.906744 0.10 0.10 0.75 0.60 0.50 0.30
  91 3
     7 0.135435 0.10 0.10 1.00 0.65 1.00 0.25
    10 0.102258 0.10 0.10 1.00 0.70 0.50 0.20
    11 0.694601 0.10 0.10 0.75 0.60 0.50 0.30
  92 3
     6 0.006095 0.10 0.10 1.00 0.65 1.00 0.25
     7 0.343601 0.10 0.10 1.00 0.65 1.00 0.25
    11 0.299381 0.10 0.10 0.75 0.60 0.50 0.30
