-10.875	23.375	0.02321218	1086952.12500000	99.00000000	0.00100000	0.50000000	595.52709749	4
-10.875	23.625	0.01773330	1090547.25000000	99.00000000	0.00100000	0.50000000	595.52709749	4
-10.875	23.875	0.02485432	1091649.90200000	99.00000000	0.00100000	0.50000000	595.52709749	4
-10.875	24.125	0.04888370	1120061.03500000	99.00000000	0.00100000	0.50000000	595.52709749	4
-11.125	21.625	0.02305365	1020542.41900000	99.00000000	0.00100000	0.50000000	595.52709749	4
-11.125	21.875	0.10303461	998387.26810000	99.00000000	0.00100000	0.50000000	595.52709749	4
-11.125	22.125	0.05912861	996414.18460000	99.00000000	0.00100000	0.50000000	595.52709749	4
-11.125	22.375	0.04611244	991061.27930000	99.00000000	0.00100000	0.50000000	595.52709749	4
-11.125	22.625	0.16633828	998571.71630000	99.00000000	0.00100000	0.50000000	595.52709749	4
-11.125	22.875	0.14637564	992291.07670000	99.00000000	0.00100000	0.50000000	595.52709749	4
-11.125	23.125	0.13764535	998610.71780000	99.00000000	0.00100000	0.50000000	595.52709749	4
-11.125	23.375	0.21534034	1041107.42200000	99.00000000	0.00100000	0.50000000	595.52709749	4
-11.125	23.625	0.22514889	1043951.53800000	99.00000000	0.00100000	0.50000000	595.52709749	4
-11.125	23.875	0.21970733	1056103.88200000	99.00000000	0.00100000	0.50000000	595.52709749	4
-11.125	24.125	0.21219264	1101932.61700000	99.00000000	0.00100000	0.50000000	595.52709749	4
-11.125	24.375	0.09799222	1137246.82600000	99.00000000	0.00100000	0.50000000	595.52709749	4
-11.125	25.125	0.00976578	1168824.95100000	23.24111529	0.99900000	0.50000000	1096.00924770	6
-11.125	25.375	0.01944914	1198067.26100000	23.24111529	0.99900000	0.50000000	1096.00924770	6
-11.375	20.125	0.02742866	1199109.86300000	99.00000000	0.00100000	0.50000000	595.52709749	4
-11.375	20.375	0.10659588	1166024.41400000	99.00000000	0.00100000	0.50000000	595.52709749	4
-11.375	20.625	0.03494674	1145906.49400000	99.00000000	0.00100000	0.50000000	595.52709749	4
-11.375	20.875	0.00054859	1128569.70200000	99.00000000	0.00100000	0.50000000	595.52709749	4
-11.375	21.125	0.00007830	1065883.17900000	99.00000000	0.00100000	0.50000000	595.52709749	4
-11.375	21.375	0.07028511	1030952.39300000	99.00000000	0.00100000	0.50000000	595.52709749	4
-11.375	21.625	0.17616827	996764.89260000	99.00000000	0.00100000	0.50000000	595.52709749	4
-11.375	21.875	0.22570649	971398.01030000	99.00000000	0.00100000	0.50000000	595.52709749	4
-11.375	22.125	0.22444363	955115.47850000	99.00000000	0.00100000	0.50000000	595.52709749	4
-11.375	22.375	0.22342309	958135.92530000	99.00000000	0.00100000	0.50000000	595.52709749	4
-11.375	22.625	0.22570657	958607.48290000	99.00000000	0.00100000	0.50000000	595.52709749	4
-11.375	22.875	0.22570659	957839.59960000	99.00000000	0.00100000	0.50000000	595.52709749	4
-11.375	23.125	0.22570661	976063.96480000	99.00000000	0.00100000	0.50000000	595.52709749	4
-11.375	23.375	0.22570663	986178.64990000	99.00000000	0.00100000	0.50000000	595.52709749	4
-11.375	23.625	0.22570665	1010978.45500000	99.00000000	0.00100000	0.50000000	595.52709749	4
-11.375	23.875	0.22570667	1047235.47400000	99.00000000	0.00100000	0.50000000	595.52709749	4
-11.375	24.125	0.22570669	1081487.06100000	23.24111529	0.99900000	0.50000000	1096.00924770	6
-11.375	24.375	0.12702706	1086907.34900000	23.24111529	0.99900000	0.50000000	1096.00924770	6
-11.375	24.625	0.09436521	1085325.43900000	23.24111529	0.99900000	0.50000000	1096.00924770	6
-11.375	24.875	0.19782980	1113225.09800000	23.24111529	0.99900000	0.50000000	1096.00924770	6
-11.375	25.125	0.22559812	1144936.15700000	23.24111529	0.99900000	0.50000000	1096.00924770	6
-11.375	25.375	0.04954418	1186881.71400000	23.24111529	0.99900000	0.50000000	1096.00924770	6
-11.625	19.375	0.00054830	1303007.20200000	99.00000000	0.00100000	0.50000000	595.52709749	4
-11.625	19.625	0.05801316	1265551.75800000	99.00000000	0.00100000	0.50000000	595.52709749	4
-11.625	19.875	0.12031867	1198909.91200000	99.00000000	0.00100000	0.50000000	595.52709749	4
-11.625	20.125	0.21150973	1165249.39000000	99.00000000	0.00100000	0.50000000	595.52709749	4
-11.625	20.375	0.22550600	1148623.29100000	99.00000000	0.00100000	0.50000000	595.52709749	4
-11.625	20.625	0.22125046	1113156.86000000	99.00000000	0.00100000	0.50000000	595.52709749	4
-11.625	20.875	0.20504696	1064971.19100000	99.00000000	0.00100000	0.50000000	595.52709749	4
-11.625	21.125	0.16212459	1059380.00500000	99.00000000	0.00100000	0.50000000	595.52709749	4
-11.625	21.375	0.22550612	1024153.44200000	99.00000000	0.00100000	0.50000000	595.52709749	4
-11.625	21.625	0.22550615	987816.46730000	99.00000000	0.00100000	0.50000000	595.52709749	4
-11.625	21.875	0.22550618	950536.80420000	99.00000000	0.00100000	0.50000000	595.52709749	4
-11.625	22.125	0.22550620	921878.29590000	99.00000000	0.00100000	0.50000000	595.52709749	4
-11.625	22.375	0.22550623	919322.38770000	99.00000000	0.00100000	0.50000000	595.52709749	4
-11.625	22.625	0.22550625	922981.56740000	99.00000000	0.00100000	0.50000000	595.52709749	4
-11.625	22.875	0.22550628	924602.47800000	99.00000000	0.00100000	0.50000000	595.52709749	4
-11.625	23.125	0.22550630	941420.77640000	99.00000000	0.00100000	0.50000000	595.52709749	4
-11.625	23.375	0.22550632	971469.84860000	99.00000000	0.00100000	0.50000000	595.52709749	4
-11.625	23.625	0.22550634	1008501.95300000	99.00000000	0.00100000	0.50000000	595.52709749	4
-11.625	23.875	0.22550636	1046524.41400000	99.00000000	0.00100000	0.50000000	595.52709749	4
-11.625	24.125	0.22550638	1074235.84000000	23.24111529	0.99900000	0.50000000	1096.00924770	6
-11.625	24.375	0.22550640	1046072.14400000	23.24111529	0.99900000	0.50000000	1096.00924770	6
-11.625	24.625	0.22550642	1044450.19500000	23.24111529	0.99900000	0.50000000	1096.00924770	6
-11.625	24.875	0.22550644	1096813.84300000	23.24111529	0.99900000	0.50000000	1096.00924770	6
-11.625	25.125	0.22550645	1097244.87300000	23.24111529	0.99900000	0.50000000	1096.00924770	6
-11.625	25.375	0.11812551	1096589.72200000	23.24111529	0.99900000	0.50000000	1096.00924770	6
-11.625	25.625	0.00471424	1143840.94200000	23.24111529	0.99900000	0.50000000	1096.00924770	6
-11.875	19.125	0.01564706	1176689.33100000	61.60834171	0.00100000	0.50000000	3449.36842676	2
-11.875	19.375	0.11031349	1160702.02600000	99.00000000	0.00100000	0.50000000	595.52709749	4
-11.875	19.625	0.22533035	1235558.47200000	99.00000000	0.00100000	0.50000000	595.52709749	4
-11.875	19.875	0.22530132	1199580.93300000	99.00000000	0.00100000	0.50000000	595.52709749	4
-11.875	20.125	0.22530136	1152993.40800000	99.00000000	0.00100000	0.50000000	595.52709749	4
-11.875	20.375	0.22530139	1119557.00700000	99.00000000	0.00100000	0.50000000	595.52709749	4
-11.875	20.625	0.22530143	1081046.50900000	99.00000000	0.00100000	0.50000000	595.52709749	4
-11.875	20.875	0.22530146	1060169.31200000	99.00000000	0.00100000	0.50000000	595.52709749	4
-11.875	21.125	0.22530149	1015491.45500000	99.00000000	0.00100000	0.50000000	595.52709749	4
-11.875	21.375	0.22530152	991147.09470000	99.00000000	0.00100000	0.50000000	595.52709749	4
-11.875	21.625	0.22530155	978940.30760000	99.00000000	0.00100000	0.50000000	595.52709749	4
-11.875	21.875	0.22530157	944169.43360000	99.00000000	0.00100000	0.50000000	595.52709749	4
-11.875	22.125	0.22530160	904349.12110000	99.00000000	0.00100000	0.50000000	595.52709749	4
-11.875	22.375	0.22530163	881634.27730000	99.00000000	0.00100000	0.50000000	595.52709749	4
-11.875	22.625	0.22530165	891142.08980000	99.00000000	0.00100000	0.50000000	595.52709749	4
-11.875	22.875	0.22530167	887786.31590000	99.00000000	0.00100000	0.50000000	595.52709749	4
-11.875	23.125	0.22530170	915247.00930000	99.00000000	0.00100000	0.50000000	595.52709749	4
-11.875	23.375	0.22530172	960923.58400000	99.00000000	0.00100000	0.50000000	595.52709749	4
-11.875	23.625	0.22530174	1008693.60400000	99.00000000	0.00100000	0.50000000	595.52709749	4
-11.875	23.875	0.22530176	1036252.80800000	23.24111529	0.99900000	0.50000000	1096.00924770	6
-11.875	24.125	0.22530178	1016829.95600000	23.24111529	0.99900000	0.50000000	1096.00924770	6
-11.875	24.375	0.22530180	1002112.97600000	23.24111529	0.99900000	0.50000000	1096.00924770	6
-11.875	24.625	0.22530182	1015343.81100000	23.24111529	0.99900000	0.50000000	1096.00924770	6
-11.875	24.875	0.22530183	1061683.10500000	23.24111529	0.99900000	0.50000000	1096.00924770	6
-11.875	25.125	0.22530185	1061083.74000000	23.24111529	0.99900000	0.50000000	1096.00924770	6
-11.875	25.375	0.22449313	1067387.57300000	23.24111529	0.99900000	0.50000000	1096.00924770	6
-11.875	25.625	0.20494107	1107695.80100000	23.24111529	0.99900000	0.50000000	1096.00924770	6
-11.875	25.875	0.14027789	1116428.34500000	23.24111529	0.99900000	0.50000000	1096.00924770	6
-12.125	18.625	0.01489310	1233551.75800000	61.60834171	0.00100000	0.50000000	3449.36842676	2
-12.125	18.875	0.11750799	1194450.31700000	61.60834171	0.00100000	0.50000000	3449.36842676	2
-12.125	19.125	0.20500086	1159247.68100000	61.60834171	0.00100000	0.50000000	3449.36842676	2
-12.125	19.375	0.22509236	1123645.87400000	99.00000000	0.00100000	0.50000000	595.52709749	4
-12.125	19.625	0.22509240	1093500.97700000	99.00000000	0.00100000	0.50000000	595.52709749	4
-12.125	19.875	0.22509243	1073447.02100000	99.00000000	0.00100000	0.50000000	595.52709749	4
-12.125	20.125	0.22509247	1078192.87100000	99.00000000	0.00100000	0.50000000	595.52709749	4
-12.125	20.375	0.22509250	1116193.11500000	99.00000000	0.00100000	0.50000000	595.52709749	4
-12.125	20.625	0.22509253	1075381.95800000	99.00000000	0.00100000	0.50000000	595.52709749	4
-12.125	20.875	0.22509256	1039069.09200000	99.00000000	0.00100000	0.50000000	595.52709749	4
-12.125	21.125	0.22509260	1004489.99000000	99.00000000	0.00100000	0.50000000	595.52709749	4
-12.125	21.375	0.22509262	966802.73440000	99.00000000	0.00100000	0.50000000	595.52709749	4
-12.125	21.625	0.22509265	931943.90870000	99.00000000	0.00100000	0.50000000	595.52709749	4
-12.125	21.875	0.22509268	910020.44680000	99.00000000	0.00100000	0.50000000	595.52709749	4
-12.125	22.125	0.22509271	888481.20120000	99.00000000	0.00100000	0.50000000	595.52709749	4
-12.125	22.375	0.22509273	853885.68120000	99.00000000	0.00100000	0.50000000	595.52709749	4
-12.125	22.625	0.22509276	845152.40480000	99.00000000	0.00100000	0.50000000	595.52709749	4
-12.125	22.875	0.22509278	872877.86870000	99.00000000	0.00100000	0.50000000	595.52709749	4
-12.125	23.125	0.22509281	908408.02000000	99.00000000	0.00100000	0.50000000	595.52709749	4
-12.125	23.375	0.22509283	866828.36910000	23.24111529	0.99900000	0.50000000	1096.00924770	6
-12.125	23.625	0.22509285	846078.91850000	23.24111529	0.99900000	0.50000000	1096.00924770	6
-12.125	23.875	0.22509287	850649.10890000	23.24111529	0.99900000	0.50000000	1096.00924770	6
-12.125	24.125	0.22509289	973549.98780000	23.24111529	0.99900000	0.50000000	1096.00924770	6
-12.125	24.375	0.22509291	964873.29100000	23.24111529	0.99900000	0.50000000	1096.00924770	6
-12.125	24.625	0.22509293	971560.54690000	23.24111529	0.99900000	0.50000000	1096.00924770	6
-12.125	24.875	0.22509294	1021455.20000000	23.24111529	0.99900000	0.50000000	1096.00924770	6
-12.125	25.125	0.22509296	1023148.92600000	23.24111529	0.99900000	0.50000000	1096.00924770	6
-12.125	25.375	0.22509298	1033862.91500000	23.24111529	0.99900000	0.50000000	1096.00924770	6
-12.125	25.625	0.22509299	1070863.64700000	23.24111529	0.99900000	0.50000000	1096.00924770	6
-12.125	25.875	0.20620962	1080299.43800000	23.24111529	0.99900000	0.50000000	1096.00924770	6
-12.125	26.125	0.00684307	1116868.16400000	23.24111529	0.99900000	0.50000000	1096.00924770	6
-12.375	18.375	0.02272412	1273795.53200000	61.60834171	0.00100000	0.50000000	3449.36842676	2
-12.375	18.625	0.17935438	1235996.46000000	61.60834171	0.00100000	0.50000000	3449.36842676	2
-12.375	18.875	0.22487911	1199347.90000000	61.60834171	0.00100000	0.50000000	3449.36842676	2
-12.375	19.125	0.22487915	1156211.91400000	61.60834171	0.00100000	0.50000000	3449.36842676	2
-12.375	19.375	0.22487918	1119850.83000000	61.60834171	0.00100000	0.50000000	3449.36842676	2
-12.375	19.625	0.22487922	1084169.06700000	61.60834171	0.00100000	0.50000000	3449.36842676	2
-12.375	19.875	0.22487926	1047216.91900000	61.60834171	0.00100000	0.50000000	3449.36842676	2
-12.375	20.125	0.22487929	1015713.62300000	99.00000000	0.00100000	0.50000000	595.52709749	4
-12.375	20.375	0.22487932	1011838.62300000	99.00000000	0.00100000	0.50000000	595.52709749	4
-12.375	20.625	0.22487936	1080471.31300000	99.00000000	0.00100000	0.50000000	595.52709749	4
-12.375	20.875	0.22487939	1045828.12500000	99.00000000	0.00100000	0.50000000	595.52709749	4
-12.375	21.125	0.22487942	1003179.68800000	99.00000000	0.00100000	0.50000000	595.52709749	4
-12.375	21.375	0.22487945	966371.15480000	99.00000000	0.00100000	0.50000000	595.52709749	4
-12.375	21.625	0.22487948	928804.01610000	99.00000000	0.00100000	0.50000000	595.52709749	4
-12.375	21.875	0.22487950	890877.31930000	99.00000000	0.00100000	0.50000000	595.52709749	4
-12.375	22.125	0.22487953	842845.70310000	99.00000000	0.00100000	0.50000000	595.52709749	4
-12.375	22.375	0.22487956	823191.77250000	99.00000000	0.00100000	0.50000000	595.52709749	4
-12.375	22.625	0.22487958	814107.66600000	99.00000000	0.00100000	0.50000000	595.52709749	4
-12.375	22.875	0.22487961	813948.73050000	99.00000000	0.00100000	0.50000000	595.52709749	4
-12.375	23.125	0.22487963	835264.09910000	99.00000000	0.00100000	0.50000000	595.52709749	4
-12.375	23.375	0.22487965	840165.22220000	23.24111529	0.99900000	0.50000000	1096.00924770	6
-12.375	23.625	0.22487967	809189.94140000	23.24111529	0.99900000	0.50000000	1096.00924770	6
-12.375	23.875	0.22487969	813171.02050000	23.24111529	0.99900000	0.50000000	1096.00924770	6
-12.375	24.125	0.22487971	904357.66600000	23.24111529	0.99900000	0.50000000	1096.00924770	6
-12.375	24.375	0.22487973	927593.62790000	23.24111529	0.99900000	0.50000000	1096.00924770	6
-12.375	24.625	0.22487975	921058.10550000	23.24111529	0.99900000	0.50000000	1096.00924770	6
-12.375	24.875	0.22487977	977831.84810000	23.24111529	0.99900000	0.50000000	1096.00924770	6
-12.375	25.125	0.22487979	984703.00290000	23.24111529	0.99900000	0.50000000	1096.00924770	6
-12.375	25.375	0.22487980	983065.18550000	23.24111529	0.99900000	0.50000000	1096.00924770	6
-12.375	25.625	0.22487982	1010286.07200000	23.24111529	0.99900000	0.50000000	1096.00924770	6
-12.375	25.875	0.20856340	1045041.13800000	23.24111529	0.99900000	0.50000000	1096.00924770	6
-12.375	26.125	0.03006271	1085061.27900000	23.24111529	0.99900000	0.50000000	1096.00924770	6
-12.625	18.375	0.08489751	1273795.53200000	61.60834171	0.00100000	0.50000000	3449.36842676	2
-12.625	18.625	0.22466161	1237602.53900000	61.60834171	0.00100000	0.50000000	3449.36842676	2
-12.625	18.875	0.22466165	1203462.64600000	61.60834171	0.00100000	0.50000000	3449.36842676	2
-12.625	19.125	0.22466169	1167932.61700000	61.60834171	0.00100000	0.50000000	3449.36842676	2
-12.625	19.375	0.22466173	1125107.91000000	61.60834171	0.00100000	0.50000000	3449.36842676	2
-12.625	19.625	0.22466176	1081149.17000000	61.60834171	0.00100000	0.50000000	3449.36842676	2
-12.625	19.875	0.22466180	1039467.04100000	61.60834171	0.00100000	0.50000000	3449.36842676	2
-12.625	20.125	0.22466183	1004512.20700000	61.60834171	0.00100000	0.50000000	3449.36842676	2
-12.625	20.375	0.22466187	969948.91360000	99.00000000	0.00100000	0.50000000	595.52709749	4
-12.625	20.625	0.22466190	938253.78420000	99.00000000	0.00100000	0.50000000	595.52709749	4
-12.625	20.875	0.22466193	909786.31590000	99.00000000	0.00100000	0.50000000	595.52709749	4
-12.625	21.125	0.22466196	901612.18260000	99.00000000	0.00100000	0.50000000	595.52709749	4
-12.625	21.375	0.22466199	960059.87550000	99.00000000	0.00100000	0.50000000	595.52709749	4
-12.625	21.625	0.22466202	928258.17870000	99.00000000	0.00100000	0.50000000	595.52709749	4
-12.625	21.875	0.22466205	873523.13230000	99.00000000	0.00100000	0.50000000	595.52709749	4
-12.625	22.125	0.22466207	834397.03370000	99.00000000	0.00100000	0.50000000	595.52709749	4
-12.625	22.375	0.22466210	804583.37400000	99.00000000	0.00100000	0.50000000	595.52709749	4
-12.625	22.625	0.22466212	776093.50590000	99.00000000	0.00100000	0.50000000	595.52709749	4
-12.625	22.875	0.22466215	780256.65280000	99.00000000	0.00100000	0.50000000	595.52709749	4
-12.625	23.125	0.22466217	803243.16410000	99.00000000	0.00100000	0.50000000	595.52709749	4
-12.625	23.375	0.22466220	776103.39360000	23.24111529	0.99900000	0.50000000	1096.00924770	6
-12.625	23.625	0.22466222	773836.48680000	23.24111529	0.99900000	0.50000000	1096.00924770	6
-12.625	23.875	0.22466224	785038.51320000	23.24111529	0.99900000	0.50000000	1096.00924770	6
-12.625	24.125	0.22466226	866030.82280000	23.24111529	0.99900000	0.50000000	1096.00924770	6
-12.625	24.375	0.22466228	867996.58200000	23.24111529	0.99900000	0.50000000	1096.00924770	6
-12.625	24.625	0.22466230	878480.46880000	23.24111529	0.99900000	0.50000000	1096.00924770	6
-12.625	24.875	0.22466232	929143.06640000	23.24111529	0.99900000	0.50000000	1096.00924770	6
-12.625	25.125	0.22466233	929894.10400000	23.24111529	0.99900000	0.50000000	1096.00924770	6
-12.625	25.375	0.22466235	957035.03420000	23.24111529	0.99900000	0.50000000	1096.00924770	6
-12.625	25.625	0.22466237	992605.10250000	23.24111529	0.99900000	0.50000000	1096.00924770	6
-12.625	25.875	0.22466238	1031738.40300000	23.24111529	0.99900000	0.50000000	1096.00924770	6
-12.625	26.125	0.03964835	1071966.18700000	23.24111529	0.99900000	0.50000000	1096.00924770	6
-12.875	18.375	0.01323299	1287306.27400000	61.60834171	0.00100000	0.50000000	3449.36842676	2
-12.875	18.625	0.14119865	1246958.37400000	61.60834171	0.00100000	0.50000000	3449.36842676	2
-12.875	18.875	0.22443992	1208879.63900000	61.60834171	0.00100000	0.50000000	3449.36842676	2
-12.875	19.125	0.20141583	1114060.91300000	61.60834171	0.00100000	0.50000000	3449.36842676	2
-12.875	19.375	0.22209460	1082517.57800000	61.60834171	0.00100000	0.50000000	3449.36842676	2
-12.875	19.625	0.22444003	1053930.42000000	61.60834171	0.00100000	0.50000000	3449.36842676	2
-12.875	19.875	0.22444007	1031823.12000000	61.60834171	0.00100000	0.50000000	3449.36842676	2
-12.875	20.125	0.22444010	992102.41700000	61.60834171	0.00100000	0.50000000	3449.36842676	2
-12.875	20.375	0.22444013	959560.54690000	61.60834171	0.00100000	0.50000000	3449.36842676	2
-12.875	20.625	0.22444017	927729.55320000	61.60834171	0.00100000	0.50000000	3449.36842676	2
-12.875	20.875	0.22444020	896857.29980000	61.60834171	0.00100000	0.50000000	3449.36842676	2
-12.875	21.125	0.22444023	864892.39500000	99.00000000	0.00100000	0.50000000	595.52709749	4
-12.875	21.375	0.22444026	858356.44530000	99.00000000	0.00100000	0.50000000	595.52709749	4
-12.875	21.625	0.22444029	880896.30130000	99.00000000	0.00100000	0.50000000	595.52709749	4
-12.875	21.875	0.22444031	891267.57810000	99.00000000	0.00100000	0.50000000	595.52709749	4
-12.875	22.125	0.22444034	791690.30760000	99.00000000	0.00100000	0.50000000	595.52709749	4
-12.875	22.375	0.22444037	757839.29440000	99.00000000	0.00100000	0.50000000	595.52709749	4
-12.875	22.625	0.22444039	739982.17770000	99.00000000	0.00100000	0.50000000	595.52709749	4
-12.875	22.875	0.22444042	725394.71440000	99.00000000	0.00100000	0.50000000	595.52709749	4
-12.875	23.125	0.22444044	729038.26900000	99.00000000	0.00100000	0.50000000	595.52709749	4
-12.875	23.375	0.22444046	731457.45850000	23.24111529	0.99900000	0.50000000	1096.00924770	6
-12.875	23.625	0.22444048	734551.63570000	23.24111529	0.99900000	0.50000000	1096.00924770	6
-12.875	23.875	0.22444051	768578.06400000	23.24111529	0.99900000	0.50000000	1096.00924770	6
-12.875	24.125	0.22444053	833010.43700000	23.24111529	0.99900000	0.50000000	1096.00924770	6
-12.875	24.375	0.22444055	833321.53320000	23.24111529	0.99900000	0.50000000	1096.00924770	6
-12.875	24.625	0.22444057	842183.83790000	23.24111529	0.99900000	0.50000000	1096.00924770	6
-12.875	24.875	0.22444058	849854.79740000	23.24111529	0.99900000	0.50000000	1096.00924770	6
-12.875	25.125	0.22444060	883106.87260000	23.24111529	0.99900000	0.50000000	1096.00924770	6
-12.875	25.375	0.22444062	917438.17140000	23.24111529	0.99900000	0.50000000	1096.00924770	6
-12.875	25.625	0.22444064	954909.66800000	23.24111529	0.99900000	0.50000000	1096.00924770	6
-12.875	25.875	0.22444065	1031139.16000000	23.24111529	0.99900000	0.50000000	1096.00924770	6
-12.875	26.125	0.03867263	1070664.06300000	23.24111529	0.99900000	0.50000000	1096.00924770	6
-13.125	18.625	0.00035819	1277079.34600000	61.60834171	0.00100000	0.50000000	3449.36842676	2
-13.125	18.875	0.03568358	1241149.90200000	61.60834171	0.00100000	0.50000000	3449.36842676	2
-13.125	19.125	0.02495279	1242364.38000000	61.60834171	0.00100000	0.50000000	3449.36842676	2
-13.125	19.375	0.03617941	1082749.26800000	61.60834171	0.00100000	0.50000000	3449.36842676	2
-13.125	19.625	0.17260153	937995.11720000	81.85525130	0.10365661	0.50000000	350.51906424	3
-13.125	19.875	0.22421406	917014.34330000	81.85525130	0.10365661	0.50000000	350.51906424	3
-13.125	20.125	0.22421410	980553.34470000	61.60834171	0.00100000	0.50000000	3449.36842676	2
-13.125	20.375	0.22421413	941419.12840000	61.60834171	0.00100000	0.50000000	3449.36842676	2
-13.125	20.625	0.22421416	911521.36230000	61.60834171	0.00100000	0.50000000	3449.36842676	2
-13.125	20.875	0.22421419	884996.52100000	61.60834171	0.00100000	0.50000000	3449.36842676	2
-13.125	21.125	0.22421422	850212.21920000	61.60834171	0.00100000	0.50000000	3449.36842676	2
-13.125	21.375	0.22421425	815682.86130000	99.00000000	0.00100000	0.50000000	595.52709749	4
-13.125	21.625	0.22421428	801373.35210000	99.00000000	0.00100000	0.50000000	595.52709749	4
-13.125	21.875	0.22421431	825948.36430000	99.00000000	0.00100000	0.50000000	595.52709749	4
-13.125	22.125	0.22421434	736520.62990000	99.00000000	0.00100000	0.50000000	595.52709749	4
-13.125	22.375	0.22421436	709281.61620000	99.00000000	0.00100000	0.50000000	595.52709749	4
-13.125	22.625	0.22421439	689915.52730000	99.00000000	0.00100000	0.50000000	595.52709749	4
-13.125	22.875	0.22421441	681642.27290000	99.00000000	0.00100000	0.50000000	595.52709749	4
-13.125	23.125	0.22421443	677280.57860000	23.24111529	0.99900000	0.50000000	1096.00924770	6
-13.125	23.375	0.22421446	691053.95510000	23.24111529	0.99900000	0.50000000	1096.00924770	6
-13.125	23.625	0.22421448	713001.34280000	23.24111529	0.99900000	0.50000000	1096.00924770	6
-13.125	23.875	0.22421450	724107.42190000	23.24111529	0.99900000	0.50000000	1096.00924770	6
-13.125	24.125	0.22421452	776371.46000000	23.24111529	0.99900000	0.50000000	1096.00924770	6
-13.125	24.375	0.22421454	798398.25440000	23.24111529	0.99900000	0.50000000	1096.00924770	6
-13.125	24.625	0.22421456	804136.59670000	23.24111529	0.99900000	0.50000000	1096.00924770	6
-13.125	24.875	0.22421458	829102.11180000	23.24111529	0.99900000	0.50000000	1096.00924770	6
-13.125	25.125	0.22421460	878632.62940000	23.24111529	0.99900000	0.50000000	1096.00924770	6
-13.125	25.375	0.22421462	917438.17140000	23.24111529	0.99900000	0.50000000	1096.00924770	6
-13.125	25.625	0.22421463	958960.32710000	23.24111529	0.99900000	0.50000000	1096.00924770	6
-13.125	25.875	0.10582980	1013687.98800000	23.24111529	0.99900000	0.50000000	1096.00924770	6
-13.125	26.125	0.01313715	1081849.60900000	23.24111529	0.99900000	0.50000000	1096.00924770	6
-13.375	19.625	0.00605476	936820.67870000	81.85525130	0.10365661	0.50000000	350.51906424	3
-13.375	19.875	0.14539415	898246.64310000	81.85525130	0.10365661	0.50000000	350.51906424	3
-13.375	20.125	0.22276511	864571.41110000	81.85525130	0.10365661	0.50000000	350.51906424	3
-13.375	20.375	0.22398386	841346.61870000	81.85525130	0.10365661	0.50000000	350.51906424	3
-13.375	20.625	0.22398389	841442.50490000	81.85525130	0.10365661	0.50000000	350.51906424	3
-13.375	20.875	0.22398392	851741.14990000	61.60834171	0.00100000	0.50000000	3449.36842676	2
-13.375	21.125	0.22398395	821335.20510000	61.60834171	0.00100000	0.50000000	3449.36842676	2
-13.375	21.375	0.22398398	790009.15530000	61.60834171	0.00100000	0.50000000	3449.36842676	2
-13.375	21.625	0.22398401	758908.14210000	99.00000000	0.00100000	0.50000000	595.52709749	4
-13.375	21.875	0.22398404	735603.94290000	99.00000000	0.00100000	0.50000000	595.52709749	4
-13.375	22.125	0.22398406	704708.12990000	99.00000000	0.00100000	0.50000000	595.52709749	4
-13.375	22.375	0.22398409	684779.48000000	99.00000000	0.00100000	0.50000000	595.52709749	4
-13.375	22.625	0.22398412	655975.15870000	99.00000000	0.00100000	0.50000000	595.52709749	4
-13.375	22.875	0.22398414	649700.74460000	99.00000000	0.00100000	0.50000000	595.52709749	4
-13.375	23.125	0.22398416	640464.41650000	23.24111529	0.99900000	0.50000000	1096.00924770	6
-13.375	23.375	0.22398419	644971.67970000	23.24111529	0.99900000	0.50000000	1096.00924770	6
-13.375	23.625	0.22398421	674242.61470000	23.24111529	0.99900000	0.50000000	1096.00924770	6
-13.375	23.875	0.22398423	696640.07570000	99.00000000	0.00100000	0.50000000	595.52709749	4
-13.375	24.125	0.22398425	742464.17240000	23.24111529	0.99900000	0.50000000	1096.00924770	6
-13.375	24.375	0.22398427	756174.68260000	23.24111529	0.99900000	0.50000000	1096.00924770	6
-13.375	24.625	0.22398429	785750.06100000	23.24111529	0.99900000	0.50000000	1096.00924770	6
-13.375	24.875	0.22398431	821629.69970000	99.00000000	0.00100000	0.50000000	595.52709749	4
-13.375	25.125	0.22398433	913297.97360000	99.00000000	0.00100000	0.50000000	595.52709749	4
-13.375	25.375	0.22398435	941820.92290000	99.00000000	0.00100000	0.50000000	595.52709749	4
-13.375	25.625	0.20460682	966689.94140000	99.00000000	0.00100000	0.50000000	595.52709749	4
-13.375	25.875	0.00157110	1012705.32200000	99.00000000	0.00100000	0.50000000	595.52709749	4
-13.625	20.125	0.14323828	845430.23680000	81.85525130	0.10365661	0.50000000	350.51906424	3
-13.625	20.375	0.22374933	830111.51120000	81.85525130	0.10365661	0.50000000	350.51906424	3
-13.625	20.625	0.22374936	797140.62500000	81.85525130	0.10365661	0.50000000	350.51906424	3
-13.625	20.875	0.22374939	763008.36180000	81.85525130	0.10365661	0.50000000	350.51906424	3
-13.625	21.125	0.22374942	731844.54350000	81.85525130	0.10365661	0.50000000	350.51906424	3
-13.625	21.375	0.22374945	701779.35790000	81.85525130	0.10365661	0.50000000	350.51906424	3
-13.625	21.625	0.22374948	681966.49170000	81.85525130	0.10365661	0.50000000	350.51906424	3
-13.625	21.875	0.22374950	711912.53660000	61.60834171	0.00100000	0.50000000	3449.36842676	2
-13.625	22.125	0.22374953	679140.31980000	61.60834171	0.00100000	0.50000000	3449.36842676	2
-13.625	22.375	0.22374955	656345.76420000	99.00000000	0.00100000	0.50000000	595.52709749	4
-13.625	22.625	0.22374958	632293.70120000	99.00000000	0.00100000	0.50000000	595.52709749	4
-13.625	22.875	0.22374960	616769.65330000	99.00000000	0.00100000	0.50000000	595.52709749	4
-13.625	23.125	0.22374963	602370.84960000	99.00000000	0.00100000	0.50000000	595.52709749	4
-13.625	23.375	0.22374965	604697.26560000	99.00000000	0.00100000	0.50000000	595.52709749	4
-13.625	23.625	0.22374967	642655.15140000	99.00000000	0.00100000	0.50000000	595.52709749	4
-13.625	23.875	0.22374969	664539.67290000	99.00000000	0.00100000	0.50000000	595.52709749	4
-13.625	24.125	0.22374972	697497.19240000	23.24111529	0.99900000	0.50000000	1096.00924770	6
-13.625	24.375	0.22374974	725014.16020000	23.24111529	0.99900000	0.50000000	1096.00924770	6
-13.625	24.625	0.22374976	776609.68020000	99.00000000	0.00100000	0.50000000	595.52709749	4
-13.625	24.875	0.22374978	824323.48630000	99.00000000	0.00100000	0.50000000	595.52709749	4
-13.625	25.125	0.22374980	878510.25390000	99.00000000	0.00100000	0.50000000	595.52709749	4
-13.625	25.375	0.22374981	918624.20650000	99.00000000	0.00100000	0.50000000	595.52709749	4
-13.625	25.625	0.06337466	953387.32910000	99.00000000	0.00100000	0.50000000	595.52709749	4
-13.875	20.125	0.01409266	831997.74170000	81.85525130	0.10365661	0.50000000	350.51906424	3
-13.875	20.375	0.22090955	798666.25980000	81.85525130	0.10365661	0.50000000	350.51906424	3
-13.875	20.625	0.22351057	769408.63040000	81.85525130	0.10365661	0.50000000	350.51906424	3
-13.875	20.875	0.22351060	736116.88230000	81.85525130	0.10365661	0.50000000	350.51906424	3
-13.875	21.125	0.22351063	706597.71730000	81.85525130	0.10365661	0.50000000	350.51906424	3
-13.875	21.375	0.22351066	678276.61130000	81.85525130	0.10365661	0.50000000	350.51906424	3
-13.875	21.625	0.22351068	649260.49800000	81.85525130	0.10365661	0.50000000	350.51906424	3
-13.875	21.875	0.22351071	623159.91210000	81.85525130	0.10365661	0.50000000	350.51906424	3
-13.875	22.125	0.22351074	624533.26420000	61.60834171	0.00100000	0.50000000	3449.36842676	2
-13.875	22.375	0.22351076	611348.87700000	61.60834171	0.00100000	0.50000000	3449.36842676	2
-13.875	22.625	0.22351079	599508.17870000	99.00000000	0.00100000	0.50000000	595.52709749	4
-13.875	22.875	0.22351081	585076.29390000	99.00000000	0.00100000	0.50000000	595.52709749	4
-13.875	23.125	0.22351083	569135.37600000	99.00000000	0.00100000	0.50000000	595.52709749	4
-13.875	23.375	0.22351086	570253.90630000	99.00000000	0.00100000	0.50000000	595.52709749	4
-13.875	23.625	0.22351088	612024.10890000	99.00000000	0.00100000	0.50000000	595.52709749	4
-13.875	23.875	0.22351090	637423.09570000	99.00000000	0.00100000	0.50000000	595.52709749	4
-13.875	24.125	0.22351092	676052.79540000	99.00000000	0.00100000	0.50000000	595.52709749	4
-13.875	24.375	0.22351094	721608.82570000	99.00000000	0.00100000	0.50000000	595.52709749	4
-13.875	24.625	0.22351096	772813.96480000	99.00000000	0.00100000	0.50000000	595.52709749	4
-13.875	24.875	0.22351098	829605.10250000	99.00000000	0.00100000	0.50000000	595.52709749	4
-13.875	25.125	0.22351100	870895.50780000	99.00000000	0.00100000	0.50000000	595.52709749	4
-13.875	25.375	0.15980417	908054.87060000	99.00000000	0.00100000	0.50000000	595.52709749	4
-13.875	25.625	0.00141303	958724.30420000	99.00000000	0.00100000	0.50000000	595.52709749	4
-14.125	20.375	0.04916164	798338.62300000	81.85525130	0.10365661	0.50000000	350.51906424	3
-14.125	20.625	0.15464342	744727.72220000	81.85525130	0.10365661	0.50000000	350.51906424	3
-14.125	20.875	0.22326755	718282.95900000	81.85525130	0.10365661	0.50000000	350.51906424	3
-14.125	21.125	0.22326758	687698.24220000	81.85525130	0.10365661	0.50000000	350.51906424	3
-14.125	21.375	0.22326761	665426.51370000	81.85525130	0.10365661	0.50000000	350.51906424	3
-14.125	21.625	0.22326764	615058.71580000	81.85525130	0.10365661	0.50000000	350.51906424	3
-14.125	21.875	0.22326766	589563.72070000	81.85525130	0.10365661	0.50000000	350.51906424	3
-14.125	22.125	0.22326769	582220.33690000	81.85525130	0.10365661	0.50000000	350.51906424	3
-14.125	22.375	0.22326771	570816.40630000	61.60834171	0.00100000	0.50000000	3449.36842676	2
-14.125	22.625	0.22326774	549964.41650000	61.60834171	0.00100000	0.50000000	3449.36842676	2
-14.125	22.875	0.22326776	548763.18360000	99.00000000	0.00100000	0.50000000	595.52709749	4
-14.125	23.125	0.22326779	535995.78860000	99.00000000	0.00100000	0.50000000	595.52709749	4
-14.125	23.375	0.22326781	541277.46580000	99.00000000	0.00100000	0.50000000	595.52709749	4
-14.125	23.625	0.22326783	562424.07230000	99.00000000	0.00100000	0.50000000	595.52709749	4
-14.125	23.875	0.22326785	596735.04640000	99.00000000	0.00100000	0.50000000	595.52709749	4
-14.125	24.125	0.22326787	626879.57760000	99.00000000	0.00100000	0.50000000	595.52709749	4
-14.125	24.375	0.22326789	659125.61040000	99.00000000	0.00100000	0.50000000	595.52709749	4
-14.125	24.625	0.22326792	704688.29350000	99.00000000	0.00100000	0.50000000	595.52709749	4
-14.125	24.875	0.22326793	830108.15430000	99.00000000	0.00100000	0.50000000	595.52709749	4
-14.125	25.125	0.22326795	877550.53710000	99.00000000	0.00100000	0.50000000	595.52709749	4
-14.125	25.375	0.09170137	909988.64750000	99.00000000	0.00100000	0.50000000	595.52709749	4
-14.375	20.625	0.00356446	742368.22510000	81.85525130	0.10365661	0.50000000	350.51906424	3
-14.375	20.875	0.15055092	706485.29050000	81.85525130	0.10365661	0.50000000	350.51906424	3
-14.375	21.125	0.22302029	676433.28860000	81.85525130	0.10365661	0.50000000	350.51906424	3
-14.375	21.375	0.22302031	642102.47800000	81.85525130	0.10365661	0.50000000	350.51906424	3
-14.375	21.625	0.22302034	608986.08400000	81.85525130	0.10365661	0.50000000	350.51906424	3
-14.375	21.875	0.22302037	567679.19920000	81.85525130	0.10365661	0.50000000	350.51906424	3
-14.375	22.125	0.22302039	537855.65190000	81.85525130	0.10365661	0.50000000	350.51906424	3
-14.375	22.375	0.22302042	534602.60010000	81.85525130	0.10365661	0.50000000	350.51906424	3
-14.375	22.625	0.22302044	517629.08940000	61.60834171	0.00100000	0.50000000	3449.36842676	2
-14.375	22.875	0.22302047	509719.75710000	61.60834171	0.00100000	0.50000000	3449.36842676	2
-14.375	23.125	0.22302049	500433.89890000	99.00000000	0.00100000	0.50000000	595.52709749	4
-14.375	23.375	0.22302051	513873.04690000	99.00000000	0.00100000	0.50000000	595.52709749	4
-14.375	23.625	0.22302053	551824.27980000	61.60834171	0.00100000	0.50000000	3449.36842676	2
-14.375	23.875	0.22302056	573189.20900000	61.60834171	0.00100000	0.50000000	3449.36842676	2
-14.375	24.125	0.22302058	610852.60010000	99.00000000	0.00100000	0.50000000	595.52709749	4
-14.375	24.375	0.22302060	648803.83300000	99.00000000	0.00100000	0.50000000	595.52709749	4
-14.375	24.625	0.22302062	684706.66500000	99.00000000	0.00100000	0.50000000	595.52709749	4
-14.375	24.875	0.22302064	752547.66850000	99.00000000	0.00100000	0.50000000	595.52709749	4
-14.375	25.125	0.21806188	890380.98140000	99.00000000	0.00100000	0.50000000	595.52709749	4
-14.375	25.375	0.06159977	918617.00440000	99.00000000	0.00100000	0.50000000	595.52709749	4
-14.375	25.625	0.01263502	1032549.56100000	99.00000000	0.00100000	0.50000000	595.52709749	4
-14.625	20.875	0.03063446	686996.70410000	81.85525130	0.10365661	0.50000000	350.51906424	3
-14.625	21.125	0.21535481	649756.95800000	81.85525130	0.10365661	0.50000000	350.51906424	3
-14.625	21.375	0.22276877	620843.44480000	81.85525130	0.10365661	0.50000000	350.51906424	3
-14.625	21.625	0.22276880	587250.54930000	81.85525130	0.10365661	0.50000000	350.51906424	3
-14.625	21.875	0.22276883	556755.18800000	81.85525130	0.10365661	0.50000000	350.51906424	3
-14.625	22.125	0.22276885	521193.23730000	81.85525130	0.10365661	0.50000000	350.51906424	3
-14.625	22.375	0.22276888	493494.23220000	81.85525130	0.10365661	0.50000000	350.51906424	3
-14.625	22.625	0.22276890	480862.51830000	81.85525130	0.10365661	0.50000000	350.51906424	3
-14.625	22.875	0.22276892	464170.37960000	61.60834171	0.00100000	0.50000000	3449.36842676	2
-14.625	23.125	0.22276895	463515.13670000	61.60834171	0.00100000	0.50000000	3449.36842676	2
-14.625	23.375	0.22276897	496942.56590000	61.60834171	0.00100000	0.50000000	3449.36842676	2
-14.625	23.625	0.22276899	482993.77440000	61.60834171	0.00100000	0.50000000	3449.36842676	2
-14.625	23.875	0.22276901	562913.81840000	61.60834171	0.00100000	0.50000000	3449.36842676	2
-14.625	24.125	0.22276903	599170.71530000	61.60834171	0.00100000	0.50000000	3449.36842676	2
-14.625	24.375	0.22276905	651087.28030000	61.60834171	0.00100000	0.50000000	3449.36842676	2
-14.625	24.625	0.22276907	686536.68210000	61.60834171	0.00100000	0.50000000	3449.36842676	2
-14.625	24.875	0.22276909	748487.12160000	99.00000000	0.00100000	0.50000000	595.52709749	4
-14.625	25.125	0.22276911	791888.85500000	99.00000000	0.00100000	0.50000000	595.52709749	4
-14.625	25.375	0.21931320	846274.10890000	99.00000000	0.00100000	0.50000000	595.52709749	4
-14.625	25.625	0.03177030	1023721.13000000	99.00000000	0.00100000	0.50000000	595.52709749	4
-14.875	21.125	0.14111297	648135.37600000	81.85525130	0.10365661	0.50000000	350.51906424	3
-14.875	21.375	0.22251299	615012.39010000	81.85525130	0.10365661	0.50000000	350.51906424	3
-14.875	21.625	0.22251302	576862.60990000	81.85525130	0.10365661	0.50000000	350.51906424	3
-14.875	21.875	0.22251304	544841.67480000	81.85525130	0.10365661	0.50000000	350.51906424	3
-14.875	22.125	0.22251307	509104.30910000	81.85525130	0.10365661	0.50000000	350.51906424	3
-14.875	22.375	0.22251309	473446.41110000	81.85525130	0.10365661	0.50000000	350.51906424	3
-14.875	22.625	0.22251312	438188.90380000	81.85525130	0.10365661	0.50000000	350.51906424	3
-14.875	22.875	0.22251314	415834.44210000	61.60834171	0.00100000	0.50000000	3449.36842676	2
-14.875	23.125	0.22251316	413971.31350000	61.60834171	0.00100000	0.50000000	3449.36842676	2
-14.875	23.375	0.22251319	425980.80440000	61.60834171	0.00100000	0.50000000	3449.36842676	2
-14.875	23.625	0.22251321	464633.69750000	61.60834171	0.00100000	0.50000000	3449.36842676	2
-14.875	23.875	0.22251323	432033.50830000	61.60834171	0.00100000	0.50000000	3449.36842676	2
-14.875	24.125	0.22251325	435610.83980000	61.60834171	0.00100000	0.50000000	3449.36842676	2
-14.875	24.375	0.22251327	461033.05050000	61.60834171	0.00100000	0.50000000	3449.36842676	2
-14.875	24.625	0.22251329	720212.28030000	61.60834171	0.00100000	0.50000000	3449.36842676	2
-14.875	24.875	0.22251331	748775.08540000	61.60834171	0.00100000	0.50000000	3449.36842676	2
-14.875	25.125	0.22251333	792007.99560000	99.00000000	0.00100000	0.50000000	595.52709749	4
-14.875	25.375	0.18593467	835111.81640000	61.60834171	0.00100000	0.50000000	3449.36842676	2
-15.125	21.125	0.00874347	679021.17920000	81.85525130	0.10365661	0.50000000	350.51906424	3
-15.125	21.375	0.17469109	620456.23780000	81.85525130	0.10365661	0.50000000	350.51906424	3
-15.125	21.625	0.22225300	576111.38920000	81.85525130	0.10365661	0.50000000	350.51906424	3
-15.125	21.875	0.22225303	542875.91550000	81.85525130	0.10365661	0.50000000	350.51906424	3
-15.125	22.125	0.22225305	509431.91530000	81.85525130	0.10365661	0.50000000	350.51906424	3
-15.125	22.375	0.22225308	475276.42820000	81.85525130	0.10365661	0.50000000	350.51906424	3
-15.125	22.625	0.22225310	403123.38260000	81.85525130	0.10365661	0.50000000	350.51906424	3
-15.125	22.875	0.22225312	379617.27910000	61.60834171	0.00100000	0.50000000	3449.36842676	2
-15.125	23.125	0.22225315	375804.96220000	61.60834171	0.00100000	0.50000000	3449.36842676	2
-15.125	23.375	0.22225317	405721.13040000	61.60834171	0.00100000	0.50000000	3449.36842676	2
-15.125	23.625	0.22225319	392755.21850000	61.60834171	0.00100000	0.50000000	3449.36842676	2
-15.125	23.875	0.22225321	389710.63230000	61.60834171	0.00100000	0.50000000	3449.36842676	2
-15.125	24.125	0.22225323	412975.15870000	61.60834171	0.00100000	0.50000000	3449.36842676	2
-15.125	24.375	0.22225325	446170.92900000	61.60834171	0.00100000	0.50000000	3449.36842676	2
-15.125	24.625	0.22225327	475435.21120000	61.60834171	0.00100000	0.50000000	3449.36842676	2
-15.125	24.875	0.22225329	784082.15330000	61.60834171	0.00100000	0.50000000	3449.36842676	2
-15.125	25.125	0.22225331	819690.42970000	61.60834171	0.00100000	0.50000000	3449.36842676	2
-15.125	25.375	0.12244005	841320.12940000	61.60834171	0.00100000	0.50000000	3449.36842676	2
-15.375	21.375	0.04917236	484039.48970000	81.85525130	0.10365661	0.50000000	350.51906424	3
-15.375	21.625	0.21617271	448821.71630000	81.85525130	0.10365661	0.50000000	350.51906424	3
-15.375	21.875	0.22198878	425173.37040000	81.85525130	0.10365661	0.50000000	350.51906424	3
-15.375	22.125	0.22198881	399208.43510000	81.85525130	0.10365661	0.50000000	350.51906424	3
-15.375	22.375	0.22198883	381718.68900000	81.85525130	0.10365661	0.50000000	350.51906424	3
-15.375	22.625	0.22198885	376973.14450000	81.85525130	0.10365661	0.50000000	350.51906424	3
-15.375	22.875	0.22198888	348489.83760000	61.60834171	0.00100000	0.50000000	3449.36842676	2
-15.375	23.125	0.22198890	324910.94970000	61.60834171	0.00100000	0.50000000	3449.36842676	2
-15.375	23.375	0.22198892	329090.63720000	61.60834171	0.00100000	0.50000000	3449.36842676	2
-15.375	23.625	0.22198894	346924.46900000	61.60834171	0.00100000	0.50000000	3449.36842676	2
-15.375	23.875	0.22198896	359397.30830000	77.56394700	0.28057106	0.50000000	2662.62547675	1
-15.375	24.125	0.22198898	384819.45800000	77.56394700	0.28057106	0.50000000	2662.62547675	1
-15.375	24.375	0.22198900	346689.72780000	77.56394700	0.28057106	0.50000000	2662.62547675	1
-15.375	24.625	0.22198902	335441.34520000	61.60834171	0.00100000	0.50000000	3449.36842676	2
-15.375	24.875	0.22198904	795962.58540000	61.60834171	0.00100000	0.50000000	3449.36842676	2
-15.375	25.125	0.22130929	831203.55220000	61.60834171	0.00100000	0.50000000	3449.36842676	2
-15.375	25.375	0.04948203	866255.79830000	61.60834171	0.00100000	0.50000000	3449.36842676	2
-15.625	21.625	0.05115754	446680.63350000	77.56394700	0.28057106	0.50000000	2662.62547675	1
-15.625	21.875	0.18811632	409497.13130000	77.56394700	0.28057106	0.50000000	2662.62547675	1
-15.625	22.125	0.22172033	375781.79930000	77.56394700	0.28057106	0.50000000	2662.62547675	1
-15.625	22.375	0.22172036	341795.07450000	77.56394700	0.28057106	0.50000000	2662.62547675	1
-15.625	22.625	0.22172038	341083.58760000	77.56394700	0.28057106	0.50000000	2662.62547675	1
-15.625	22.875	0.22172040	321876.31230000	61.60834171	0.00100000	0.50000000	3449.36842676	2
-15.625	23.125	0.22172042	290907.71480000	61.60834171	0.00100000	0.50000000	3449.36842676	2
-15.625	23.375	0.22172045	293727.23390000	61.60834171	0.00100000	0.50000000	3449.36842676	2
-15.625	23.625	0.22172047	306425.04880000	61.60834171	0.00100000	0.50000000	3449.36842676	2
-15.625	23.875	0.22172049	335834.93040000	77.56394700	0.28057106	0.50000000	2662.62547675	1
-15.625	24.125	0.22172051	280159.17970000	77.56394700	0.28057106	0.50000000	2662.62547675	1
-15.625	24.375	0.22172053	287856.62840000	77.56394700	0.28057106	0.50000000	2662.62547675	1
-15.625	24.625	0.22172055	306120.75810000	61.60834171	0.00100000	0.50000000	3449.36842676	2
-15.625	24.875	0.22172057	323243.16410000	61.60834171	0.00100000	0.50000000	3449.36842676	2
-15.625	25.125	0.21483197	846750.73240000	61.60834171	0.00100000	0.50000000	3449.36842676	2
-15.625	25.375	0.00771121	891803.95510000	61.60834171	0.00100000	0.50000000	3449.36842676	2
-15.875	21.875	0.14654693	406816.74190000	77.56394700	0.28057106	0.50000000	2662.62547675	1
-15.875	22.125	0.22144764	369626.46480000	77.56394700	0.28057106	0.50000000	2662.62547675	1
-15.875	22.375	0.22144766	335514.00760000	77.56394700	0.28057106	0.50000000	2662.62547675	1
-15.875	22.625	0.22144769	301173.21780000	77.56394700	0.28057106	0.50000000	2662.62547675	1
-15.875	22.875	0.22144771	274394.22610000	61.60834171	0.00100000	0.50000000	3449.36842676	2
-15.875	23.125	0.22144773	251311.72180000	61.60834171	0.00100000	0.50000000	3449.36842676	2
-15.875	23.375	0.22144775	248713.91300000	61.60834171	0.00100000	0.50000000	3449.36842676	2
-15.875	23.625	0.22144777	268698.82200000	77.56394700	0.28057106	0.50000000	2662.62547675	1
-15.875	23.875	0.22144779	272249.90840000	77.56394700	0.28057106	0.50000000	2662.62547675	1
-15.875	24.125	0.22144781	247099.10580000	77.56394700	0.28057106	0.50000000	2662.62547675	1
-15.875	24.375	0.22144783	260137.81740000	77.56394700	0.28057106	0.50000000	2662.62547675	1
-15.875	24.625	0.22144785	229097.03060000	77.56394700	0.28057106	0.50000000	2662.62547675	1
-15.875	24.875	0.22144787	238452.48410000	61.60834171	0.00100000	0.50000000	3449.36842676	2
-15.875	25.125	0.22144789	252662.23140000	61.60834171	0.00100000	0.50000000	3449.36842676	2
-15.875	25.375	0.09833121	898995.30030000	61.60834171	0.00100000	0.50000000	3449.36842676	2
-16.125	21.875	0.03306160	396782.89790000	77.56394700	0.28057106	0.50000000	2662.62547675	1
-16.125	22.125	0.16943662	353940.46020000	77.56394700	0.28057106	0.50000000	2662.62547675	1
-16.125	22.375	0.22117076	320582.55000000	77.56394700	0.28057106	0.50000000	2662.62547675	1
-16.125	22.625	0.22117078	291748.47410000	77.56394700	0.28057106	0.50000000	2662.62547675	1
-16.125	22.875	0.22117080	250312.50000000	77.56394700	0.28057106	0.50000000	2662.62547675	1
-16.125	23.125	0.22117082	215359.42080000	61.60834171	0.00100000	0.50000000	3449.36842676	2
-16.125	23.375	0.22117084	215455.36800000	61.60834171	0.00100000	0.50000000	3449.36842676	2
-16.125	23.625	0.22117086	226663.98620000	77.56394700	0.28057106	0.50000000	2662.62547675	1
-16.125	23.875	0.22117088	216157.10450000	77.56394700	0.28057106	0.50000000	2662.62547675	1
-16.125	24.125	0.22117090	214439.59050000	77.56394700	0.28057106	0.50000000	2662.62547675	1
-16.125	24.375	0.22117092	184987.88450000	77.56394700	0.28057106	0.50000000	2662.62547675	1
-16.125	24.625	0.22117094	192106.10960000	77.56394700	0.28057106	0.50000000	2662.62547675	1
-16.125	24.875	0.21916287	207864.27310000	77.56394700	0.28057106	0.50000000	2662.62547675	1
-16.125	25.125	0.11695435	233461.70040000	61.60834171	0.00100000	0.50000000	3449.36842676	2
-16.125	25.375	0.02205947	917945.73970000	61.60834171	0.00100000	0.50000000	3449.36842676	2
-16.375	22.125	0.00633983	353748.53520000	77.56394700	0.28057106	0.50000000	2662.62547675	1
-16.375	22.375	0.08224488	317362.57930000	77.56394700	0.28057106	0.50000000	2662.62547675	1
-16.375	22.625	0.13607298	277908.90500000	77.56394700	0.28057106	0.50000000	2662.62547675	1
-16.375	22.875	0.14539528	243098.19030000	77.56394700	0.28057106	0.50000000	2662.62547675	1
-16.375	23.125	0.16248257	208863.44910000	77.56394700	0.28057106	0.50000000	2662.62547675	1
-16.375	23.375	0.20438328	173534.02710000	77.56394700	0.28057106	0.50000000	2662.62547675	1
-16.375	23.625	0.22088974	165575.45470000	77.56394700	0.28057106	0.50000000	2662.62547675	1
-16.375	23.875	0.22088976	164265.02990000	77.56394700	0.28057106	0.50000000	2662.62547675	1
-16.375	24.125	0.22088978	145743.62180000	77.56394700	0.28057106	0.50000000	2662.62547675	1
-16.375	24.375	0.22088980	147421.40200000	77.56394700	0.28057106	0.50000000	2662.62547675	1
-16.375	24.625	0.20766855	161468.85680000	77.56394700	0.28057106	0.50000000	2662.62547675	1
-16.375	24.875	0.11019116	199538.36060000	77.56394700	0.28057106	0.50000000	2662.62547675	1
-16.625	23.375	0.08816083	153023.57480000	77.56394700	0.28057106	0.50000000	2662.62547675	1
-16.625	23.625	0.22060442	121754.36400000	77.56394700	0.28057106	0.50000000	2662.62547675	1
-16.625	23.875	0.22060444	117191.23080000	77.56394700	0.28057106	0.50000000	2662.62547675	1
-16.625	24.125	0.22060446	111334.07590000	77.56394700	0.28057106	0.50000000	2662.62547675	1
-16.625	24.375	0.22060448	114474.40340000	77.56394700	0.28057106	0.50000000	2662.62547675	1
-16.625	24.625	0.07181700	146157.69960000	77.56394700	0.28057106	0.50000000	2662.62547675	1
-16.875	23.375	0.01364806	155396.31650000	77.56394700	0.28057106	0.50000000	2662.62547675	1
-16.875	23.625	0.17515925	112429.27550000	77.56394700	0.28057106	0.50000000	2662.62547675	1
-16.875	23.875	0.21780075	75517.59338000	77.56394700	0.28057106	0.50000000	2662.62547675	1
-16.875	24.125	0.22031494	74366.20331000	77.56394700	0.28057106	0.50000000	2662.62547675	1
-16.875	24.375	0.19390390	92342.29279000	77.56394700	0.28057106	0.50000000	2662.62547675	1
-16.875	24.625	0.00099411	141955.00180000	77.56394700	0.28057106	0.50000000	2662.62547675	1
-17.125	23.875	0.08073361	60440.66238000	77.56394700	0.28057106	0.50000000	2662.62547675	1
-17.125	24.125	0.22002122	40634.59015000	77.56394700	0.28057106	0.50000000	2662.62547675	1
-17.125	24.375	0.09628725	50860.38589000	77.56394700	0.28057106	0.50000000	2662.62547675	1
-17.375	23.875	0.00357209	69021.58356000	77.56394700	0.28057106	0.50000000	2662.62547675	1
-17.375	24.125	0.16426618	6886.65628400	77.56394700	0.28057106	0.50000000	2662.62547675	1
-17.375	24.375	0.01653974	0.00000000	77.56394700	0.28057106	0.50000000	2662.62547675	1
-17.625	24.125	0.00132594	7118.31235900	77.56394700	0.28057106	0.50000000	2662.62547675	1
-17.625	24.375	0.00065542	3627.00605400	77.56394700	0.28057106	0.50000000	2662.62547675	1
