1	  0.000000	  0.000000	  0.987903	  0.012097	  0.000000	  0.000000	  0.000000	  0.000000	  0.000000	  0.000000	  0.000000	  0.000000	  0.000000	  0.000000	  0.000000	  0.000000	   0.0	   0.0	 583.4	 603.0	   0.0	   0.0	   0.0	   0.0	   0.0	   0.0	   0.0	   0.0	   0.0	   0.0	   0.0	   0.0	  0.000000	  0.000000	  0.987903	  0.012097	  0.000000	  0.000000	  0.000000	  0.000000	  0.000000	  0.000000	  0.000000	  0.000000	  0.000000	  0.000000	  0.000000	  0.000000
2	  0.000000	  0.000000	  0.239657	  0.636831	  0.123512	  0.000000	  0.000000	  0.000000	  0.000000	  0.000000	  0.000000	  0.000000	  0.000000	  0.000000	  0.000000	  0.000000	   0.0	   0.0	 558.9	 687.1	 832.2	   0.0	   0.0	   0.0	   0.0	   0.0	   0.0	   0.0	   0.0	   0.0	   0.0	   0.0	  0.000000	  0.000000	  0.239657	  0.636831	  0.123512	  0.000000	  0.000000	  0.000000	  0.000000	  0.000000	  0.000000	  0.000000	  0.000000	  0.000000	  0.000000	  0.000000
3	  0.000000	  0.000000	  0.000000	  0.000000	  0.000000	  0.000000	  0.000000	  0.000000	  0.000000	  0.000000	  0.000000	  1.000000	  0.000000	  0.000000	  0.000000	  0.000000	   0.0	   0.0	   0.0	   0.0	   0.0	   0.0	   0.0	   0.0	   0.0	   0.0	   0.0	2300.3	   0.0	   0.0	   0.0	   0.0	  0.000000	  0.000000	  0.000000	  0.000000	  0.000000	  0.000000	  0.000000	  0.000000	  0.000000	  0.000000	  0.000000	  1.000000	  0.000000	  0.000000	  0.000000	  0.000000
4	  0.000000	  0.000000	  0.000000	  0.000000	  0.000000	  0.000000	  0.000000	  0.000000	  0.000000	  0.000000	  0.539510	  0.460490	  0.000000	  0.000000	  0.000000	  0.000000	   0.0	   0.0	   0.0	   0.0	   0.0	   0.0	   0.0	   0.0	   0.0	   0.0	2124.8	2243.9	   0.0	   0.0	   0.0	   0.0	  0.000000	  0.000000	  0.000000	  0.000000	  0.000000	  0.000000	  0.000000	  0.000000	  0.000000	  0.000000	  0.539510	  0.460490	  0.000000	  0.000000	  0.000000	  0.000000
5	  0.000000	  0.562987	  0.437013	  0.000000	  0.000000	  0.000000	  0.000000	  0.000000	  0.000000	  0.000000	  0.000000	  0.000000	  0.000000	  0.000000	  0.000000	  0.000000	   0.0	 352.8	 447.4	   0.0	   0.0	   0.0	   0.0	   0.0	   0.0	   0.0	   0.0	   0.0	   0.0	   0.0	   0.0	   0.0	  0.000000	  0.562987	  0.437013	  0.000000	  0.000000	  0.000000	  0.000000	  0.000000	  0.000000	  0.000000	  0.000000	  0.000000	  0.000000	  0.000000	  0.000000	  0.000000
6	  0.012846	  0.585737	  0.303020	  0.097385	  0.001012	  0.000000	  0.000000	  0.000000	  0.000000	  0.000000	  0.000000	  0.000000	  0.000000	  0.000000	  0.000000	  0.000000	 143.3	 295.3	 490.5	 661.0	 812.9	   0.0	   0.0	   0.0	   0.0	   0.0	   0.0	   0.0	   0.0	   0.0	   0.0	   0.0	  0.012846	  0.585737	  0.303020	  0.097385	  0.001012	  0.000000	  0.000000	  0.000000	  0.000000	  0.000000	  0.000000	  0.000000	  0.000000	  0.000000	  0.000000	  0.000000
7	  0.000000	  0.191262	  0.320153	  0.330491	  0.153345	  0.004749	  0.000000	  0.000000	  0.000000	  0.000000	  0.000000	  0.000000	  0.000000	  0.000000	  0.000000	  0.000000	   0.0	 319.5	 502.6	 698.4	 867.3	1028.1	   0.0	   0.0	   0.0	   0.0	   0.0	   0.0	   0.0	   0.0	   0.0	   0.0	  0.000000	  0.191262	  0.320153	  0.330491	  0.153345	  0.004749	  0.000000	  0.000000	  0.000000	  0.000000	  0.000000	  0.000000	  0.000000	  0.000000	  0.000000	  0.000000
8	  0.000000	  0.000000	  0.020566	  0.061661	  0.297859	  0.517073	  0.102841	  0.000000	  0.000000	  0.000000	  0.000000	  0.000000	  0.000000	  0.000000	  0.000000	  0.000000	   0.0	   0.0	 528.2	 717.6	 922.2	1102.2	1231.1	   0.0	   0.0	   0.0	   0.0	   0.0	   0.0	   0.0	   0.0	   0.0	  0.000000	  0.000000	  0.020566	  0.061661	  0.297859	  0.517073	  0.102841	  0.000000	  0.000000	  0.000000	  0.000000	  0.000000	  0.000000	  0.000000	  0.000000	  0.000000
9	  0.000000	  0.000000	  0.000000	  0.000000	  0.000000	  0.646668	  0.352974	  0.000359	  0.000000	  0.000000	  0.000000	  0.000000	  0.000000	  0.000000	  0.000000	  0.000000	   0.0	   0.0	   0.0	   0.0	   0.0	1134.5	1248.9	1403.1	   0.0	   0.0	   0.0	   0.0	   0.0	   0.0	   0.0	   0.0	  0.000000	  0.000000	  0.000000	  0.000000	  0.000000	  0.646668	  0.352974	  0.000359	  0.000000	  0.000000	  0.000000	  0.000000	  0.000000	  0.000000	  0.000000	  0.000000
10	  0.000000	  0.000000	  0.000000	  0.000000	  0.000000	  0.000000	  0.000000	  0.276862	  0.124647	  0.154385	  0.256406	  0.182143	  0.005556	  0.000000	  0.000000	  0.000000	   0.0	   0.0	   0.0	   0.0	   0.0	   0.0	   0.0	1521.8	1691.8	1910.2	2102.3	2279.1	2418.7	   0.0	   0.0	   0.0	  0.000000	  0.000000	  0.000000	  0.000000	  0.000000	  0.000000	  0.000000	  0.276862	  0.124647	  0.154385	  0.256406	  0.182143	  0.005556	  0.000000	  0.000000	  0.000000
11	  0.000000	  0.000000	  0.000000	  0.000000	  0.000000	  0.000000	  0.000000	  0.161738	  0.205314	  0.378810	  0.244577	  0.009561	  0.000000	  0.000000	  0.000000	  0.000000	   0.0	   0.0	   0.0	   0.0	   0.0	   0.0	   0.0	1529.1	1717.0	1904.4	2074.4	2224.4	   0.0	   0.0	   0.0	   0.0	  0.000000	  0.000000	  0.000000	  0.000000	  0.000000	  0.000000	  0.000000	  0.161738	  0.205314	  0.378810	  0.244577	  0.009561	  0.000000	  0.000000	  0.000000	  0.000000
12	  0.000000	  0.000000	  0.000000	  0.000000	  0.000000	  0.000000	  0.000000	  0.000000	  0.081501	  0.354804	  0.459148	  0.096165	  0.008383	  0.000000	  0.000000	  0.000000	   0.0	   0.0	   0.0	   0.0	   0.0	   0.0	   0.0	   0.0	1735.4	1924.1	2071.8	2278.6	2425.8	   0.0	   0.0	   0.0	  0.000000	  0.000000	  0.000000	  0.000000	  0.000000	  0.000000	  0.000000	  0.000000	  0.081501	  0.354804	  0.459148	  0.096165	  0.008383	  0.000000	  0.000000	  0.000000
13	  0.000000	  0.000000	  0.000000	  0.000000	  0.000000	  0.000000	  0.000000	  0.000000	  0.000000	  0.000000	  0.113214	  0.317278	  0.524119	  0.045388	  0.000000	  0.000000	   0.0	   0.0	   0.0	   0.0	   0.0	   0.0	   0.0	   0.0	   0.0	   0.0	2158.6	2316.8	2503.5	2620.4	   0.0	   0.0	  0.000000	  0.000000	  0.000000	  0.000000	  0.000000	  0.000000	  0.000000	  0.000000	  0.000000	  0.000000	  0.113214	  0.317278	  0.524119	  0.045388	  0.000000	  0.000000
14	  0.000000	  0.386379	  0.483125	  0.128742	  0.001755	  0.000000	  0.000000	  0.000000	  0.000000	  0.000000	  0.000000	  0.000000	  0.000000	  0.000000	  0.000000	  0.000000	   0.0	 327.5	 487.2	 643.3	 824.0	   0.0	   0.0	   0.0	   0.0	   0.0	   0.0	   0.0	   0.0	   0.0	   0.0	   0.0	  0.000000	  0.386379	  0.483125	  0.128742	  0.001755	  0.000000	  0.000000	  0.000000	  0.000000	  0.000000	  0.000000	  0.000000	  0.000000	  0.000000	  0.000000	  0.000000
15	  0.000000	  0.163087	  0.247134	  0.445498	  0.141396	  0.002884	  0.000000	  0.000000	  0.000000	  0.000000	  0.000000	  0.000000	  0.000000	  0.000000	  0.000000	  0.000000	   0.0	 314.6	 509.7	 692.5	 871.4	1020.0	   0.0	   0.0	   0.0	   0.0	   0.0	   0.0	   0.0	   0.0	   0.0	   0.0	  0.000000	  0.163087	  0.247134	  0.445498	  0.141396	  0.002884	  0.000000	  0.000000	  0.000000	  0.000000	  0.000000	  0.000000	  0.000000	  0.000000	  0.000000	  0.000000
16	  0.000000	  0.013637	  0.066861	  0.312797	  0.349050	  0.236920	  0.020734	  0.000000	  0.000000	  0.000000	  0.000000	  0.000000	  0.000000	  0.000000	  0.000000	  0.000000	   0.0	 347.2	 525.0	 718.4	 897.6	1075.0	1232.3	   0.0	   0.0	   0.0	   0.0	   0.0	   0.0	   0.0	   0.0	   0.0	  0.000000	  0.013637	  0.066861	  0.312797	  0.349050	  0.236920	  0.020734	  0.000000	  0.000000	  0.000000	  0.000000	  0.000000	  0.000000	  0.000000	  0.000000	  0.000000
17	  0.000000	  0.000000	  0.002634	  0.035314	  0.061878	  0.270186	  0.459618	  0.170091	  0.000279	  0.000000	  0.000000	  0.000000	  0.000000	  0.000000	  0.000000	  0.000000	   0.0	   0.0	 582.8	 708.0	 913.0	1125.8	1283.7	1462.8	1606.6	   0.0	   0.0	   0.0	   0.0	   0.0	   0.0	   0.0	  0.000000	  0.000000	  0.002634	  0.035314	  0.061878	  0.270186	  0.459618	  0.170091	  0.000279	  0.000000	  0.000000	  0.000000	  0.000000	  0.000000	  0.000000	  0.000000
18	  0.000000	  0.000000	  0.000000	  0.000000	  0.000000	  0.024567	  0.210368	  0.452366	  0.310189	  0.002510	  0.000000	  0.000000	  0.000000	  0.000000	  0.000000	  0.000000	   0.0	   0.0	   0.0	   0.0	   0.0	1153.7	1316.2	1508.9	1672.5	1816.6	   0.0	   0.0	   0.0	   0.0	   0.0	   0.0	  0.000000	  0.000000	  0.000000	  0.000000	  0.000000	  0.024567	  0.210368	  0.452366	  0.310189	  0.002510	  0.000000	  0.000000	  0.000000	  0.000000	  0.000000	  0.000000
19	  0.000000	  0.000000	  0.000000	  0.000000	  0.000000	  0.000000	  0.000000	  0.398992	  0.538292	  0.062716	  0.000000	  0.000000	  0.000000	  0.000000	  0.000000	  0.000000	   0.0	   0.0	   0.0	   0.0	   0.0	   0.0	   0.0	1556.8	1673.2	1848.9	   0.0	   0.0	   0.0	   0.0	   0.0	   0.0	  0.000000	  0.000000	  0.000000	  0.000000	  0.000000	  0.000000	  0.000000	  0.398992	  0.538292	  0.062716	  0.000000	  0.000000	  0.000000	  0.000000	  0.000000	  0.000000
20	  0.000000	  0.000000	  0.000000	  0.000000	  0.000000	  0.000000	  0.000000	  0.000000	  0.066403	  0.492581	  0.384450	  0.056566	  0.000000	  0.000000	  0.000000	  0.000000	   0.0	   0.0	   0.0	   0.0	   0.0	   0.0	   0.0	   0.0	1762.3	1916.6	2081.3	2231.8	   0.0	   0.0	   0.0	   0.0	  0.000000	  0.000000	  0.000000	  0.000000	  0.000000	  0.000000	  0.000000	  0.000000	  0.066403	  0.492581	  0.384450	  0.056566	  0.000000	  0.000000	  0.000000	  0.000000
21	  0.000000	  0.000000	  0.000000	  0.000000	  0.000000	  0.000000	  0.000000	  0.019535	  0.212195	  0.361039	  0.357575	  0.049656	  0.000000	  0.000000	  0.000000	  0.000000	   0.0	   0.0	   0.0	   0.0	   0.0	   0.0	   0.0	1570.0	1715.7	1914.9	2076.9	2241.3	   0.0	   0.0	   0.0	   0.0	  0.000000	  0.000000	  0.000000	  0.000000	  0.000000	  0.000000	  0.000000	  0.019535	  0.212195	  0.361039	  0.357575	  0.049656	  0.000000	  0.000000	  0.000000	  0.000000
22	  0.000000	  0.000000	  0.000000	  0.000000	  0.000000	  0.000000	  0.157998	  0.316055	  0.207826	  0.097721	  0.166347	  0.053462	  0.000591	  0.000000	  0.000000	  0.000000	   0.0	   0.0	   0.0	   0.0	   0.0	   0.0	1370.1	1498.4	1687.5	1898.5	2106.8	2251.5	2429.5	   0.0	   0.0	   0.0	  0.000000	  0.000000	  0.000000	  0.000000	  0.000000	  0.000000	  0.157998	  0.316055	  0.207826	  0.097721	  0.166347	  0.053462	  0.000591	  0.000000	  0.000000	  0.000000
23	  0.000000	  0.000000	  0.000000	  0.000000	  0.000000	  0.000000	  0.000000	  0.606428	  0.317622	  0.035889	  0.033208	  0.006853	  0.000000	  0.000000	  0.000000	  0.000000	   0.0	   0.0	   0.0	   0.0	   0.0	   0.0	   0.0	1521.1	1672.5	1888.1	2080.8	2227.1	   0.0	   0.0	   0.0	   0.0	  0.000000	  0.000000	  0.000000	  0.000000	  0.000000	  0.000000	  0.000000	  0.606428	  0.317622	  0.035889	  0.033208	  0.006853	  0.000000	  0.000000	  0.000000	  0.000000
24	  0.000000	  0.000000	  0.000000	  0.000000	  0.000000	  0.000000	  0.000000	  0.755502	  0.152207	  0.082548	  0.009742	  0.000000	  0.000000	  0.000000	  0.000000	  0.000000	   0.0	   0.0	   0.0	   0.0	   0.0	   0.0	   0.0	1501.9	1685.9	1888.0	2023.7	   0.0	   0.0	   0.0	   0.0	   0.0	  0.000000	  0.000000	  0.000000	  0.000000	  0.000000	  0.000000	  0.000000	  0.755502	  0.152207	  0.082548	  0.009742	  0.000000	  0.000000	  0.000000	  0.000000	  0.000000
25	  0.000000	  0.000000	  0.000000	  0.000000	  0.000000	  0.000000	  0.000000	  0.379064	  0.266850	  0.187808	  0.106686	  0.048997	  0.010596	  0.000000	  0.000000	  0.000000	   0.0	   0.0	   0.0	   0.0	   0.0	   0.0	   0.0	1526.2	1696.3	1891.3	2092.4	2279.8	2468.5	   0.0	   0.0	   0.0	  0.000000	  0.000000	  0.000000	  0.000000	  0.000000	  0.000000	  0.000000	  0.379064	  0.266850	  0.187808	  0.106686	  0.048997	  0.010596	  0.000000	  0.000000	  0.000000
26	  0.000000	  0.000000	  0.000000	  0.000000	  0.000000	  0.000000	  0.000000	  0.000000	  0.000000	  0.141361	  0.000000	  0.000000	  0.539267	  0.319372	  0.000000	  0.000000	   0.0	   0.0	   0.0	   0.0	   0.0	   0.0	   0.0	   0.0	   0.0	1874.0	   0.0	   0.0	2579.1	2610.4	   0.0	   0.0	  0.000000	  0.000000	  0.000000	  0.000000	  0.000000	  0.000000	  0.000000	  0.000000	  0.000000	  0.141361	  0.000000	  0.000000	  0.539267	  0.319372	  0.000000	  0.000000
27	  0.000000	  0.003137	  0.129117	  0.490915	  0.284115	  0.092284	  0.000431	  0.000000	  0.000000	  0.000000	  0.000000	  0.000000	  0.000000	  0.000000	  0.000000	  0.000000	   0.0	 378.7	 533.0	 694.2	 890.6	1055.0	1214.5	   0.0	   0.0	   0.0	   0.0	   0.0	   0.0	   0.0	   0.0	   0.0	  0.000000	  0.003137	  0.129117	  0.490915	  0.284115	  0.092284	  0.000431	  0.000000	  0.000000	  0.000000	  0.000000	  0.000000	  0.000000	  0.000000	  0.000000	  0.000000
28	  0.000000	  0.010140	  0.088037	  0.173097	  0.248648	  0.305426	  0.169766	  0.004886	  0.000000	  0.000000	  0.000000	  0.000000	  0.000000	  0.000000	  0.000000	  0.000000	   0.0	 358.6	 513.7	 712.2	 897.3	1108.8	1260.9	1430.3	   0.0	   0.0	   0.0	   0.0	   0.0	   0.0	   0.0	   0.0	  0.000000	  0.010140	  0.088037	  0.173097	  0.248648	  0.305426	  0.169766	  0.004886	  0.000000	  0.000000	  0.000000	  0.000000	  0.000000	  0.000000	  0.000000	  0.000000
29	  0.000000	  0.000000	  0.003316	  0.030395	  0.081126	  0.145502	  0.260023	  0.361516	  0.115748	  0.002373	  0.000000	  0.000000	  0.000000	  0.000000	  0.000000	  0.000000	   0.0	   0.0	 547.5	 737.1	 904.5	1117.8	1298.6	1498.7	1671.3	1818.5	   0.0	   0.0	   0.0	   0.0	   0.0	   0.0	  0.000000	  0.000000	  0.003316	  0.030395	  0.081126	  0.145502	  0.260023	  0.361516	  0.115748	  0.002373	  0.000000	  0.000000	  0.000000	  0.000000	  0.000000	  0.000000
30	  0.000000	  0.000000	  0.000000	  0.016089	  0.045352	  0.057558	  0.091660	  0.227046	  0.493335	  0.068961	  0.000000	  0.000000	  0.000000	  0.000000	  0.000000	  0.000000	   0.0	   0.0	   0.0	 754.1	 905.6	1105.6	1306.9	1524.3	1696.1	1841.6	   0.0	   0.0	   0.0	   0.0	   0.0	   0.0	  0.000000	  0.000000	  0.000000	  0.016089	  0.045352	  0.057558	  0.091660	  0.227046	  0.493335	  0.068961	  0.000000	  0.000000	  0.000000	  0.000000	  0.000000	  0.000000
31	  0.000000	  0.000000	  0.000000	  0.000810	  0.044295	  0.116035	  0.143843	  0.255227	  0.398912	  0.040878	  0.000000	  0.000000	  0.000000	  0.000000	  0.000000	  0.000000	   0.0	   0.0	   0.0	 798.1	 933.6	1105.1	1300.7	1519.6	1689.5	1827.0	   0.0	   0.0	   0.0	   0.0	   0.0	   0.0	  0.000000	  0.000000	  0.000000	  0.000810	  0.044295	  0.116035	  0.143843	  0.255227	  0.398912	  0.040878	  0.000000	  0.000000	  0.000000	  0.000000	  0.000000	  0.000000
32	  0.000000	  0.000000	  0.000000	  0.000000	  0.001691	  0.044652	  0.114968	  0.203269	  0.386188	  0.217569	  0.031663	  0.000000	  0.000000	  0.000000	  0.000000	  0.000000	   0.0	   0.0	   0.0	   0.0	 989.6	1129.3	1311.0	1509.7	1699.5	1884.0	2034.4	   0.0	   0.0	   0.0	   0.0	   0.0	  0.000000	  0.000000	  0.000000	  0.000000	  0.001691	  0.044652	  0.114968	  0.203269	  0.386188	  0.217569	  0.031663	  0.000000	  0.000000	  0.000000	  0.000000	  0.000000
33	  0.000000	  0.000000	  0.000000	  0.000000	  0.000000	  0.000621	  0.139775	  0.232661	  0.261697	  0.234202	  0.129830	  0.001214	  0.000000	  0.000000	  0.000000	  0.000000	   0.0	   0.0	   0.0	   0.0	   0.0	1198.0	1316.9	1506.2	1699.0	1897.2	2071.3	2219.3	   0.0	   0.0	   0.0	   0.0	  0.000000	  0.000000	  0.000000	  0.000000	  0.000000	  0.000621	  0.139775	  0.232661	  0.261697	  0.234202	  0.129830	  0.001214	  0.000000	  0.000000	  0.000000	  0.000000
34	  0.000000	  0.000000	  0.000000	  0.000000	  0.000000	  0.000000	  0.230938	  0.379701	  0.218216	  0.113829	  0.052226	  0.005091	  0.000000	  0.000000	  0.000000	  0.000000	   0.0	   0.0	   0.0	   0.0	   0.0	   0.0	1335.2	1503.4	1684.5	1890.9	2082.0	2220.4	   0.0	   0.0	   0.0	   0.0	  0.000000	  0.000000	  0.000000	  0.000000	  0.000000	  0.000000	  0.230938	  0.379701	  0.218216	  0.113829	  0.052226	  0.005091	  0.000000	  0.000000	  0.000000	  0.000000
35	  0.000000	  0.000000	  0.000000	  0.000000	  0.000000	  0.000000	  0.067730	  0.365566	  0.213683	  0.213984	  0.133040	  0.005996	  0.000000	  0.000000	  0.000000	  0.000000	   0.0	   0.0	   0.0	   0.0	   0.0	   0.0	1358.9	1506.1	1697.6	1898.9	2074.2	2235.3	   0.0	   0.0	   0.0	   0.0	  0.000000	  0.000000	  0.000000	  0.000000	  0.000000	  0.000000	  0.067730	  0.365566	  0.213683	  0.213984	  0.133040	  0.005996	  0.000000	  0.000000	  0.000000	  0.000000
36	  0.000000	  0.000000	  0.000000	  0.000000	  0.000000	  0.000000	  0.000000	  0.454272	  0.441885	  0.092575	  0.011129	  0.000139	  0.000000	  0.000000	  0.000000	  0.000000	   0.0	   0.0	   0.0	   0.0	   0.0	   0.0	   0.0	1531.5	1684.1	1852.4	2084.0	2200.7	   0.0	   0.0	   0.0	   0.0	  0.000000	  0.000000	  0.000000	  0.000000	  0.000000	  0.000000	  0.000000	  0.454272	  0.441885	  0.092575	  0.011129	  0.000139	  0.000000	  0.000000	  0.000000	  0.000000
37	  0.000000	  0.000000	  0.000000	  0.000000	  0.000000	  0.000000	  0.000000	  0.771044	  0.096848	  0.077158	  0.050309	  0.004641	  0.000000	  0.000000	  0.000000	  0.000000	   0.0	   0.0	   0.0	   0.0	   0.0	   0.0	   0.0	1501.1	1695.3	1896.0	2084.9	2226.0	   0.0	   0.0	   0.0	   0.0	  0.000000	  0.000000	  0.000000	  0.000000	  0.000000	  0.000000	  0.000000	  0.771044	  0.096848	  0.077158	  0.050309	  0.004641	  0.000000	  0.000000	  0.000000	  0.000000
38	  0.000000	  0.000000	  0.000000	  0.000000	  0.000000	  0.000000	  0.000000	  0.659795	  0.280240	  0.059965	  0.000000	  0.000000	  0.000000	  0.000000	  0.000000	  0.000000	   0.0	   0.0	   0.0	   0.0	   0.0	   0.0	   0.0	1523.0	1688.7	1838.4	   0.0	   0.0	   0.0	   0.0	   0.0	   0.0	  0.000000	  0.000000	  0.000000	  0.000000	  0.000000	  0.000000	  0.000000	  0.659795	  0.280240	  0.059965	  0.000000	  0.000000	  0.000000	  0.000000	  0.000000	  0.000000
39	  0.000000	  0.000000	  0.000000	  0.000000	  0.000000	  0.000000	  0.000000	  0.174949	  0.552808	  0.272054	  0.000190	  0.000000	  0.000000	  0.000000	  0.000000	  0.000000	   0.0	   0.0	   0.0	   0.0	   0.0	   0.0	   0.0	1577.0	1696.0	1865.4	2002.2	   0.0	   0.0	   0.0	   0.0	   0.0	  0.000000	  0.000000	  0.000000	  0.000000	  0.000000	  0.000000	  0.000000	  0.174949	  0.552808	  0.272054	  0.000190	  0.000000	  0.000000	  0.000000	  0.000000	  0.000000
40	  0.000000	  0.000000	  0.000000	  0.003599	  0.220306	  0.434935	  0.211500	  0.129661	  0.000000	  0.000000	  0.000000	  0.000000	  0.000000	  0.000000	  0.000000	  0.000000	   0.0	   0.0	   0.0	 786.0	 931.2	1093.1	1295.9	1464.1	   0.0	   0.0	   0.0	   0.0	   0.0	   0.0	   0.0	   0.0	  0.000000	  0.000000	  0.000000	  0.003599	  0.220306	  0.434935	  0.211500	  0.129661	  0.000000	  0.000000	  0.000000	  0.000000	  0.000000	  0.000000	  0.000000	  0.000000
41	  0.000000	  0.000000	  0.000042	  0.002285	  0.013605	  0.057595	  0.307716	  0.291069	  0.231881	  0.095808	  0.000000	  0.000000	  0.000000	  0.000000	  0.000000	  0.000000	   0.0	   0.0	 596.0	 715.8	 925.1	1124.0	1322.6	1491.2	1695.2	1854.9	   0.0	   0.0	   0.0	   0.0	   0.0	   0.0	  0.000000	  0.000000	  0.000042	  0.002285	  0.013605	  0.057595	  0.307716	  0.291069	  0.231881	  0.095808	  0.000000	  0.000000	  0.000000	  0.000000	  0.000000	  0.000000
42	  0.000000	  0.000000	  0.017757	  0.101270	  0.124317	  0.146254	  0.187203	  0.214853	  0.120090	  0.086667	  0.001589	  0.000000	  0.000000	  0.000000	  0.000000	  0.000000	   0.0	   0.0	 560.1	 705.3	 902.0	1104.1	1302.5	1490.6	1697.3	1874.6	2014.6	   0.0	   0.0	   0.0	   0.0	   0.0	  0.000000	  0.000000	  0.017757	  0.101270	  0.124317	  0.146254	  0.187203	  0.214853	  0.120090	  0.086667	  0.001589	  0.000000	  0.000000	  0.000000	  0.000000	  0.000000
43	  0.000000	  0.000000	  0.000000	  0.000000	  0.001491	  0.021008	  0.043981	  0.158888	  0.319216	  0.322087	  0.133328	  0.000000	  0.000000	  0.000000	  0.000000	  0.000000	   0.0	   0.0	   0.0	   0.0	 974.0	1117.4	1310.1	1539.3	1697.1	1893.9	2063.8	   0.0	   0.0	   0.0	   0.0	   0.0	  0.000000	  0.000000	  0.000000	  0.000000	  0.001491	  0.021008	  0.043981	  0.158888	  0.319216	  0.322087	  0.133328	  0.000000	  0.000000	  0.000000	  0.000000	  0.000000
44	  0.000000	  0.000000	  0.000000	  0.000000	  0.000000	  0.148567	  0.389625	  0.306537	  0.143149	  0.011730	  0.000391	  0.000000	  0.000000	  0.000000	  0.000000	  0.000000	   0.0	   0.0	   0.0	   0.0	   0.0	1158.8	1298.3	1496.5	1663.7	1846.4	2044.3	   0.0	   0.0	   0.0	   0.0	   0.0	  0.000000	  0.000000	  0.000000	  0.000000	  0.000000	  0.148567	  0.389625	  0.306537	  0.143149	  0.011730	  0.000391	  0.000000	  0.000000	  0.000000	  0.000000	  0.000000
45	  0.000000	  0.000000	  0.000000	  0.000000	  0.000000	  0.426766	  0.209493	  0.164151	  0.121749	  0.060401	  0.017441	  0.000000	  0.000000	  0.000000	  0.000000	  0.000000	   0.0	   0.0	   0.0	   0.0	   0.0	1097.7	1293.7	1501.7	1694.5	1886.6	2051.8	   0.0	   0.0	   0.0	   0.0	   0.0	  0.000000	  0.000000	  0.000000	  0.000000	  0.000000	  0.426766	  0.209493	  0.164151	  0.121749	  0.060401	  0.017441	  0.000000	  0.000000	  0.000000	  0.000000	  0.000000
46	  0.000000	  0.000000	  0.000000	  0.000000	  0.000000	  0.069328	  0.357308	  0.288751	  0.095459	  0.059170	  0.078195	  0.051789	  0.000000	  0.000000	  0.000000	  0.000000	   0.0	   0.0	   0.0	   0.0	   0.0	1130.0	1320.5	1479.8	1686.0	1894.3	2104.8	2262.9	   0.0	   0.0	   0.0	   0.0	  0.000000	  0.000000	  0.000000	  0.000000	  0.000000	  0.069328	  0.357308	  0.288751	  0.095459	  0.059170	  0.078195	  0.051789	  0.000000	  0.000000	  0.000000	  0.000000
47	  0.000000	  0.000000	  0.000000	  0.000000	  0.000000	  0.000000	  0.035458	  0.105139	  0.175447	  0.357968	  0.244426	  0.071432	  0.010130	  0.000000	  0.000000	  0.000000	   0.0	   0.0	   0.0	   0.0	   0.0	   0.0	1359.5	1491.0	1723.2	1894.6	2090.0	2279.2	2443.2	   0.0	   0.0	   0.0	  0.000000	  0.000000	  0.000000	  0.000000	  0.000000	  0.000000	  0.035458	  0.105139	  0.175447	  0.357968	  0.244426	  0.071432	  0.010130	  0.000000	  0.000000	  0.000000
48	  0.000000	  0.000000	  0.000000	  0.000000	  0.000000	  0.000000	  0.000000	  0.000000	  0.447017	  0.395126	  0.116551	  0.035811	  0.005495	  0.000000	  0.000000	  0.000000	   0.0	   0.0	   0.0	   0.0	   0.0	   0.0	   0.0	   0.0	1752.1	1885.4	2067.5	2281.2	2447.1	   0.0	   0.0	   0.0	  0.000000	  0.000000	  0.000000	  0.000000	  0.000000	  0.000000	  0.000000	  0.000000	  0.447017	  0.395126	  0.116551	  0.035811	  0.005495	  0.000000	  0.000000	  0.000000
49	  0.000000	  0.000000	  0.000000	  0.000000	  0.000000	  0.000000	  0.000000	  0.000000	  0.650300	  0.282002	  0.061478	  0.006219	  0.000000	  0.000000	  0.000000	  0.000000	   0.0	   0.0	   0.0	   0.0	   0.0	   0.0	   0.0	   0.0	1719.5	1878.0	2071.1	2229.2	   0.0	   0.0	   0.0	   0.0	  0.000000	  0.000000	  0.000000	  0.000000	  0.000000	  0.000000	  0.000000	  0.000000	  0.650300	  0.282002	  0.061478	  0.006219	  0.000000	  0.000000	  0.000000	  0.000000
50	  0.000000	  0.000000	  0.000000	  0.000000	  0.000000	  0.000000	  0.000000	  0.000000	  0.106269	  0.460886	  0.319161	  0.106558	  0.007126	  0.000000	  0.000000	  0.000000	   0.0	   0.0	   0.0	   0.0	   0.0	   0.0	   0.0	   0.0	1763.7	1899.4	2088.5	2276.5	2435.9	   0.0	   0.0	   0.0	  0.000000	  0.000000	  0.000000	  0.000000	  0.000000	  0.000000	  0.000000	  0.000000	  0.106269	  0.460886	  0.319161	  0.106558	  0.007126	  0.000000	  0.000000	  0.000000
51	  0.000000	  0.000000	  0.000000	  0.000000	  0.000000	  0.000000	  0.000000	  0.000000	  0.321790	  0.478345	  0.178155	  0.021710	  0.000000	  0.000000	  0.000000	  0.000000	   0.0	   0.0	   0.0	   0.0	   0.0	   0.0	   0.0	   0.0	1744.2	1883.2	2096.0	2245.7	   0.0	   0.0	   0.0	   0.0	  0.000000	  0.000000	  0.000000	  0.000000	  0.000000	  0.000000	  0.000000	  0.000000	  0.321790	  0.478345	  0.178155	  0.021710	  0.000000	  0.000000	  0.000000	  0.000000
52	  0.000000	  0.000000	  0.000000	  0.000000	  0.000000	  0.000000	  0.000000	  0.000000	  0.000000	  0.177633	  0.500323	  0.312342	  0.009702	  0.000000	  0.000000	  0.000000	   0.0	   0.0	   0.0	   0.0	   0.0	   0.0	   0.0	   0.0	   0.0	1927.8	2106.0	2259.8	2428.4	   0.0	   0.0	   0.0	  0.000000	  0.000000	  0.000000	  0.000000	  0.000000	  0.000000	  0.000000	  0.000000	  0.000000	  0.177633	  0.500323	  0.312342	  0.009702	  0.000000	  0.000000	  0.000000
53	  0.000000	  0.000000	  0.000000	  0.000000	  0.000000	  0.000000	  0.037470	  0.738409	  0.224121	  0.000000	  0.000000	  0.000000	  0.000000	  0.000000	  0.000000	  0.000000	   0.0	   0.0	   0.0	   0.0	   0.0	   0.0	1383.6	1530.2	1634.3	   0.0	   0.0	   0.0	   0.0	   0.0	   0.0	   0.0	  0.000000	  0.000000	  0.000000	  0.000000	  0.000000	  0.000000	  0.037470	  0.738409	  0.224121	  0.000000	  0.000000	  0.000000	  0.000000	  0.000000	  0.000000	  0.000000
54	  0.000000	  0.000000	  0.000000	  0.000000	  0.000000	  0.000000	  0.000000	  0.009069	  0.369871	  0.459844	  0.161216	  0.000000	  0.000000	  0.000000	  0.000000	  0.000000	   0.0	   0.0	   0.0	   0.0	   0.0	   0.0	   0.0	1580.5	1716.1	1901.0	2050.5	   0.0	   0.0	   0.0	   0.0	   0.0	  0.000000	  0.000000	  0.000000	  0.000000	  0.000000	  0.000000	  0.000000	  0.009069	  0.369871	  0.459844	  0.161216	  0.000000	  0.000000	  0.000000	  0.000000	  0.000000
55	  0.000000	  0.000000	  0.000000	  0.010456	  0.030351	  0.051348	  0.112998	  0.191762	  0.248721	  0.297321	  0.057043	  0.000000	  0.000000	  0.000000	  0.000000	  0.000000	   0.0	   0.0	   0.0	 736.6	 910.6	1106.8	1318.1	1505.8	1704.2	1903.2	2038.3	   0.0	   0.0	   0.0	   0.0	   0.0	  0.000000	  0.000000	  0.000000	  0.010456	  0.030351	  0.051348	  0.112998	  0.191762	  0.248721	  0.297321	  0.057043	  0.000000	  0.000000	  0.000000	  0.000000	  0.000000
56	  0.000000	  0.000000	  0.000000	  0.037711	  0.142371	  0.197235	  0.303838	  0.242285	  0.068143	  0.008416	  0.000000	  0.000000	  0.000000	  0.000000	  0.000000	  0.000000	   0.0	   0.0	   0.0	 755.1	 908.1	1104.0	1305.6	1483.5	1670.4	1843.8	   0.0	   0.0	   0.0	   0.0	   0.0	   0.0	  0.000000	  0.000000	  0.000000	  0.037711	  0.142371	  0.197235	  0.303838	  0.242285	  0.068143	  0.008416	  0.000000	  0.000000	  0.000000	  0.000000	  0.000000	  0.000000
57	  0.000000	  0.000000	  0.000000	  0.000000	  0.080468	  0.156923	  0.261451	  0.211961	  0.249255	  0.039943	  0.000000	  0.000000	  0.000000	  0.000000	  0.000000	  0.000000	   0.0	   0.0	   0.0	   0.0	 919.0	1108.3	1306.6	1489.4	1684.9	1849.4	   0.0	   0.0	   0.0	   0.0	   0.0	   0.0	  0.000000	  0.000000	  0.000000	  0.000000	  0.080468	  0.156923	  0.261451	  0.211961	  0.249255	  0.039943	  0.000000	  0.000000	  0.000000	  0.000000	  0.000000	  0.000000
58	  0.000000	  0.000000	  0.000000	  0.000000	  0.042258	  0.274190	  0.235281	  0.236632	  0.124280	  0.062951	  0.024408	  0.000000	  0.000000	  0.000000	  0.000000	  0.000000	   0.0	   0.0	   0.0	   0.0	 958.9	1099.3	1305.9	1491.6	1683.4	1894.8	2065.3	   0.0	   0.0	   0.0	   0.0	   0.0	  0.000000	  0.000000	  0.000000	  0.000000	  0.042258	  0.274190	  0.235281	  0.236632	  0.124280	  0.062951	  0.024408	  0.000000	  0.000000	  0.000000	  0.000000	  0.000000
59	  0.000000	  0.000000	  0.000000	  0.000000	  0.000000	  0.277785	  0.194992	  0.200111	  0.181559	  0.073921	  0.056183	  0.015448	  0.000000	  0.000000	  0.000000	  0.000000	   0.0	   0.0	   0.0	   0.0	   0.0	1113.3	1298.4	1502.4	1689.3	1887.9	2096.1	2248.0	   0.0	   0.0	   0.0	   0.0	  0.000000	  0.000000	  0.000000	  0.000000	  0.000000	  0.277785	  0.194992	  0.200111	  0.181559	  0.073921	  0.056183	  0.015448	  0.000000	  0.000000	  0.000000	  0.000000
60	  0.000000	  0.000000	  0.000000	  0.000000	  0.000000	  0.096987	  0.179265	  0.230720	  0.276099	  0.149868	  0.052035	  0.014636	  0.000390	  0.000000	  0.000000	  0.000000	   0.0	   0.0	   0.0	   0.0	   0.0	1153.1	1305.3	1502.3	1699.0	1885.3	2088.9	2270.1	2413.7	   0.0	   0.0	   0.0	  0.000000	  0.000000	  0.000000	  0.000000	  0.000000	  0.096987	  0.179265	  0.230720	  0.276099	  0.149868	  0.052035	  0.014636	  0.000390	  0.000000	  0.000000	  0.000000
61	  0.000000	  0.000000	  0.000000	  0.000000	  0.000000	  0.000000	  0.000307	  0.032578	  0.644127	  0.289197	  0.028268	  0.005523	  0.000000	  0.000000	  0.000000	  0.000000	   0.0	   0.0	   0.0	   0.0	   0.0	   0.0	1389.7	1535.1	1711.8	1866.0	2065.7	2269.6	   0.0	   0.0	   0.0	   0.0	  0.000000	  0.000000	  0.000000	  0.000000	  0.000000	  0.000000	  0.000307	  0.032578	  0.644127	  0.289197	  0.028268	  0.005523	  0.000000	  0.000000	  0.000000	  0.000000
62	  0.000000	  0.000000	  0.000000	  0.000000	  0.000000	  0.000000	  0.000000	  0.000000	  0.479089	  0.512327	  0.008584	  0.000000	  0.000000	  0.000000	  0.000000	  0.000000	   0.0	   0.0	   0.0	   0.0	   0.0	   0.0	   0.0	   0.0	1737.1	1877.8	2034.3	   0.0	   0.0	   0.0	   0.0	   0.0	  0.000000	  0.000000	  0.000000	  0.000000	  0.000000	  0.000000	  0.000000	  0.000000	  0.479089	  0.512327	  0.008584	  0.000000	  0.000000	  0.000000	  0.000000	  0.000000
63	  0.000000	  0.000000	  0.000000	  0.000000	  0.000000	  0.000000	  0.000000	  0.000000	  0.129695	  0.550086	  0.281876	  0.038343	  0.000000	  0.000000	  0.000000	  0.000000	   0.0	   0.0	   0.0	   0.0	   0.0	   0.0	   0.0	   0.0	1769.7	1895.0	2073.4	2251.3	   0.0	   0.0	   0.0	   0.0	  0.000000	  0.000000	  0.000000	  0.000000	  0.000000	  0.000000	  0.000000	  0.000000	  0.129695	  0.550086	  0.281876	  0.038343	  0.000000	  0.000000	  0.000000	  0.000000
64	  0.000000	  0.000000	  0.000000	  0.000000	  0.000000	  0.000000	  0.000000	  0.000000	  0.000000	  0.843360	  0.156640	  0.000000	  0.000000	  0.000000	  0.000000	  0.000000	   0.0	   0.0	   0.0	   0.0	   0.0	   0.0	   0.0	   0.0	   0.0	1896.6	2042.8	   0.0	   0.0	   0.0	   0.0	   0.0	  0.000000	  0.000000	  0.000000	  0.000000	  0.000000	  0.000000	  0.000000	  0.000000	  0.000000	  0.843360	  0.156640	  0.000000	  0.000000	  0.000000	  0.000000	  0.000000
65	  0.000000	  0.000000	  0.000000	  0.000000	  0.000000	  0.000000	  0.000000	  0.000000	  0.202196	  0.490101	  0.276335	  0.031367	  0.000000	  0.000000	  0.000000	  0.000000	   0.0	   0.0	   0.0	   0.0	   0.0	   0.0	   0.0	   0.0	1744.5	1902.6	2066.9	2254.6	   0.0	   0.0	   0.0	   0.0	  0.000000	  0.000000	  0.000000	  0.000000	  0.000000	  0.000000	  0.000000	  0.000000	  0.202196	  0.490101	  0.276335	  0.031367	  0.000000	  0.000000	  0.000000	  0.000000
66	  0.000000	  0.000000	  0.000000	  0.000000	  0.000000	  0.000000	  0.080943	  0.461188	  0.248315	  0.162631	  0.039791	  0.007133	  0.000000	  0.000000	  0.000000	  0.000000	   0.0	   0.0	   0.0	   0.0	   0.0	   0.0	1351.0	1492.3	1692.5	1883.4	2077.5	2263.3	   0.0	   0.0	   0.0	   0.0	  0.000000	  0.000000	  0.000000	  0.000000	  0.000000	  0.000000	  0.080943	  0.461188	  0.248315	  0.162631	  0.039791	  0.007133	  0.000000	  0.000000	  0.000000	  0.000000
67	  0.000000	  0.000000	  0.000000	  0.000000	  0.000000	  0.000000	  0.357814	  0.555686	  0.082542	  0.003957	  0.000000	  0.000000	  0.000000	  0.000000	  0.000000	  0.000000	   0.0	   0.0	   0.0	   0.0	   0.0	   0.0	1356.5	1463.3	1667.3	1827.1	   0.0	   0.0	   0.0	   0.0	   0.0	   0.0	  0.000000	  0.000000	  0.000000	  0.000000	  0.000000	  0.000000	  0.357814	  0.555686	  0.082542	  0.003957	  0.000000	  0.000000	  0.000000	  0.000000	  0.000000	  0.000000
68	  0.000000	  0.000000	  0.000000	  0.000000	  0.000000	  0.001704	  0.325519	  0.382024	  0.176212	  0.069757	  0.041390	  0.003393	  0.000000	  0.000000	  0.000000	  0.000000	   0.0	   0.0	   0.0	   0.0	   0.0	1169.0	1363.2	1482.8	1682.4	1878.3	2103.4	2219.4	   0.0	   0.0	   0.0	   0.0	  0.000000	  0.000000	  0.000000	  0.000000	  0.000000	  0.001704	  0.325519	  0.382024	  0.176212	  0.069757	  0.041390	  0.003393	  0.000000	  0.000000	  0.000000	  0.000000
69	  0.000000	  0.000000	  0.000000	  0.000000	  0.000000	  0.233776	  0.183036	  0.189739	  0.199679	  0.138860	  0.052556	  0.002355	  0.000000	  0.000000	  0.000000	  0.000000	   0.0	   0.0	   0.0	   0.0	   0.0	1125.4	1283.7	1526.2	1691.8	1893.6	2091.7	2215.6	   0.0	   0.0	   0.0	   0.0	  0.000000	  0.000000	  0.000000	  0.000000	  0.000000	  0.233776	  0.183036	  0.189739	  0.199679	  0.138860	  0.052556	  0.002355	  0.000000	  0.000000	  0.000000	  0.000000
70	  0.000000	  0.000000	  0.000000	  0.000000	  0.000000	  0.144336	  0.192558	  0.261291	  0.305013	  0.083383	  0.013419	  0.000000	  0.000000	  0.000000	  0.000000	  0.000000	   0.0	   0.0	   0.0	   0.0	   0.0	1122.6	1305.9	1507.3	1680.6	1877.7	2068.3	   0.0	   0.0	   0.0	   0.0	   0.0	  0.000000	  0.000000	  0.000000	  0.000000	  0.000000	  0.144336	  0.192558	  0.261291	  0.305013	  0.083383	  0.013419	  0.000000	  0.000000	  0.000000	  0.000000	  0.000000
71	  0.000000	  0.000000	  0.000000	  0.000000	  0.000000	  0.000000	  0.002123	  0.081042	  0.450942	  0.288333	  0.152218	  0.025342	  0.000000	  0.000000	  0.000000	  0.000000	   0.0	   0.0	   0.0	   0.0	   0.0	   0.0	1376.6	1544.8	1698.1	1894.0	2083.6	2254.3	   0.0	   0.0	   0.0	   0.0	  0.000000	  0.000000	  0.000000	  0.000000	  0.000000	  0.000000	  0.002123	  0.081042	  0.450942	  0.288333	  0.152218	  0.025342	  0.000000	  0.000000	  0.000000	  0.000000
72	  0.000000	  0.000000	  0.000000	  0.000000	  0.000000	  0.000000	  0.000000	  0.139396	  0.416185	  0.414991	  0.029429	  0.000000	  0.000000	  0.000000	  0.000000	  0.000000	   0.0	   0.0	   0.0	   0.0	   0.0	   0.0	   0.0	1545.7	1716.1	1879.8	2045.6	   0.0	   0.0	   0.0	   0.0	   0.0	  0.000000	  0.000000	  0.000000	  0.000000	  0.000000	  0.000000	  0.000000	  0.139396	  0.416185	  0.414991	  0.029429	  0.000000	  0.000000	  0.000000	  0.000000	  0.000000
73	  0.000000	  0.000000	  0.000000	  0.000000	  0.000000	  0.000000	  0.000000	  0.000000	  0.189290	  0.754595	  0.056115	  0.000000	  0.000000	  0.000000	  0.000000	  0.000000	   0.0	   0.0	   0.0	   0.0	   0.0	   0.0	   0.0	   0.0	1767.3	1878.2	2029.5	   0.0	   0.0	   0.0	   0.0	   0.0	  0.000000	  0.000000	  0.000000	  0.000000	  0.000000	  0.000000	  0.000000	  0.000000	  0.189290	  0.754595	  0.056115	  0.000000	  0.000000	  0.000000	  0.000000	  0.000000
74	  0.000000	  0.000000	  0.000000	  0.000000	  0.000000	  0.000000	  0.000000	  0.000000	  0.000000	  1.000000	  0.000000	  0.000000	  0.000000	  0.000000	  0.000000	  0.000000	   0.0	   0.0	   0.0	   0.0	   0.0	   0.0	   0.0	   0.0	   0.0	1863.2	   0.0	   0.0	   0.0	   0.0	   0.0	   0.0	  0.000000	  0.000000	  0.000000	  0.000000	  0.000000	  0.000000	  0.000000	  0.000000	  0.000000	  1.000000	  0.000000	  0.000000	  0.000000	  0.000000	  0.000000	  0.000000
75	  0.000000	  0.000000	  0.000000	  0.000000	  0.000000	  0.000000	  0.000000	  0.042916	  0.857474	  0.099611	  0.000000	  0.000000	  0.000000	  0.000000	  0.000000	  0.000000	   0.0	   0.0	   0.0	   0.0	   0.0	   0.0	   0.0	1587.3	1686.1	1834.9	   0.0	   0.0	   0.0	   0.0	   0.0	   0.0	  0.000000	  0.000000	  0.000000	  0.000000	  0.000000	  0.000000	  0.000000	  0.042916	  0.857474	  0.099611	  0.000000	  0.000000	  0.000000	  0.000000	  0.000000	  0.000000
76	  0.000000	  0.000000	  0.000000	  0.000000	  0.000000	  0.000000	  0.017801	  0.627637	  0.295629	  0.058932	  0.000000	  0.000000	  0.000000	  0.000000	  0.000000	  0.000000	   0.0	   0.0	   0.0	   0.0	   0.0	   0.0	1392.0	1512.5	1690.3	1821.6	   0.0	   0.0	   0.0	   0.0	   0.0	   0.0	  0.000000	  0.000000	  0.000000	  0.000000	  0.000000	  0.000000	  0.017801	  0.627637	  0.295629	  0.058932	  0.000000	  0.000000	  0.000000	  0.000000	  0.000000	  0.000000
77	  0.000000	  0.000000	  0.000000	  0.000000	  0.000000	  0.000000	  0.441396	  0.317732	  0.236948	  0.003924	  0.000000	  0.000000	  0.000000	  0.000000	  0.000000	  0.000000	   0.0	   0.0	   0.0	   0.0	   0.0	   0.0	1378.0	1487.1	1687.1	1844.4	   0.0	   0.0	   0.0	   0.0	   0.0	   0.0	  0.000000	  0.000000	  0.000000	  0.000000	  0.000000	  0.000000	  0.441396	  0.317732	  0.236948	  0.003924	  0.000000	  0.000000	  0.000000	  0.000000	  0.000000	  0.000000
78	  0.000000	  0.000000	  0.000000	  0.000000	  0.000000	  0.000000	  0.073103	  0.513223	  0.360663	  0.049191	  0.003821	  0.000000	  0.000000	  0.000000	  0.000000	  0.000000	   0.0	   0.0	   0.0	   0.0	   0.0	   0.0	1377.1	1537.1	1666.0	1871.2	2050.5	   0.0	   0.0	   0.0	   0.0	   0.0	  0.000000	  0.000000	  0.000000	  0.000000	  0.000000	  0.000000	  0.073103	  0.513223	  0.360663	  0.049191	  0.003821	  0.000000	  0.000000	  0.000000	  0.000000	  0.000000
79	  0.000000	  0.000000	  0.000000	  0.000000	  0.000000	  0.000000	  0.000000	  0.510310	  0.417321	  0.071977	  0.000391	  0.000000	  0.000000	  0.000000	  0.000000	  0.000000	   0.0	   0.0	   0.0	   0.0	   0.0	   0.0	   0.0	1558.7	1667.8	1857.5	2014.2	   0.0	   0.0	   0.0	   0.0	   0.0	  0.000000	  0.000000	  0.000000	  0.000000	  0.000000	  0.000000	  0.000000	  0.510310	  0.417321	  0.071977	  0.000391	  0.000000	  0.000000	  0.000000	  0.000000	  0.000000
80	  0.000000	  0.000000	  0.000000	  0.000000	  0.000000	  0.000000	  0.000000	  0.075204	  0.274808	  0.421677	  0.211044	  0.017266	  0.000000	  0.000000	  0.000000	  0.000000	   0.0	   0.0	   0.0	   0.0	   0.0	   0.0	   0.0	1532.4	1719.3	1896.8	2080.5	2238.0	   0.0	   0.0	   0.0	   0.0	  0.000000	  0.000000	  0.000000	  0.000000	  0.000000	  0.000000	  0.000000	  0.075204	  0.274808	  0.421677	  0.211044	  0.017266	  0.000000	  0.000000	  0.000000	  0.000000
81	  0.000000	  0.000000	  0.000000	  0.000000	  0.000000	  0.000000	  0.000000	  0.023537	  0.154532	  0.384496	  0.390786	  0.046650	  0.000000	  0.000000	  0.000000	  0.000000	   0.0	   0.0	   0.0	   0.0	   0.0	   0.0	   0.0	1550.7	1722.6	1908.3	2081.3	2243.9	   0.0	   0.0	   0.0	   0.0	  0.000000	  0.000000	  0.000000	  0.000000	  0.000000	  0.000000	  0.000000	  0.023537	  0.154532	  0.384496	  0.390786	  0.046650	  0.000000	  0.000000	  0.000000	  0.000000
82	  0.000000	  0.000000	  0.000000	  0.000000	  0.000000	  0.000000	  0.000000	  0.000000	  0.000000	  0.471529	  0.476155	  0.052316	  0.000000	  0.000000	  0.000000	  0.000000	   0.0	   0.0	   0.0	   0.0	   0.0	   0.0	   0.0	   0.0	   0.0	1926.0	2078.1	2244.6	   0.0	   0.0	   0.0	   0.0	  0.000000	  0.000000	  0.000000	  0.000000	  0.000000	  0.000000	  0.000000	  0.000000	  0.000000	  0.471529	  0.476155	  0.052316	  0.000000	  0.000000	  0.000000	  0.000000
83	  0.000000	  0.000000	  0.000000	  0.000000	  0.000000	  0.000000	  0.000000	  0.000000	  0.000000	  0.000000	  0.000000	  0.000000	  0.086294	  0.553299	  0.209391	  0.151015	   0.0	   0.0	   0.0	   0.0	   0.0	   0.0	   0.0	   0.0	   0.0	   0.0	   0.0	   0.0	2587.1	2666.0	2887.8	3077.2	  0.000000	  0.000000	  0.000000	  0.000000	  0.000000	  0.000000	  0.000000	  0.000000	  0.000000	  0.000000	  0.000000	  0.000000	  0.086294	  0.553299	  0.209391	  0.151015
84	  0.000000	  0.000000	  0.000000	  0.000000	  0.000000	  0.000000	  0.000000	  0.000000	  0.139633	  0.415417	  0.291498	  0.113985	  0.036021	  0.003446	  0.000000	  0.000000	   0.0	   0.0	   0.0	   0.0	   0.0	   0.0	   0.0	   0.0	1748.8	1899.4	2082.7	2275.4	2482.9	2631.6	   0.0	   0.0	  0.000000	  0.000000	  0.000000	  0.000000	  0.000000	  0.000000	  0.000000	  0.000000	  0.139633	  0.415417	  0.291498	  0.113985	  0.036021	  0.003446	  0.000000	  0.000000
85	  0.000000	  0.000000	  0.000000	  0.000000	  0.000000	  0.000000	  0.000000	  0.051110	  0.367392	  0.200204	  0.315891	  0.064285	  0.001119	  0.000000	  0.000000	  0.000000	   0.0	   0.0	   0.0	   0.0	   0.0	   0.0	   0.0	1574.4	1700.9	1883.4	2105.0	2250.5	2419.8	   0.0	   0.0	   0.0	  0.000000	  0.000000	  0.000000	  0.000000	  0.000000	  0.000000	  0.000000	  0.051110	  0.367392	  0.200204	  0.315891	  0.064285	  0.001119	  0.000000	  0.000000	  0.000000
86	  0.000000	  0.000000	  0.000000	  0.000000	  0.000000	  0.000000	  0.000000	  0.000000	  0.104945	  0.446958	  0.376162	  0.070361	  0.001575	  0.000000	  0.000000	  0.000000	   0.0	   0.0	   0.0	   0.0	   0.0	   0.0	   0.0	   0.0	1745.6	1920.6	2090.5	2249.8	2422.7	   0.0	   0.0	   0.0	  0.000000	  0.000000	  0.000000	  0.000000	  0.000000	  0.000000	  0.000000	  0.000000	  0.104945	  0.446958	  0.376162	  0.070361	  0.001575	  0.000000	  0.000000	  0.000000
87	  0.000000	  0.000000	  0.000000	  0.000000	  0.000000	  0.000000	  0.000000	  0.000000	  0.579536	  0.387082	  0.033382	  0.000000	  0.000000	  0.000000	  0.000000	  0.000000	   0.0	   0.0	   0.0	   0.0	   0.0	   0.0	   0.0	   0.0	1743.2	1877.3	2044.0	   0.0	   0.0	   0.0	   0.0	   0.0	  0.000000	  0.000000	  0.000000	  0.000000	  0.000000	  0.000000	  0.000000	  0.000000	  0.579536	  0.387082	  0.033382	  0.000000	  0.000000	  0.000000	  0.000000	  0.000000
88	  0.000000	  0.000000	  0.000000	  0.000000	  0.000000	  0.000000	  0.000000	  0.000000	  0.761525	  0.197612	  0.040863	  0.000000	  0.000000	  0.000000	  0.000000	  0.000000	   0.0	   0.0	   0.0	   0.0	   0.0	   0.0	   0.0	   0.0	1702.3	1879.6	2054.2	   0.0	   0.0	   0.0	   0.0	   0.0	  0.000000	  0.000000	  0.000000	  0.000000	  0.000000	  0.000000	  0.000000	  0.000000	  0.761525	  0.197612	  0.040863	  0.000000	  0.000000	  0.000000	  0.000000	  0.000000
89	  0.000000	  0.000000	  0.000000	  0.000000	  0.000000	  0.000000	  0.000000	  0.000000	  0.558824	  0.441176	  0.000000	  0.000000	  0.000000	  0.000000	  0.000000	  0.000000	   0.0	   0.0	   0.0	   0.0	   0.0	   0.0	   0.0	   0.0	1791.7	1817.5	   0.0	   0.0	   0.0	   0.0	   0.0	   0.0	  0.000000	  0.000000	  0.000000	  0.000000	  0.000000	  0.000000	  0.000000	  0.000000	  0.558824	  0.441176	  0.000000	  0.000000	  0.000000	  0.000000	  0.000000	  0.000000
90	  0.000000	  0.000000	  0.000000	  0.000000	  0.000000	  0.000000	  0.000000	  0.000000	  0.000000	  0.897661	  0.066865	  0.035473	  0.000000	  0.000000	  0.000000	  0.000000	   0.0	   0.0	   0.0	   0.0	   0.0	   0.0	   0.0	   0.0	   0.0	1956.2	2007.1	2268.8	   0.0	   0.0	   0.0	   0.0	  0.000000	  0.000000	  0.000000	  0.000000	  0.000000	  0.000000	  0.000000	  0.000000	  0.000000	  0.897661	  0.066865	  0.035473	  0.000000	  0.000000	  0.000000	  0.000000
91	  0.000000	  0.000000	  0.000000	  0.000000	  0.000000	  0.000000	  0.000000	  0.000000	  0.034037	  0.749217	  0.216745	  0.000000	  0.000000	  0.000000	  0.000000	  0.000000	   0.0	   0.0	   0.0	   0.0	   0.0	   0.0	   0.0	   0.0	1793.2	1883.5	2043.5	   0.0	   0.0	   0.0	   0.0	   0.0	  0.000000	  0.000000	  0.000000	  0.000000	  0.000000	  0.000000	  0.000000	  0.000000	  0.034037	  0.749217	  0.216745	  0.000000	  0.000000	  0.000000	  0.000000	  0.000000
