1998	1	1	0.89369477
1998	1	2	2.14608710
1998	1	3	2.67479691
1998	1	4	2.69377799
1998	1	5	2.16563252
1998	1	6	2.04944853
1998	1	7	1.80011944
1998	1	8	1.60317153
1998	1	9	1.56992446
1998	1	10	1.98647222
1998	1	11	2.89601796
1998	1	12	3.29096155
1998	1	13	2.29427951
1998	1	14	3.29889828
1998	1	15	2.96291120
1998	1	16	2.72784469
1998	1	17	3.09786970
1998	1	18	3.39746812
1998	1	19	3.00780187
1998	1	20	2.28229807
1998	1	21	2.23769207
1998	1	22	2.37867730
1998	1	23	2.15559070
1998	1	24	1.73312173
1998	1	25	1.95947314
1998	1	26	2.01000482
1998	1	27	1.55116671
1998	1	28	2.13957867
1998	1	29	2.38257714
1998	1	30	1.46750544
1998	1	31	1.49456307
1998	2	1	2.78440992
1998	2	2	5.32731217
1998	2	3	4.95996373
1998	2	4	2.99499620
1998	2	5	3.77719467
1998	2	6	4.99956729
1998	2	7	4.78474854
1998	2	8	3.61789971
1998	2	9	3.79615727
1998	2	10	4.72530769
1998	2	11	4.23554720
1998	2	12	4.03708428
1998	2	13	4.27505311
1998	2	14	4.07587847
1998	2	15	2.89101469
1998	2	16	2.80343165
1998	2	17	3.20501139
1998	2	18	3.46046853
1998	2	19	3.05039961
1998	2	20	3.36582653
1998	2	21	2.92333196
1998	2	22	3.17629451
1998	2	23	3.09322431
1998	2	24	3.02608908
1998	2	25	2.84212738
1998	2	26	2.47031614
1998	2	27	1.99643602
1998	2	28	1.54145715
1998	3	1	1.27772907
1998	3	2	1.18380772
1998	3	3	1.17113700
1998	3	4	1.04029617
1998	3	5	1.22312703
1998	3	6	1.05054453
1998	3	7	0.94939732
1998	3	8	0.93279409
1998	3	9	0.99230310
1998	3	10	1.02861442
1998	3	11	1.11924831
1998	3	12	1.28916379
1998	3	13	1.37962918
1998	3	14	1.40502926
1998	3	15	1.79732949
1998	3	16	1.78444478
1998	3	17	1.83472200
1998	3	18	1.94425168
1998	3	19	2.08869443
1998	3	20	2.18823677
1998	3	21	3.15856029
1998	3	22	4.15049935
1998	3	23	5.37836409
1998	3	24	4.95953639
1998	3	25	3.59593015
1998	3	26	3.59268680
1998	3	27	3.86924938
1998	3	28	3.72748246
1998	3	29	3.10993068
1998	3	30	3.30557913
1998	3	31	3.55227965
1998	4	1	3.10645704
1998	4	2	3.77011149
1998	4	3	3.70791087
1998	4	4	3.14813474
1998	4	5	3.15176763
1998	4	6	3.34090328
1998	4	7	2.69548398
1998	4	8	2.36389900
1998	4	9	2.25370247
1998	4	10	2.24124821
1998	4	11	2.08638705
1998	4	12	2.50812486
1998	4	13	2.42069498
1998	4	14	1.76831438
1998	4	15	1.68323304
1998	4	16	2.12781466
1998	4	17	2.14457194
1998	4	18	1.92466516
1998	4	19	1.87764674
1998	4	20	1.82407505
1998	4	21	1.92402744
1998	4	22	2.08708700
1998	4	23	2.54929173
1998	4	24	2.46019083
1998	4	25	1.91213406
1998	4	26	1.89033987
1998	4	27	2.14416823
1998	4	28	2.40965456
1998	4	29	2.58487991
1998	4	30	2.66624957
1998	5	1	3.00764857
1998	5	2	3.01633426
1998	5	3	2.63173778
1998	5	4	2.69089420
1998	5	5	2.96671630
1998	5	6	2.87898158
1998	5	7	2.81344682
1998	5	8	2.87207838
1998	5	9	3.15155822
1998	5	10	2.69595204
1998	5	11	2.77877689
1998	5	12	3.23856058
1998	5	13	3.15906784
1998	5	14	2.63358122
1998	5	15	2.60858458
1998	5	16	2.93430017
1998	5	17	2.36260747
1998	5	18	1.96232377
1998	5	19	1.98325572
1998	5	20	2.11948536
1998	5	21	1.90757372
1998	5	22	1.70620796
1998	5	23	1.83505857
1998	5	24	2.95733860
1998	5	25	2.73688260
1998	5	26	2.80766094
1998	5	27	2.83908775
1998	5	28	4.47373882
1998	5	29	3.61194043
1998	5	30	2.71497524
1998	5	31	3.24189549
1998	6	1	3.65278005
1998	6	2	3.18519061
1998	6	3	2.78397669
1998	6	4	2.63953571
1998	6	5	2.41290849
1998	6	6	2.46397380
1998	6	7	2.62373314
1998	6	8	2.57174698
1998	6	9	2.47105926
1998	6	10	2.94549063
1998	6	11	3.26567368
1998	6	12	3.03028771
1998	6	13	2.83794396
1998	6	14	2.88241797
1998	6	15	2.87725189
1998	6	16	2.86308309
1998	6	17	2.72529287
1998	6	18	2.71622784
1998	6	19	2.51023570
1998	6	20	2.40891616
1998	6	21	2.43619845
1998	6	22	2.36805905
1998	6	23	2.41487165
1998	6	24	2.42892447
1998	6	25	2.34931622
1998	6	26	2.22312235
1998	6	27	2.08102963
1998	6	28	1.97121908
1998	6	29	1.88039097
1998	6	30	1.80276610
1998	7	1	1.77004744
1998	7	2	1.76480809
1998	7	3	1.73594824
1998	7	4	1.70043898
1998	7	5	1.63560424
1998	7	6	1.54600349
1998	7	7	1.44648297
1998	7	8	1.37866377
1998	7	9	1.33169241
1998	7	10	1.31762299
1998	7	11	1.32401473
1998	7	12	1.30490773
1998	7	13	1.27541747
1998	7	14	1.24082271
1998	7	15	1.19847987
1998	7	16	1.15026541
1998	7	17	1.08659714
1998	7	18	1.05087253
1998	7	19	1.00055795
1998	7	20	0.97620416
1998	7	21	0.95141016
1998	7	22	0.92687186
1998	7	23	0.90134417
1998	7	24	0.87682650
1998	7	25	0.85706791
1998	7	26	0.84192023
1998	7	27	0.82782989
1998	7	28	0.81618471
1998	7	29	0.80509464
1998	7	30	0.79427104
1998	7	31	0.78449485
1998	8	1	0.77520345
1998	8	2	0.76565972
1998	8	3	0.75587560
1998	8	4	0.74795405
1998	8	5	0.74020973
1998	8	6	0.73254712
1998	8	7	0.72534795
1998	8	8	0.71805957
1998	8	9	0.71093218
1998	8	10	0.70403216
1998	8	11	0.69732696
1998	8	12	0.69076315
1998	8	13	0.68421896
1998	8	14	0.68371970
1998	8	15	0.67596956
1998	8	16	0.66597244
1998	8	17	0.66016727
1998	8	18	0.65361081
1998	8	19	0.64688756
1998	8	20	0.64089230
1998	8	21	0.63951011
1998	8	22	0.64344930
1998	8	23	0.63520286
1998	8	24	0.61832516
1998	8	25	0.62178683
1998	8	26	0.61587606
1998	8	27	0.59891298
1998	8	28	0.59310711
1998	8	29	0.58722078
1998	8	30	0.58122744
1998	8	31	0.57531824
1998	9	1	0.56943849
1998	9	2	0.56359404
1998	9	3	0.55972336
1998	9	4	0.55653014
1998	9	5	0.58999887
1998	9	6	0.58263486
1998	9	7	0.55575892
1998	9	8	0.55481580
1998	9	9	0.55708765
1998	9	10	0.53783876
1998	9	11	0.53123165
1998	9	12	0.53397933
1998	9	13	0.53802614
1998	9	14	0.52894482
1998	9	15	0.51249638
1998	9	16	0.52140270
1998	9	17	0.51524213
1998	9	18	0.49513924
1998	9	19	0.48349662
1998	9	20	0.47696017
1998	9	21	0.47159621
1998	9	22	0.49210828
1998	9	23	0.48582374
1998	9	24	0.47461803
1998	9	25	0.60374197
1998	9	26	0.74173620
1998	9	27	0.63101275
1998	9	28	0.50382700
1998	9	29	0.47992054
1998	9	30	0.48270621
1998	10	1	0.49699892
1998	10	2	0.51889442
1998	10	3	0.54537977
1998	10	4	0.52434479
1998	10	5	0.50474523
1998	10	6	0.47233055
1998	10	7	0.48495332
1998	10	8	0.46791604
1998	10	9	0.44053399
1998	10	10	0.41991997
1998	10	11	0.40742951
1998	10	12	0.39936584
1998	10	13	0.39358334
1998	10	14	0.39977428
1998	10	15	0.38755480
1998	10	16	0.38101298
1998	10	17	0.37687348
1998	10	18	0.37388430
1998	10	19	0.37096221
1998	10	20	0.36792488
1998	10	21	0.36483352
1998	10	22	0.36184826
1998	10	23	0.41113611
1998	10	24	0.81213329
1998	10	25	0.59804854
1998	10	26	0.41450246
1998	10	27	0.39346423
1998	10	28	0.43396310
1998	10	29	0.49950351
1998	10	30	0.46871358
1998	10	31	0.48237124
1998	11	1	0.48133395
1998	11	2	0.43532830
1998	11	3	0.39041842
1998	11	4	0.44811958
1998	11	5	0.45322691
1998	11	6	0.72886582
1998	11	7	0.73320799
1998	11	8	0.58476466
1998	11	9	0.47951798
1998	11	10	0.57194764
1998	11	11	0.51744108
1998	11	12	0.47640237
1998	11	13	0.46605267
1998	11	14	0.46697988
1998	11	15	0.46963401
1998	11	16	0.69628944
1998	11	17	0.80238079
1998	11	18	0.54849480
1998	11	19	0.44932693
1998	11	20	0.42730191
1998	11	21	0.76274462
1998	11	22	1.61111662
1998	11	23	2.93856163
1998	11	24	2.09831161
1998	11	25	1.05748103
1998	11	26	1.27511105
1998	11	27	1.83359303
1998	11	28	1.85793878
1998	11	29	2.65018717
1998	11	30	3.66386227
1998	12	1	2.61618186
1998	12	2	2.67101562
1998	12	3	3.23688284
1998	12	4	2.79080764
1998	12	5	2.17173650
1998	12	6	1.91554359
1998	12	7	1.82045272
1998	12	8	1.71152316
1998	12	9	1.44026010
1998	12	10	1.38341704
1998	12	11	1.37882683
1998	12	12	1.11529720
1998	12	13	1.31387361
1998	12	14	1.05509196
1998	12	15	0.81894290
1998	12	16	0.87425855
1998	12	17	0.89606003
1998	12	18	0.81652407
1998	12	19	0.79558900
1998	12	20	0.70261952
1998	12	21	0.65663577
1998	12	22	0.66137279
1998	12	23	0.66387026
1998	12	24	0.66735822
1998	12	25	0.61861486
1998	12	26	0.60252193
1998	12	27	0.62351724
1998	12	28	0.59800156
1998	12	29	0.56788670
1998	12	30	0.57641743
1998	12	31	0.56577001
1999	1	1	0.54771026
1999	1	2	0.55378839
1999	1	3	0.55921457
1999	1	4	0.55102240
1999	1	5	0.54208209
1999	1	6	0.53479910
1999	1	7	0.52703965
1999	1	8	0.52523068
1999	1	9	0.52375862
1999	1	10	0.52326532
1999	1	11	0.51831467
1999	1	12	0.50606382
1999	1	13	0.51076938
1999	1	14	0.62255349
1999	1	15	0.93788990
1999	1	16	1.28530562
1999	1	17	2.14954687
1999	1	18	3.26092703
1999	1	19	4.44304769
1999	1	20	3.32755427
1999	1	21	2.23281317
1999	1	22	3.71689217
1999	1	23	3.47462819
1999	1	24	2.52209100
1999	1	25	2.34386585
1999	1	26	2.52592288
1999	1	27	2.43742359
1999	1	28	2.02436273
1999	1	29	1.72925324
1999	1	30	1.69598302
1999	1	31	1.45503707
1999	2	1	1.06031792
1999	2	2	1.01643469
1999	2	3	0.96544525
1999	2	4	0.86545297
1999	2	5	1.08207566
1999	2	6	3.14951150
1999	2	7	3.72213944
1999	2	8	7.26929149
1999	2	9	4.90277518
1999	2	10	3.16110746
1999	2	11	3.67381768
1999	2	12	3.88643496
1999	2	13	3.41624401
1999	2	14	2.61659713
1999	2	15	2.46595410
1999	2	16	3.74275263
1999	2	17	3.11879377
1999	2	18	3.48039030
1999	2	19	3.08396009
1999	2	20	3.90991095
1999	2	21	3.26215389
1999	2	22	2.36766858
1999	2	23	2.22469053
1999	2	24	3.52397885
1999	2	25	2.98106143
1999	2	26	2.05452656
1999	2	27	2.19606087
1999	2	28	3.89385592
1999	3	1	3.11506906
1999	3	2	3.25399966
1999	3	3	3.09645450
1999	3	4	2.64940681
1999	3	5	2.38163260
1999	3	6	2.33502993
1999	3	7	2.25913909
1999	3	8	2.96328909
1999	3	9	2.00562121
1999	3	10	1.52559876
1999	3	11	1.74148085
1999	3	12	1.93673636
1999	3	13	1.92235818
1999	3	14	1.82501037
1999	3	15	1.85148609
1999	3	16	1.96816504
1999	3	17	2.16955855
1999	3	18	2.29362650
1999	3	19	2.62051386
1999	3	20	2.40121524
1999	3	21	1.99707391
1999	3	22	1.77201649
1999	3	23	1.85015109
1999	3	24	2.47553229
1999	3	25	2.60096651
1999	3	26	2.61582321
1999	3	27	2.55764816
1999	3	28	2.42390238
1999	3	29	2.22577445
1999	3	30	2.60435477
1999	3	31	2.06021143
1999	4	1	1.60547052
1999	4	2	1.55482489
1999	4	3	1.65697765
1999	4	4	1.96714175
1999	4	5	2.55635306
1999	4	6	1.68530647
1999	4	7	2.14151735
1999	4	8	2.54939145
1999	4	9	2.03575191
1999	4	10	2.16799741
1999	4	11	2.28783498
1999	4	12	2.18845621
1999	4	13	2.29195599
1999	4	14	2.52233831
1999	4	15	2.58070482
1999	4	16	2.68800664
1999	4	17	2.74290454
1999	4	18	2.90315397
1999	4	19	2.93743613
1999	4	20	2.99463698
1999	4	21	2.98299596
1999	4	22	2.95020936
1999	4	23	3.05160250
1999	4	24	3.27158001
1999	4	25	3.47857387
1999	4	26	3.43892014
1999	4	27	3.19207502
1999	4	28	2.85771702
1999	4	29	2.69612605
1999	4	30	2.94646704
1999	5	1	3.11687814
1999	5	2	3.16736658
1999	5	3	2.83264679
1999	5	4	2.25874168
1999	5	5	2.32069055
1999	5	6	2.61604039
1999	5	7	2.73431604
1999	5	8	2.42534170
1999	5	9	2.18302366
1999	5	10	2.09269625
1999	5	11	2.17726784
1999	5	12	2.39131656
1999	5	13	2.49575947
1999	5	14	2.27052525
1999	5	15	1.97540806
1999	5	16	2.07371847
1999	5	17	2.31977163
1999	5	18	2.39898525
1999	5	19	2.40500580
1999	5	20	2.40449182
1999	5	21	2.44464323
1999	5	22	2.54373726
1999	5	23	2.65434736
1999	5	24	2.64311839
1999	5	25	2.64590352
1999	5	26	2.55220573
1999	5	27	2.52748158
1999	5	28	2.50770002
1999	5	29	2.44768254
1999	5	30	2.50722603
1999	5	31	2.59496237
1999	6	1	2.55941204
1999	6	2	2.54168245
1999	6	3	2.58303851
1999	6	4	2.41250264
1999	6	5	2.38353944
1999	6	6	2.43366226
1999	6	7	2.31755071
1999	6	8	2.12975903
1999	6	9	2.00573301
1999	6	10	1.93255649
1999	6	11	1.88594025
1999	6	12	1.83099608
1999	6	13	1.74575802
1999	6	14	1.67451466
1999	6	15	1.62652718
1999	6	16	1.59329271
1999	6	17	1.55912409
1999	6	18	1.54414256
1999	6	19	1.51854436
1999	6	20	1.48355568
1999	6	21	1.45998922
1999	6	22	1.45196063
1999	6	23	1.44091747
1999	6	24	1.42764350
1999	6	25	1.37872826
1999	6	26	1.30880039
1999	6	27	1.25420746
1999	6	28	1.21265452
1999	6	29	1.16369730
1999	6	30	1.10089347
1999	7	1	1.05212855
1999	7	2	1.01731631
1999	7	3	0.97498416
1999	7	4	0.94309166
1999	7	5	0.91180586
1999	7	6	0.87094915
1999	7	7	0.84606067
1999	7	8	0.82210550
1999	7	9	0.79841551
1999	7	10	0.77389543
1999	7	11	0.75513662
1999	7	12	0.74201215
1999	7	13	0.73059969
1999	7	14	0.72491161
1999	7	15	0.70988896
1999	7	16	0.69539861
1999	7	17	0.68443671
1999	7	18	0.67396186
1999	7	19	0.66400348
1999	7	20	0.65430055
1999	7	21	0.64517850
1999	7	22	0.63678630
1999	7	23	0.62888518
1999	7	24	0.62123249
1999	7	25	0.61492262
1999	7	26	0.60754794
1999	7	27	0.59987966
1999	7	28	0.59245018
1999	7	29	0.58496399
1999	7	30	0.57784042
1999	7	31	0.57160178
1999	8	1	0.56482203
1999	8	2	0.55786475
1999	8	3	0.55148510
1999	8	4	0.54528489
1999	8	5	0.53940341
1999	8	6	0.53581499
1999	8	7	0.52972156
1999	8	8	0.52377214
1999	8	9	0.58251037
1999	8	10	0.57901436
1999	8	11	0.52164006
1999	8	12	0.51112085
1999	8	13	0.50406898
1999	8	14	0.50326515
1999	8	15	0.50062725
1999	8	16	0.49644186
1999	8	17	0.49414617
1999	8	18	0.48488495
1999	8	19	0.47299312
1999	8	20	0.46937019
1999	8	21	0.46394197
1999	8	22	0.46087107
1999	8	23	0.45126608
1999	8	24	0.44495532
1999	8	25	0.44004254
1999	8	26	0.43811387
1999	8	27	0.43350644
1999	8	28	0.42769931
1999	8	29	0.42320327
1999	8	30	0.41952335
1999	8	31	0.41533944
1999	9	1	0.41164445
1999	9	2	0.40835908
1999	9	3	0.40547067
1999	9	4	0.40134967
1999	9	5	0.39687051
1999	9	6	0.39473521
1999	9	7	0.39078189
1999	9	8	0.38593572
1999	9	9	0.38974941
1999	9	10	0.39129999
1999	9	11	0.38126676
1999	9	12	0.37379688
1999	9	13	0.37035281
1999	9	14	0.36647853
1999	9	15	0.36310659
1999	9	16	0.36035490
1999	9	17	0.35856541
1999	9	18	0.35752025
1999	9	19	0.35258846
1999	9	20	0.34750131
1999	9	21	0.34543974
1999	9	22	0.34239166
1999	9	23	0.33804554
1999	9	24	0.33510767
1999	9	25	0.33221412
1999	9	26	0.32934273
1999	9	27	0.32649867
1999	9	28	0.32368694
1999	9	29	0.32091887
1999	9	30	0.31820249
1999	10	1	0.31554977
1999	10	2	0.31294459
1999	10	3	0.31039222
1999	10	4	0.30787272
1999	10	5	0.30902354
1999	10	6	0.33211134
1999	10	7	0.32287145
1999	10	8	0.30705193
1999	10	9	0.30292947
1999	10	10	0.30316163
1999	10	11	0.30111660
1999	10	12	0.29623066
1999	10	13	0.29655705
1999	10	14	0.30009736
1999	10	15	0.29446554
1999	10	16	0.28539162
1999	10	17	0.29023490
1999	10	18	0.28769876
1999	10	19	0.27530140
1999	10	20	0.27300815
1999	10	21	0.27043699
1999	10	22	0.26801017
1999	10	23	0.26586370
1999	10	24	0.26382967
1999	10	25	0.26187211
1999	10	26	0.25996182
1999	10	27	1.05235036
1999	10	28	1.02117862
1999	10	29	0.50030822
1999	10	30	0.39250736
1999	10	31	0.44656608
1999	11	1	0.47988944
1999	11	2	0.46722118
1999	11	3	0.47110691
1999	11	4	0.44417793
1999	11	5	0.38360378
1999	11	6	0.33676531
1999	11	7	1.03977218
1999	11	8	1.03527366
1999	11	9	0.53023995
1999	11	10	0.46592995
1999	11	11	0.42810228
1999	11	12	0.43880785
1999	11	13	0.45145351
1999	11	14	0.56341605
1999	11	15	0.53478651
1999	11	16	0.79687474
1999	11	17	0.79600645
1999	11	18	0.65968061
1999	11	19	1.21693039
1999	11	20	0.98100869
1999	11	21	0.62307390
1999	11	22	0.53189822
1999	11	23	0.56637679
1999	11	24	0.57892087
1999	11	25	0.57232278
1999	11	26	0.52699701
1999	11	27	0.58057810
1999	11	28	0.44650449
1999	11	29	0.85250353
1999	11	30	1.21233005
1999	12	1	0.77318030
1999	12	2	0.54937693
1999	12	3	0.48071238
1999	12	4	0.50369188
1999	12	5	0.51746115
1999	12	6	0.53125644
1999	12	7	0.51285206
1999	12	8	0.47176023
1999	12	9	0.54667822
1999	12	10	0.52903191
1999	12	11	0.46865127
1999	12	12	0.40760660
1999	12	13	0.39804749
1999	12	14	0.36592258
1999	12	15	0.32642385
1999	12	16	0.31400276
1999	12	17	0.31568382
1999	12	18	0.30015407
1999	12	19	0.31731238
1999	12	20	0.37493335
1999	12	21	0.36603227
1999	12	22	0.32356627
1999	12	23	0.30862575
1999	12	24	0.30246331
1999	12	25	0.31018896
1999	12	26	0.32576171
1999	12	27	0.31781147
1999	12	28	0.30287358
1999	12	29	0.29168138
1999	12	30	0.28620645
1999	12	31	0.30879073
2000	1	1	0.30387274
2000	1	2	0.28316326
2000	1	3	0.27117389
2000	1	4	0.27499552
2000	1	5	0.26186421
2000	1	6	0.25719168
2000	1	7	0.25466950
2000	1	8	0.25535542
2000	1	9	0.26143940
2000	1	10	0.78137262
2000	1	11	1.56346762
2000	1	12	1.00899432
2000	1	13	0.58295150
2000	1	14	0.93782280
2000	1	15	2.34997856
2000	1	16	2.18454047
2000	1	17	1.54035699
2000	1	18	1.89191368
2000	1	19	1.99564224
2000	1	20	1.42088612
2000	1	21	1.51917272
2000	1	22	1.60923266
2000	1	23	2.63780295
2000	1	24	3.64145678
2000	1	25	2.37003281
2000	1	26	1.71368739
2000	1	27	1.53337727
2000	1	28	1.57627911
2000	1	29	1.54182330
2000	1	30	2.14865740
2000	1	31	1.47154561
2000	2	1	1.07489926
2000	2	2	1.06133375
2000	2	3	1.99932384
2000	2	4	1.69068080
2000	2	5	1.39264250
2000	2	6	0.94219118
2000	2	7	0.86461246
2000	2	8	0.88642768
2000	2	9	1.43198716
2000	2	10	2.11764722
2000	2	11	3.24520457
2000	2	12	3.75190130
2000	2	13	5.94365141
2000	2	14	5.08985783
2000	2	15	4.24791622
2000	2	16	4.68411001
2000	2	17	4.10609995
2000	2	18	3.33052632
2000	2	19	2.49783870
2000	2	20	2.79487473
2000	2	21	2.89254322
2000	2	22	5.37768422
2000	2	23	3.52181053
2000	2	24	2.64728525
2000	2	25	3.54915136
2000	2	26	7.09120005
2000	2	27	6.29400019
2000	2	28	4.25403872
2000	2	29	4.64830280
2000	3	1	4.40042490
2000	3	2	3.96208714
2000	3	3	3.31027996
2000	3	4	4.33800004
2000	3	5	3.85081439
2000	3	6	2.44688495
2000	3	7	3.12570309
2000	3	8	4.42379277
2000	3	9	3.59956355
2000	3	10	2.74530774
2000	3	11	2.76927428
2000	3	12	2.79786951
2000	3	13	2.41681875
2000	3	14	2.24053021
2000	3	15	2.05919804
2000	3	16	2.03426153
2000	3	17	1.89207819
2000	3	18	2.04742294
2000	3	19	2.35528544
2000	3	20	2.40879314
2000	3	21	2.17038664
2000	3	22	2.11954678
2000	3	23	2.12579871
2000	3	24	2.25599648
2000	3	25	2.32053442
2000	3	26	2.47926640
2000	3	27	2.63664091
2000	3	28	2.46666902
2000	3	29	2.40347353
2000	3	30	2.43164823
2000	3	31	2.32579760
2000	4	1	2.31919397
2000	4	2	2.33228235
2000	4	3	2.36571558
2000	4	4	2.41870036
2000	4	5	2.45951825
2000	4	6	2.47069608
2000	4	7	2.46041851
2000	4	8	2.47420176
2000	4	9	2.43849720
2000	4	10	2.29368001
2000	4	11	2.26771152
2000	4	12	3.22493066
2000	4	13	3.26441783
2000	4	14	2.62520714
2000	4	15	2.48281816
2000	4	16	3.61939840
2000	4	17	4.60226918
2000	4	18	3.30964861
2000	4	19	2.81769838
2000	4	20	3.18726669
2000	4	21	2.94453833
2000	4	22	2.70314653
2000	4	23	2.56070045
2000	4	24	2.42651358
2000	4	25	2.43479330
2000	4	26	2.41102561
2000	4	27	2.43599903
2000	4	28	2.25250956
2000	4	29	2.10499339
2000	4	30	2.11297645
2000	5	1	2.08787435
2000	5	2	1.98699087
2000	5	3	1.98333941
2000	5	4	1.97346169
2000	5	5	1.95360957
2000	5	6	2.15248870
2000	5	7	2.46815883
2000	5	8	2.11687513
2000	5	9	1.89263633
2000	5	10	2.05077913
2000	5	11	1.96012935
2000	5	12	1.82251028
2000	5	13	1.79528068
2000	5	14	2.00460209
2000	5	15	2.19369816
2000	5	16	1.97504829
2000	5	17	1.74468679
2000	5	18	1.76698379
2000	5	19	1.83439127
2000	5	20	1.81603518
2000	5	21	1.70498105
2000	5	22	1.58423212
2000	5	23	1.57992465
2000	5	24	1.60719155
2000	5	25	1.55889880
2000	5	26	1.48907665
2000	5	27	1.44289449
2000	5	28	1.42321273
2000	5	29	1.40274009
2000	5	30	1.32543492
2000	5	31	1.25447537
2000	6	1	1.22988145
2000	6	2	1.20626709
2000	6	3	1.17051713
2000	6	4	1.13822946
2000	6	5	1.09440399
2000	6	6	1.05030951
2000	6	7	1.12064653
2000	6	8	1.08129865
2000	6	9	0.96797482
2000	6	10	0.92984995
2000	6	11	0.92987669
2000	6	12	0.93033463
2000	6	13	0.90129192
2000	6	14	0.86907542
2000	6	15	0.84170720
2000	6	16	0.82032453
2000	6	17	0.80421379
2000	6	18	0.80365004
2000	6	19	0.77420998
2000	6	20	0.75134310
2000	6	21	0.73863104
2000	6	22	0.72540306
2000	6	23	0.71529856
2000	6	24	0.70633937
2000	6	25	0.70049819
2000	6	26	0.69328800
2000	6	27	0.68195562
2000	6	28	0.67308392
2000	6	29	0.66378694
2000	6	30	0.65543747
2000	7	1	0.64777797
2000	7	2	0.64076154
2000	7	3	0.63486738
2000	7	4	0.62705716
2000	7	5	0.61815151
2000	7	6	0.61377949
2000	7	7	0.60961490
2000	7	8	0.60137877
2000	7	9	0.59352420
2000	7	10	0.58716210
2000	7	11	0.58096598
2000	7	12	0.57487472
2000	7	13	0.56879011
2000	7	14	0.56276201
2000	7	15	0.55679612
2000	7	16	0.55087731
2000	7	17	0.54502571
2000	7	18	0.53927571
2000	7	19	0.53361523
2000	7	20	0.52798293
2000	7	21	0.52234758
2000	7	22	0.51672815
2000	7	23	0.51117540
2000	7	24	0.50570646
2000	7	25	0.50028944
2000	7	26	0.49491988
2000	7	27	0.48962176
2000	7	28	0.48442969
2000	7	29	0.47931148
2000	7	30	0.47422418
2000	7	31	0.46916679
2000	8	1	0.46415106
2000	8	2	0.45990685
2000	8	3	0.45488853
2000	8	4	0.44969693
2000	8	5	0.44509013
2000	8	6	0.44038738
2000	8	7	0.43570151
2000	8	8	0.43119003
2000	8	9	0.42768450
2000	8	10	0.42539623
2000	8	11	0.42070855
2000	8	12	0.41426249
2000	8	13	0.41174031
2000	8	14	0.40754268
2000	8	15	0.40179579
2000	8	16	0.39780976
2000	8	17	0.39372260
2000	8	18	0.38979187
2000	8	19	0.38596226
2000	8	20	0.38222886
2000	8	21	0.37858758
2000	8	22	0.37501361
2000	8	23	0.37148468
2000	8	24	0.36800814
2000	8	25	0.36456515
2000	8	26	0.36114683
2000	8	27	0.35775956
2000	8	28	0.35440567
2000	8	29	0.35108956
2000	8	30	0.34782161
2000	8	31	0.35491113
2000	9	1	0.46039172
2000	9	2	0.41573431
2000	9	3	0.35746630
2000	9	4	0.34721679
2000	9	5	0.35079490
2000	9	6	0.34927122
2000	9	7	0.34626793
2000	9	8	0.34422645
2000	9	9	0.33967363
2000	9	10	0.33106001
2000	9	11	0.32557028
2000	9	12	0.32808787
2000	9	13	0.31719592
2000	9	14	0.31242087
2000	9	15	0.30709011
2000	9	16	0.30307598
2000	9	17	0.29969968
2000	9	18	0.29640082
2000	9	19	0.29381030
2000	9	20	0.29129071
2000	9	21	0.29471255
2000	9	22	0.30116490
2000	9	23	0.29106086
2000	9	24	0.28528891
2000	9	25	0.28418571
2000	9	26	0.28593920
2000	9	27	0.28383870
2000	9	28	0.27849983
2000	9	29	0.28908977
2000	9	30	0.28416246
2000	10	1	0.27080078
2000	10	2	0.26698658
2000	10	3	0.26666443
2000	10	4	0.26362807
2000	10	5	0.25979317
2000	10	6	0.26088142
2000	10	7	0.25988323
2000	10	8	0.25647370
2000	10	9	0.51000138
2000	10	10	0.63335222
2000	10	11	0.55834992
2000	10	12	0.37447274
2000	10	13	0.35293933
2000	10	14	0.36928215
2000	10	15	0.37693597
2000	10	16	0.36897249
2000	10	17	0.34746157
2000	10	18	0.32302422
2000	10	19	0.32080377
2000	10	20	0.34935844
2000	10	21	0.32101458
2000	10	22	0.29466728
2000	10	23	0.26515037
2000	10	24	0.25079103
2000	10	25	0.46738949
2000	10	26	0.42007562
2000	10	27	0.33948029
2000	10	28	1.32753666
2000	10	29	1.25133641
2000	10	30	0.66608864
2000	10	31	0.52731869
2000	11	1	0.57353646
2000	11	2	0.60039965
2000	11	3	0.58168473
2000	11	4	0.54997617
2000	11	5	0.49809439
2000	11	6	0.41047181
2000	11	7	0.37033176
2000	11	8	0.50639297
2000	11	9	0.42629413
2000	11	10	0.38777098
2000	11	11	0.31034038
2000	11	12	0.27445273
2000	11	13	0.35958603
2000	11	14	0.33264912
2000	11	15	0.28804585
2000	11	16	0.27718843
2000	11	17	0.28560282
2000	11	18	0.28865346
2000	11	19	0.27378078
2000	11	20	0.27169031
2000	11	21	0.27154960
2000	11	22	0.25699979
2000	11	23	0.24457146
2000	11	24	0.23926101
2000	11	25	0.23261898
2000	11	26	0.24201040
2000	11	27	0.23894815
2000	11	28	0.44347000
2000	11	29	0.80399065
2000	11	30	0.53738289
2000	12	1	0.32758994
2000	12	2	0.31783163
2000	12	3	0.33255311
2000	12	4	0.33569680
2000	12	5	0.34273360
2000	12	6	0.33244189
2000	12	7	0.31486021
2000	12	8	0.29317732
2000	12	9	0.44813354
2000	12	10	0.39914229
2000	12	11	0.47050282
2000	12	12	0.40905851
2000	12	13	0.67080644
2000	12	14	0.72618039
2000	12	15	0.51729883
2000	12	16	0.41411869
2000	12	17	0.41824233
2000	12	18	0.42789071
2000	12	19	0.41396476
2000	12	20	0.39810193
2000	12	21	0.48087925
2000	12	22	0.42790825
2000	12	23	0.33598497
2000	12	24	0.36865970
2000	12	25	0.31209243
2000	12	26	0.27357684
2000	12	27	0.25536667
2000	12	28	0.24944660
2000	12	29	0.24873119
2000	12	30	0.24453499
2000	12	31	0.24238360
2001	1	1	0.26456861
2001	1	2	0.24637614
2001	1	3	0.24998093
2001	1	4	0.24342556
2001	1	5	0.23837313
2001	1	6	0.23954763
2001	1	7	0.37801217
2001	1	8	0.53870779
2001	1	9	0.40408531
2001	1	10	0.84805286
2001	1	11	0.94870054
2001	1	12	0.57273985
2001	1	13	0.50045688
2001	1	14	0.53180119
2001	1	15	0.57300686
2001	1	16	0.52274066
2001	1	17	0.41622176
2001	1	18	0.36436261
2001	1	19	0.34180998
2001	1	20	0.32281299
2001	1	21	0.36509826
2001	1	22	0.30393495
2001	1	23	0.62930418
2001	1	24	0.59719396
2001	1	25	0.72761226
2001	1	26	0.51406538
2001	1	27	0.43026694
2001	1	28	0.55418165
2001	1	29	0.59028433
2001	1	30	0.53058110
2001	1	31	0.41893665
2001	2	1	0.36997639
2001	2	2	0.37252201
2001	2	3	0.40037026
2001	2	4	0.37964966
2001	2	5	0.34829297
2001	2	6	0.34515895
2001	2	7	0.29827208
2001	2	8	0.37843030
2001	2	9	0.84469869
2001	2	10	0.97057645
2001	2	11	0.75536164
2001	2	12	0.52542083
2001	2	13	0.65893804
2001	2	14	0.64390364
2001	2	15	0.59549755
2001	2	16	0.49199038
2001	2	17	0.50200654
2001	2	18	0.69093365
2001	2	19	1.20932636
2001	2	20	1.52980137
2001	2	21	1.87115643
2001	2	22	1.77760541
2001	2	23	1.25682458
2001	2	24	1.67396378
2001	2	25	1.44933559
2001	2	26	1.23334296
2001	2	27	1.13654657
2001	2	28	1.17308079
2001	3	1	1.04887481
2001	3	2	1.06237261
2001	3	3	1.18272404
2001	3	4	2.17064570
2001	3	5	1.53560989
2001	3	6	1.01311961
2001	3	7	1.22010983
2001	3	8	1.63140015
2001	3	9	1.51343773
2001	3	10	1.17182951
2001	3	11	1.15044866
2001	3	12	1.24602516
2001	3	13	1.33553818
2001	3	14	1.39028931
2001	3	15	1.47699832
2001	3	16	1.26264962
2001	3	17	1.28111183
2001	3	18	1.46769881
2001	3	19	1.62890977
2001	3	20	1.73071545
2001	3	21	1.73137136
2001	3	22	1.70749563
2001	3	23	1.66313727
2001	3	24	2.13263605
2001	3	25	2.12475223
2001	3	26	1.82175165
2001	3	27	1.61317905
2001	3	28	1.78602562
2001	3	29	1.81174509
2001	3	30	1.65926161
2001	3	31	1.59105027
2001	4	1	1.53219452
2001	4	2	1.42713176
2001	4	3	1.31708411
2001	4	4	1.31280421
2001	4	5	1.16783625
2001	4	6	1.68566912
2001	4	7	1.62413957
2001	4	8	1.18134121
2001	4	9	0.97436894
2001	4	10	1.24340872
2001	4	11	1.71208702
2001	4	12	1.33276671
2001	4	13	1.08903125
2001	4	14	1.04580853
2001	4	15	1.03453588
2001	4	16	0.94592380
2001	4	17	0.97731947
2001	4	18	1.21126406
2001	4	19	1.61779395
2001	4	20	1.67839839
2001	4	21	1.05016950
2001	4	22	1.01457676
2001	4	23	1.29576267
2001	4	24	1.45827675
2001	4	25	1.32980391
2001	4	26	1.15460741
2001	4	27	1.02443470
2001	4	28	0.95149120
2001	4	29	0.97928108
2001	4	30	1.03844739
2001	5	1	1.01456297
2001	5	2	0.93248048
2001	5	3	0.87257825
2001	5	4	0.84291279
2001	5	5	0.82413079
2001	5	6	0.81102254
2001	5	7	0.79930802
2001	5	8	0.78303392
2001	5	9	0.77993110
2001	5	10	0.77091687
2001	5	11	0.75694992
2001	5	12	0.74361597
2001	5	13	0.72278018
2001	5	14	0.72060049
2001	5	15	0.68822713
2001	5	16	0.64597105
2001	5	17	0.61141847
2001	5	18	0.58690041
2001	5	19	0.56773626
2001	5	20	0.55209837
2001	5	21	0.54395766
2001	5	22	0.53290956
2001	5	23	0.51982175
2001	5	24	0.50791812
2001	5	25	0.49920590
2001	5	26	0.48927148
2001	5	27	0.48091728
2001	5	28	0.47169570
2001	5	29	0.46436982
2001	5	30	0.45759419
2001	5	31	0.45161959
2001	6	1	0.44608574
2001	6	2	0.44072847
2001	6	3	0.43557920
2001	6	4	0.43065378
2001	6	5	0.42583895
2001	6	6	0.42109387
2001	6	7	0.41644487
2001	6	8	0.41185144
2001	6	9	0.40729989
2001	6	10	0.40282521
2001	6	11	0.39844096
2001	6	12	0.39416697
2001	6	13	0.39000288
2001	6	14	0.38592594
2001	6	15	0.38188807
2001	6	16	0.37785897
2001	6	17	0.37384276
2001	6	18	0.36986122
2001	6	19	0.36592377
2001	6	20	0.36202773
2001	6	21	0.35815869
2001	6	22	0.35429479
2001	6	23	0.35045286
2001	6	24	0.34666501
2001	6	25	0.39488869
2001	6	26	0.37464537
2001	6	27	0.39433522
2001	6	28	0.35770063
2001	6	29	0.34592733
2001	6	30	0.35116202
2001	7	1	0.35801434
2001	7	2	0.35463892
2001	7	3	0.33977390
2001	7	4	0.32770616
2001	7	5	0.31907047
2001	7	6	0.32014223
2001	7	7	0.31171778
2001	7	8	0.31389360
2001	7	9	0.30918216
2001	7	10	0.39404285
2001	7	11	0.37976351
2001	7	12	0.30012474
2001	7	13	0.29039125
2001	7	14	0.28797415
2001	7	15	0.28626515
2001	7	16	0.29133233
2001	7	17	0.31010494
2001	7	18	0.31248094
2001	7	19	0.29120792
2001	7	20	0.27538607
2001	7	21	0.27403282
2001	7	22	0.27075189
2001	7	23	0.26855477
2001	7	24	0.26488013
2001	7	25	0.25820621
2001	7	26	0.25365861
2001	7	27	0.25055798
2001	7	28	0.24800579
2001	7	29	0.24564215
2001	7	30	0.24336230
2001	7	31	0.24113533
2001	8	1	0.23895572
2001	8	2	0.23680986
2001	8	3	0.23469211
2001	8	4	0.23260165
2001	8	5	0.23054027
2001	8	6	0.22851149
2001	8	7	0.22650481
2001	8	8	0.22451170
2001	8	9	0.22253817
2001	8	10	0.22058136
2001	8	11	0.21866116
2001	8	12	0.21677074
2001	8	13	0.21490679
2001	8	14	0.21307462
2001	8	15	0.21126505
2001	8	16	0.20948316
2001	8	17	0.20772289
2001	8	18	0.20597993
2001	8	19	0.20426125
2001	8	20	0.20256493
2001	8	21	0.20089063
2001	8	22	0.19924510
2001	8	23	0.19762166
2001	8	24	0.19602664
2001	8	25	0.19445410
2001	8	26	0.19289892
2001	8	27	0.19136074
2001	8	28	0.18983326
2001	8	29	0.18831593
2001	8	30	0.18681469
2001	8	31	0.18533313
2001	9	1	0.18386696
2001	9	2	0.18242508
2001	9	3	0.18099927
2001	9	4	0.17959473
2001	9	5	0.17820802
2001	9	6	0.17683893
2001	9	7	0.17548624
2001	9	8	0.17414707
2001	9	9	0.17282385
2001	9	10	0.17151464
2001	9	11	0.17059311
2001	9	12	0.16930498
2001	9	13	0.17132809
2001	9	14	0.16834612
2001	9	15	0.16625008
2001	9	16	0.16480199
2001	9	17	0.16421131
2001	9	18	0.16315049
2001	9	19	0.16186623
2001	9	20	0.16011241
2001	9	21	0.15855338
2001	9	22	0.15724905
2001	9	23	0.18357779
2001	9	24	0.26111824
2001	9	25	0.25302794
2001	9	26	0.17825662
2001	9	27	0.17034802
2001	9	28	0.17805420
2001	9	29	0.17821996
2001	9	30	0.17661995
2001	10	1	0.17989451
2001	10	2	0.17759993
2001	10	3	0.16710321
2001	10	4	0.16174922
2001	10	5	0.17176054
2001	10	6	0.15686699
2001	10	7	0.14743769
2001	10	8	0.14413661
2001	10	9	0.14051616
2001	10	10	0.13843921
2001	10	11	0.13711681
2001	10	12	0.13606095
2001	10	13	0.13508928
2001	10	14	0.13414987
2001	10	15	0.13322305
2001	10	16	0.13230413
2001	10	17	0.13139092
2001	10	18	0.13049496
2001	10	19	0.12960567
2001	10	20	0.12872092
2001	10	21	0.12784752
2001	10	22	0.12698040
2001	10	23	0.12612261
2001	10	24	0.12527238
2001	10	25	0.12443094
2001	10	26	0.12359681
2001	10	27	0.12277105
2001	10	28	0.12197174
2001	10	29	0.33903612
2001	10	30	0.72294539
2001	10	31	0.42705251
2001	11	1	0.21224399
2001	11	2	0.23157309
2001	11	3	0.28784829
2001	11	4	0.29667048
2001	11	5	0.27213781
2001	11	6	0.25480007
2001	11	7	0.22390891
2001	11	8	0.19162251
2001	11	9	0.21434550
2001	11	10	0.36730415
2001	11	11	0.46827277
2001	11	12	1.08093060
2001	11	13	0.83425843
2001	11	14	0.39513660
2001	11	15	0.37207637
2001	11	16	0.48938609
2001	11	17	0.53601801
2001	11	18	0.48149192
2001	11	19	0.46130456
2001	11	20	0.47057210
2001	11	21	1.56546296
2001	11	22	1.62769953
2001	11	23	1.48499000
2001	11	24	1.60635635
2001	11	25	1.01615361
2001	11	26	0.80231318
2001	11	27	0.87862722
2001	11	28	1.34504340
2001	11	29	1.31589902
2001	11	30	1.10742691
2001	12	1	2.51137788
2001	12	2	2.94810891
2001	12	3	1.92425395
2001	12	4	1.81759676
2001	12	5	1.75773125
2001	12	6	1.49097243
2001	12	7	1.13319958
2001	12	8	0.94794596
2001	12	9	0.92431941
2001	12	10	0.90814011
2001	12	11	0.84647645
2001	12	12	0.94773498
2001	12	13	1.48117272
2001	12	14	0.85960795
2001	12	15	0.66807956
2001	12	16	1.21240014
2001	12	17	1.36538175
2001	12	18	0.88859903
2001	12	19	1.33216486
2001	12	20	1.63681204
2001	12	21	1.11282268
2001	12	22	1.61622932
2001	12	23	1.03342835
2001	12	24	1.02757233
2001	12	25	0.96362716
2001	12	26	0.89646094
2001	12	27	0.86492249
2001	12	28	1.62765089
2001	12	29	1.22714888
2001	12	30	2.11335884
2001	12	31	3.04793781
2002	1	1	3.03921875
2002	1	2	3.27690137
2002	1	3	2.45997756
2002	1	4	2.37451102
2002	1	5	3.54524771
2002	1	6	3.12128781
2002	1	7	2.31131731
2002	1	8	1.88529931
2002	1	9	2.09129008
2002	1	10	1.90476352
2002	1	11	1.66048075
2002	1	12	1.42435338
2002	1	13	1.25900932
2002	1	14	1.03354500
2002	1	15	0.92481321
2002	1	16	0.89273748
2002	1	17	0.83912051
2002	1	18	0.65840524
2002	1	19	0.61515656
2002	1	20	0.55739063
2002	1	21	0.59642638
2002	1	22	0.54606467
2002	1	23	0.50344487
2002	1	24	0.49613975
2002	1	25	1.01013617
2002	1	26	1.40892974
2002	1	27	0.71507019
2002	1	28	0.78950571
2002	1	29	1.11142375
2002	1	30	1.25907019
2002	1	31	0.94630437
2002	2	1	0.64625433
2002	2	2	0.57008642
2002	2	3	0.54372946
2002	2	4	0.53876738
2002	2	5	0.52024291
2002	2	6	0.60644593
2002	2	7	1.11278570
2002	2	8	0.75558582
2002	2	9	0.62293157
2002	2	10	0.81156947
2002	2	11	1.02846538
2002	2	12	1.07213584
2002	2	13	0.96134159
2002	2	14	0.84062198
2002	2	15	0.75957181
2002	2	16	1.01716495
2002	2	17	0.88912574
2002	2	18	1.05593003
2002	2	19	2.22839352
2002	2	20	1.84525195
2002	2	21	1.53792164
2002	2	22	1.86557375
2002	2	23	2.26545650
2002	2	24	1.87869318
2002	2	25	1.40501580
2002	2	26	1.38080879
2002	2	27	1.46478626
2002	2	28	1.37995438
2002	3	1	1.24022140
2002	3	2	1.19574792
2002	3	3	1.19900461
2002	3	4	1.28696925
2002	3	5	1.82357923
2002	3	6	3.53542155
2002	3	7	2.87077560
2002	3	8	1.44466515
2002	3	9	2.54919481
2002	3	10	2.69348199
2002	3	11	2.33392141
2002	3	12	2.17834153
2002	3	13	2.07180996
2002	3	14	1.57912910
2002	3	15	1.32161092
2002	3	16	1.12120542
2002	3	17	1.26205976
2002	3	18	0.99332519
2002	3	19	0.84857362
2002	3	20	0.96347069
2002	3	21	1.18347805
2002	3	22	2.52561789
2002	3	23	2.60112337
2002	3	24	1.54095264
2002	3	25	1.38093973
2002	3	26	1.85188165
2002	3	27	2.12756166
2002	3	28	2.15333693
2002	3	29	2.17761296
2002	3	30	2.23399942
2002	3	31	2.27338607
2002	4	1	2.17980060
2002	4	2	2.31452460
2002	4	3	2.49722266
2002	4	4	2.45077611
2002	4	5	2.37887468
2002	4	6	2.32989504
2002	4	7	2.32568917
2002	4	8	2.34533175
2002	4	9	2.44641913
2002	4	10	2.39365447
2002	4	11	2.34019178
2002	4	12	2.32953995
2002	4	13	2.35871070
2002	4	14	2.34585982
2002	4	15	2.18406339
2002	4	16	2.25594374
2002	4	17	2.15771788
2002	4	18	1.90834814
2002	4	19	1.78621666
2002	4	20	1.77754070
2002	4	21	1.82220496
2002	4	22	1.67506515
2002	4	23	1.55718199
2002	4	24	1.57381904
2002	4	25	1.61844079
2002	4	26	1.72603173
2002	4	27	1.75361855
2002	4	28	1.52612619
2002	4	29	1.46149056
2002	4	30	1.51390245
2002	5	1	1.44823640
2002	5	2	1.43238907
2002	5	3	1.38218283
2002	5	4	1.33997030
2002	5	5	1.31422730
2002	5	6	1.28393879
2002	5	7	1.29770317
2002	5	8	1.29378884
2002	5	9	1.24315623
2002	5	10	1.19033561
2002	5	11	1.13937433
2002	5	12	1.06401776
2002	5	13	1.08710301
2002	5	14	1.10689277
2002	5	15	1.13513202
2002	5	16	1.19507729
2002	5	17	1.21884702
2002	5	18	1.20061837
2002	5	19	1.75436967
2002	5	20	1.92006937
2002	5	21	1.37505561
2002	5	22	1.20334250
2002	5	23	1.22410996
2002	5	24	1.27674196
2002	5	25	1.28224955
2002	5	26	1.23726247
2002	5	27	1.18275815
2002	5	28	1.11327047
2002	5	29	1.07092535
2002	5	30	1.10217553
2002	5	31	1.10696718
2002	6	1	1.05258891
2002	6	2	0.97135807
2002	6	3	0.88982916
2002	6	4	0.83257108
2002	6	5	0.79005600
2002	6	6	0.77057974
2002	6	7	0.75650802
2002	6	8	0.73923502
2002	6	9	0.71870798
2002	6	10	0.69683714
2002	6	11	0.68067249
2002	6	12	0.67027199
2002	6	13	0.66159232
2002	6	14	0.65307848
2002	6	15	0.64230205
2002	6	16	0.63187741
2002	6	17	0.62254854
2002	6	18	0.61323353
2002	6	19	0.60406233
2002	6	20	0.59574234
2002	6	21	0.62508489
2002	6	22	0.60871816
2002	6	23	0.57753470
2002	6	24	0.57116957
2002	6	25	0.57409266
2002	6	26	0.56548427
2002	6	27	0.55251161
2002	6	28	0.54998477
2002	6	29	0.54989466
2002	6	30	0.53894621
2002	7	1	0.52299055
2002	7	2	0.53169586
2002	7	3	0.52218680
2002	7	4	0.50530054
2002	7	5	0.49767360
2002	7	6	0.49042311
2002	7	7	0.48418816
2002	7	8	0.47870414
2002	7	9	0.47311936
2002	7	10	0.46746997
2002	7	11	0.46198105
2002	7	12	0.45660955
2002	7	13	0.45132819
2002	7	14	0.44613157
2002	7	15	0.44104129
2002	7	16	0.43609490
2002	7	17	0.44039072
2002	7	18	0.43484942
2002	7	19	0.42505846
2002	7	20	0.41941613
2002	7	21	0.41634894
2002	7	22	0.41180439
2002	7	23	0.40941712
2002	7	24	0.40925566
2002	7	25	0.40535538
2002	7	26	0.39757842
2002	7	27	0.39008997
2002	7	28	0.38671238
2002	7	29	0.38329489
2002	7	30	0.37730440
2002	7	31	0.37393854
2002	8	1	0.36993054
2002	8	2	0.36606105
2002	8	3	0.36202950
2002	8	4	0.35835109
2002	8	5	0.35497521
2002	8	6	0.35171606
2002	8	7	0.34846439
2002	8	8	0.34515346
2002	8	9	0.34182484
2002	8	10	0.33855505
2002	8	11	0.33534348
2002	8	12	0.33218519
2002	8	13	0.32913093
2002	8	14	0.32581089
2002	8	15	0.32266175
2002	8	16	0.31953768
2002	8	17	0.31643860
2002	8	18	0.31338864
2002	8	19	0.31039172
2002	8	20	0.30745391
2002	8	21	0.30459232
2002	8	22	0.30179815
2002	8	23	0.29905287
2002	8	24	0.29635567
2002	8	25	0.29369498
2002	8	26	0.29104555
2002	8	27	0.28839735
2002	8	28	0.28577824
2002	8	29	0.28318537
2002	8	30	0.28060704
2002	8	31	0.27804818
2002	9	1	0.27552286
2002	9	2	0.27303703
2002	9	3	0.27058224
2002	9	4	0.26814370
2002	9	5	0.26573926
2002	9	6	0.26339292
2002	9	7	0.26112502
2002	9	8	0.25892605
2002	9	9	0.25676487
2002	9	10	0.25462048
2002	9	11	0.25247825
2002	9	12	0.25033256
2002	9	13	0.24817554
2002	9	14	0.24603348
2002	9	15	0.24391748
2002	9	16	0.24182954
2002	9	17	0.23977874
2002	9	18	0.23775410
2002	9	19	0.23574562
2002	9	20	0.23376730
2002	9	21	0.23181303
2002	9	22	0.22987372
2002	9	23	0.22795009
2002	9	24	0.22604579
2002	9	25	0.22416133
2002	9	26	0.22230319
2002	9	27	0.22046669
2002	9	28	0.21865527
2002	9	29	0.21688148
2002	9	30	0.21515506
2002	10	1	0.21347806
2002	10	2	0.21184092
2002	10	3	0.21101616
2002	10	4	0.21305995
2002	10	5	0.20866881
2002	10	6	0.20568035
2002	10	7	0.20435963
2002	10	8	0.20341027
2002	10	9	0.20224414
2002	10	10	0.20055194
2002	10	11	0.19862954
2002	10	12	0.19661656
2002	10	13	0.19474495
2002	10	14	0.19345249
2002	10	15	0.19202344
2002	10	16	0.19026014
2002	10	17	0.18883164
2002	10	18	0.18738422
2002	10	19	0.18595570
2002	10	20	0.18457355
2002	10	21	0.18322822
2002	10	22	0.18190086
2002	10	23	0.18058609
2002	10	24	0.17934883
2002	10	25	0.17811009
2002	10	26	0.17714701
2002	10	27	0.17582994
2002	10	28	0.17444661
2002	10	29	0.17324345
2002	10	30	0.17206941
2002	10	31	0.17088990
2002	11	1	0.16973465
2002	11	2	0.16872005
2002	11	3	0.16786347
2002	11	4	0.16665218
2002	11	5	0.16520151
2002	11	6	0.44230898
2002	11	7	1.68893784
2002	11	8	2.13368490
2002	11	9	1.79438505
2002	11	10	1.59739222
2002	11	11	1.10176264
2002	11	12	0.99154237
2002	11	13	1.06676382
2002	11	14	1.11901416
2002	11	15	1.17042548
2002	11	16	1.11864702
2002	11	17	0.99692764
2002	11	18	1.03244253
2002	11	19	0.96271903
2002	11	20	0.85870363
2002	11	21	0.65358853
2002	11	22	0.43573083
2002	11	23	0.33170652
2002	11	24	0.29545796
2002	11	25	0.28010950
2002	11	26	0.27215991
2002	11	27	0.26718059
2002	11	28	0.26001502
2002	11	29	0.25080400
2002	11	30	0.24676657
2002	12	1	0.24464477
2002	12	2	0.23989468
2002	12	3	0.23592687
2002	12	4	0.23511011
2002	12	5	0.23448747
2002	12	6	0.23229846
2002	12	7	0.22782906
2002	12	8	0.24298036
2002	12	9	0.37234136
2002	12	10	0.42755743
2002	12	11	0.30309063
2002	12	12	0.69120294
2002	12	13	4.61313682
2002	12	14	7.17625331
2002	12	15	8.26249856
2002	12	16	6.90899155
2002	12	17	4.24503176
2002	12	18	3.36289038
2002	12	19	3.89214401
2002	12	20	5.25757067
2002	12	21	4.19928299
2002	12	22	3.34796026
2002	12	23	3.22635763
2002	12	24	3.43184339
2002	12	25	3.20620901
2002	12	26	4.40344735
2002	12	27	5.39371246
2002	12	28	6.30796326
2002	12	29	3.66880857
2002	12	30	4.07651615
2002	12	31	4.41846399
2003	1	1	3.82142349
2003	1	2	3.35723072
2003	1	3	3.03131433
2003	1	4	2.61083782
2003	1	5	2.00372231
2003	1	6	1.85000883
2003	1	7	1.97802452
2003	1	8	2.01179250
2003	1	9	2.38787353
2003	1	10	3.34713841
2003	1	11	2.14859274
2003	1	12	2.80189165
2003	1	13	3.47150519
2003	1	14	3.28692602
2003	1	15	2.78092774
2003	1	16	2.59141212
2003	1	17	2.56020019
2003	1	18	2.29288404
2003	1	19	1.98590278
2003	1	20	1.91679583
2003	1	21	2.11689704
2003	1	22	3.12631096
2003	1	23	2.76184303
2003	1	24	2.09264513
2003	1	25	2.09782143
2003	1	26	2.44956332
2003	1	27	2.69864496
2003	1	28	2.22628438
2003	1	29	1.91020499
2003	1	30	1.77047699
2003	1	31	1.70972884
2003	2	1	1.81381480
2003	2	2	1.57208664
2003	2	3	1.37402365
2003	2	4	1.25392219
2003	2	5	1.17724659
2003	2	6	1.12779457
2003	2	7	1.10899437
2003	2	8	1.00997472
2003	2	9	0.94610623
2003	2	10	0.95443624
2003	2	11	0.94985373
2003	2	12	1.65713532
2003	2	13	1.73384971
2003	2	14	1.27588280
2003	2	15	2.76884537
2003	2	16	2.61377068
2003	2	17	1.73870918
2003	2	18	1.65464769
2003	2	19	2.33237761
2003	2	20	1.97235348
2003	2	21	1.56813613
2003	2	22	1.53665089
2003	2	23	1.53478191
2003	2	24	1.37150860
2003	2	25	1.18730062
2003	2	26	1.21895559
2003	2	27	1.10339650
2003	2	28	0.92854429
2003	3	1	0.85761700
2003	3	2	0.86665760
2003	3	3	0.88718084
2003	3	4	0.87754417
2003	3	5	0.84935506
2003	3	6	0.84910095
2003	3	7	0.86221544
2003	3	8	0.89166652
2003	3	9	0.91600985
2003	3	10	1.00199045
2003	3	11	1.02901078
2003	3	12	1.11699195
2003	3	13	2.72113845
2003	3	14	7.68743611
2003	3	15	6.04363528
2003	3	16	2.91645423
2003	3	17	2.79585971
2003	3	18	3.71751875
2003	3	19	3.81488396
2003	3	20	3.14024982
2003	3	21	2.92813894
2003	3	22	3.03312366
2003	3	23	2.70479289
2003	3	24	2.50335373
2003	3	25	3.34777471
2003	3	26	2.96996718
2003	3	27	2.30283732
2003	3	28	1.92313366
2003	3	29	1.96560393
2003	3	30	1.97750285
2003	3	31	1.93587913
2003	4	1	2.06616544
2003	4	2	2.24194199
2003	4	3	2.28514218
2003	4	4	2.05269757
2003	4	5	1.91014937
2003	4	6	2.06823337
2003	4	7	2.17160911
2003	4	8	2.16980321
2003	4	9	2.07562174
2003	4	10	1.85224115
2003	4	11	2.07517656
2003	4	12	5.75912011
2003	4	13	5.12595312
2003	4	14	2.87914911
2003	4	15	2.64568483
2003	4	16	3.48354684
2003	4	17	3.45974501
2003	4	18	2.86006769
2003	4	19	2.45080589
2003	4	20	2.41610392
2003	4	21	2.33643594
2003	4	22	1.99248672
2003	4	23	4.71568264
2003	4	24	5.33951885
2003	4	25	5.06713851
2003	4	26	3.44899725
2003	4	27	5.08333225
2003	4	28	5.89766035
2003	4	29	5.32822782
2003	4	30	3.75987858
2003	5	1	3.42195116
2003	5	2	4.86179169
2003	5	3	5.43208612
2003	5	4	4.68206795
2003	5	5	3.84525886
2003	5	6	3.46134157
2003	5	7	4.07592861
2003	5	8	3.65665110
2003	5	9	2.92145359
2003	5	10	2.49677871
2003	5	11	2.26656719
2003	5	12	2.18464236
2003	5	13	2.27340746
2003	5	14	2.36102194
2003	5	15	2.24948559
2003	5	16	2.08730326
2003	5	17	1.98400560
2003	5	18	2.14760962
2003	5	19	2.09051329
2003	5	20	2.09320991
2003	5	21	2.10836782
2003	5	22	2.09228528
2003	5	23	2.12198334
2003	5	24	2.26276420
2003	5	25	2.33707598
2003	5	26	2.39816279
2003	5	27	2.48255071
2003	5	28	2.52627258
2003	5	29	2.44276777
2003	5	30	2.35061822
2003	5	31	2.27731241
2003	6	1	2.24017200
2003	6	2	2.23026962
2003	6	3	2.17992165
2003	6	4	2.16149122
2003	6	5	2.18233751
2003	6	6	2.18226469
2003	6	7	2.12449302
2003	6	8	1.97833040
2003	6	9	1.78038797
2003	6	10	1.64245195
2003	6	11	1.54178096
2003	6	12	1.49211889
2003	6	13	1.46050413
2003	6	14	1.41090859
2003	6	15	1.36659843
2003	6	16	1.33363063
2003	6	17	1.29193963
2003	6	18	1.22075785
2003	6	19	1.13982527
2003	6	20	1.09295475
2003	6	21	1.04868063
2003	6	22	1.01687149
2003	6	23	1.05875518
2003	6	24	1.01694827
2003	6	25	0.95407377
2003	6	26	0.92602951
2003	6	27	0.90462895
2003	6	28	0.88671304
2003	6	29	0.87806884
2003	6	30	0.87106205
2003	7	1	0.85677437
2003	7	2	0.83759363
2003	7	3	0.81869389
2003	7	4	0.80838179
2003	7	5	0.79292612
2003	7	6	0.78386795
2003	7	7	0.76944952
2003	7	8	0.75705575
2003	7	9	0.74718527
2003	7	10	0.73787730
2003	7	11	0.72817313
2003	7	12	0.71855416
2003	7	13	0.70944370
2003	7	14	0.70016282
2003	7	15	0.69114009
2003	7	16	0.68272565
2003	7	17	0.67453928
2003	7	18	0.66645310
2003	7	19	0.65900210
2003	7	20	0.65569032
2003	7	21	0.64618958
2003	7	22	0.63623077
2003	7	23	0.62896328
2003	7	24	0.62106236
2003	7	25	0.61719322
2003	7	26	0.61046875
2003	7	27	0.60585772
2003	7	28	0.59666628
2003	7	29	0.58666194
2003	7	30	0.57905057
2003	7	31	0.61396660
2003	8	1	0.60576600
2003	8	2	0.64991784
2003	8	3	0.61247634
2003	8	4	0.57090265
2003	8	5	0.56474099
2003	8	6	0.55847308
2003	8	7	0.55666564
2003	8	8	0.55131491
2003	8	9	0.54825144
2003	8	10	0.54775078
2003	8	11	0.53985292
2003	8	12	0.52002483
2003	8	13	0.53226533
2003	8	14	0.51563011
2003	8	15	0.49430272
2003	8	16	0.48681178
2003	8	17	0.47981732
2003	8	18	0.47414266
2003	8	19	0.47970033
2003	8	20	0.46724863
2003	8	21	0.62537525
2003	8	22	0.63060345
2003	8	23	0.52597476
2003	8	24	0.48167052
2003	8	25	0.47703825
2003	8	26	0.47486216
2003	8	27	0.47650282
2003	8	28	0.47731703
2003	8	29	0.47434894
2003	8	30	0.46842557
2003	8	31	0.45424159
2003	9	1	0.46058273
2003	9	2	0.44330102
2003	9	3	0.43453982
2003	9	4	0.42318439
2003	9	5	0.41160718
2003	9	6	0.39814698
2003	9	7	0.39427194
2003	9	8	0.39095115
2003	9	9	0.38832564
2003	9	10	0.38519881
2003	9	11	0.38393210
2003	9	12	0.38512095
2003	9	13	0.38029377
2003	9	14	0.37062199
2003	9	15	0.37112789
2003	9	16	0.36828964
2003	9	17	0.35928861
2003	9	18	0.35602975
2003	9	19	0.35290417
2003	9	20	0.34981451
2003	9	21	0.34679855
2003	9	22	0.34378979
2003	9	23	0.34079973
2003	9	24	0.33782182
2003	9	25	0.33485860
2003	9	26	0.33190029
2003	9	27	0.32895585
2003	9	28	0.32606657
2003	9	29	0.32323348
2003	9	30	0.32046156
2003	10	1	0.31774647
2003	10	2	0.31508119
2003	10	3	0.31246465
2003	10	4	0.30989796
2003	10	5	0.30737223
2003	10	6	0.30488638
2003	10	7	0.30243017
2003	10	8	0.29998611
2003	10	9	0.29756753
2003	10	10	0.29518121
2003	10	11	0.29285292
2003	10	12	0.29057131
2003	10	13	0.28832149
2003	10	14	0.28609750
2003	10	15	0.28389059
2003	10	16	0.28171082
2003	10	17	0.27956213
2003	10	18	0.27742490
2003	10	19	0.27530024
2003	10	20	0.27319696
2003	10	21	0.27111443
2003	10	22	0.26904563
2003	10	23	0.26698163
2003	10	24	0.26492954
2003	10	25	0.26288512
2003	10	26	0.26085308
2003	10	27	0.25883509
2003	10	28	0.25682791
2003	10	29	0.25483517
2003	10	30	0.28911005
2003	10	31	0.29328104
2003	11	1	0.27215731
2003	11	2	0.35774918
2003	11	3	0.31645902
2003	11	4	0.27408487
2003	11	5	0.26431809
2003	11	6	0.31954558
2003	11	7	0.35067805
2003	11	8	0.84036929
2003	11	9	0.86241523
2003	11	10	0.49358933
2003	11	11	0.36434515
2003	11	12	0.37738703
2003	11	13	0.41409285
2003	11	14	0.65212220
2003	11	15	0.73590818
2003	11	16	0.53250242
2003	11	17	0.45297601
2003	11	18	0.40575164
2003	11	19	0.50491561
2003	11	20	0.46575529
2003	11	21	0.39820988
2003	11	22	0.34911924
2003	11	23	0.31397654
2003	11	24	0.29707633
2003	11	25	0.32320127
2003	11	26	0.31410387
2003	11	27	0.27312813
2003	11	28	0.26110835
2003	11	29	0.27100480
2003	11	30	0.36741934
2003	12	1	0.74603083
2003	12	2	0.53865650
2003	12	3	0.35380299
2003	12	4	0.45057549
2003	12	5	1.04013057
2003	12	6	2.36970566
2003	12	7	1.97666881
2003	12	8	0.92106503
2003	12	9	1.31294894
2003	12	10	1.70341819
2003	12	11	1.25077606
2003	12	12	1.29823622
2003	12	13	1.99028629
2003	12	14	1.77568100
2003	12	15	1.18558333
2003	12	16	1.15458230
2003	12	17	1.24686569
2003	12	18	1.11839046
2003	12	19	1.07359207
2003	12	20	1.03267684
2003	12	21	0.77906557
2003	12	22	0.62976276
2003	12	23	1.65457475
2003	12	24	2.50602211
2003	12	25	1.42317215
2003	12	26	0.85474668
2003	12	27	0.91276376
2003	12	28	1.30112897
2003	12	29	2.23584251
2003	12	30	1.40648629
2003	12	31	1.66995594
2004	1	1	2.81067601
2004	1	2	1.77154019
2004	1	3	1.39899606
2004	1	4	1.41355218
2004	1	5	1.21613050
2004	1	6	1.43437228
2004	1	7	1.24862576
2004	1	8	1.00285213
2004	1	9	1.16896974
2004	1	10	1.05020987
2004	1	11	1.06022843
2004	1	12	1.08495226
2004	1	13	0.91617709
2004	1	14	0.84416112
2004	1	15	0.80469916
2004	1	16	0.80504088
2004	1	17	0.76320746
2004	1	18	0.71067560
2004	1	19	0.69412251
2004	1	20	0.66802234
2004	1	21	0.63192919
2004	1	22	0.60112987
2004	1	23	0.57759314
2004	1	24	0.56412697
2004	1	25	0.53136655
2004	1	26	0.67609692
2004	1	27	1.20783319
2004	1	28	0.64619181
2004	1	29	0.61141667
2004	1	30	0.70073351
2004	1	31	0.79314008
2004	2	1	0.90893921
2004	2	2	1.66628901
2004	2	3	0.95111650
2004	2	4	0.61555503
2004	2	5	0.74054890
2004	2	6	1.18889898
2004	2	7	1.04854838
2004	2	8	0.69584021
2004	2	9	0.56770804
2004	2	10	0.58872774
2004	2	11	0.60403615
2004	2	12	0.56675630
2004	2	13	0.57128087
2004	2	14	0.57960847
2004	2	15	1.08356779
2004	2	16	4.18405391
2004	2	17	7.58927157
2004	2	18	5.82165545
2004	2	19	3.35623271
2004	2	20	4.54546437
2004	2	21	4.44494792
2004	2	22	3.78910332
2004	2	23	3.44101027
2004	2	24	4.00569401
2004	2	25	6.44092168
2004	2	26	4.73773947
2004	2	27	3.40586099
2004	2	28	3.99464986
2004	2	29	4.38665531
2004	3	1	4.04366964
2004	3	2	2.46012161
2004	3	3	1.90423876
2004	3	4	1.84593139
2004	3	5	1.83309128
2004	3	6	1.68096205
2004	3	7	2.01485062
2004	3	8	2.25403488
2004	3	9	2.24980493
2004	3	10	2.47531320
2004	3	11	2.57870737
2004	3	12	2.46468441
2004	3	13	2.62524715
2004	3	14	2.87434540
2004	3	15	3.10230172
2004	3	16	3.21270530
2004	3	17	3.25090590
2004	3	18	3.32537027
2004	3	19	3.37364499
2004	3	20	3.37671744
2004	3	21	3.53844519
2004	3	22	3.54179485
2004	3	23	3.35674300
2004	3	24	3.21629014
2004	3	25	4.15580402
2004	3	26	3.56675783
2004	3	27	2.83423519
2004	3	28	2.78517562
2004	3	29	2.92142044
2004	3	30	2.93767466
2004	3	31	2.76667613
2004	4	1	2.53083751
2004	4	2	2.36265385
2004	4	3	2.28482648
2004	4	4	2.22545330
2004	4	5	2.25697952
2004	4	6	1.99744620
2004	4	7	1.99045862
2004	4	8	1.91302967
2004	4	9	1.90145486
2004	4	10	1.88311214
2004	4	11	1.86169032
2004	4	12	1.86593380
2004	4	13	1.86575969
2004	4	14	1.82923922
2004	4	15	1.75852970
2004	4	16	1.73035844
2004	4	17	1.79505704
2004	4	18	1.77748318
2004	4	19	2.11412484
2004	4	20	1.92356763
2004	4	21	1.76053106
2004	4	22	1.55928116
2004	4	23	1.51822906
2004	4	24	1.56349732
2004	4	25	1.59792081
2004	4	26	1.55894828
2004	4	27	1.51724730
2004	4	28	1.47766427
2004	4	29	1.43044357
2004	4	30	1.46342931
2004	5	1	1.47041050
2004	5	2	1.47645606
2004	5	3	1.41071511
2004	5	4	1.39333802
2004	5	5	1.40950287
2004	5	6	1.40990831
2004	5	7	1.38878310
2004	5	8	1.36051860
2004	5	9	1.40923797
2004	5	10	1.64261913
2004	5	11	1.53324390
2004	5	12	1.29905957
2004	5	13	1.23166888
2004	5	14	1.20985799
2004	5	15	1.17208175
2004	5	16	1.14274711
2004	5	17	1.11147383
2004	5	18	1.08879606
2004	5	19	1.03172562
2004	5	20	0.99855700
2004	5	21	1.02934533
2004	5	22	1.00977906
2004	5	23	0.96214973
2004	5	24	0.91241265
2004	5	25	0.88391019
2004	5	26	0.87966056
2004	5	27	0.98588061
2004	5	28	0.96684825
2004	5	29	0.89569428
2004	5	30	0.86067434
2004	5	31	0.85455970
2004	6	1	0.84793492
2004	6	2	0.84343528
2004	6	3	0.82221092
2004	6	4	0.78142065
2004	6	5	0.75507931
2004	6	6	0.74060641
2004	6	7	0.74748606
2004	6	8	0.75859071
2004	6	9	0.78545882
2004	6	10	0.73946730
2004	6	11	0.69704611
2004	6	12	0.68822769
2004	6	13	0.68483485
2004	6	14	0.67511372
2004	6	15	0.66827654
2004	6	16	0.67258757
2004	6	17	0.66292799
2004	6	18	0.64112000
2004	6	19	0.63488437
2004	6	20	0.63393540
2004	6	21	0.62490640
2004	6	22	0.60958969
2004	6	23	0.59858417
2004	6	24	0.58822341
2004	6	25	0.57997566
2004	6	26	0.57292666
2004	6	27	0.56678205
2004	6	28	0.56381616
2004	6	29	0.55952773
2004	6	30	0.55290282
2004	7	1	0.54638592
2004	7	2	0.54206471
2004	7	3	0.54035696
2004	7	4	0.54032229
2004	7	5	0.53271399
2004	7	6	0.52132596
2004	7	7	0.51230629
2004	7	8	0.50660399
2004	7	9	0.50274999
2004	7	10	0.49414827
2004	7	11	0.48808220
2004	7	12	0.48249704
2004	7	13	0.47705513
2004	7	14	0.47205814
2004	7	15	0.46714694
2004	7	16	0.46229361
2004	7	17	0.45751092
2004	7	18	0.45277569
2004	7	19	0.44805353
2004	7	20	0.44340991
2004	7	21	0.43883498
2004	7	22	0.43430011
2004	7	23	0.42981110
2004	7	24	0.42991017
2004	7	25	0.42462535
2004	7	26	0.41744775
2004	7	27	0.41334157
2004	7	28	0.40925155
2004	7	29	0.40503006
2004	7	30	0.40092792
2004	7	31	0.39849953
2004	8	1	0.39803503
2004	8	2	0.39334404
2004	8	3	0.38570668
2004	8	4	0.38796174
2004	8	5	0.38415617
2004	8	6	0.37400705
2004	8	7	0.37059070
2004	8	8	0.36712643
2004	8	9	0.36358672
2004	8	10	0.36016885
2004	8	11	0.35678098
2004	8	12	0.35371244
2004	8	13	0.35031807
2004	8	14	0.34687986
2004	8	15	0.34377039
2004	8	16	0.34051355
2004	8	17	0.33727686
2004	8	18	0.33422846
2004	8	19	0.33400562
2004	8	20	0.33193434
2004	8	21	0.32739404
2004	8	22	0.32340573
2004	8	23	0.32172140
2004	8	24	0.31883838
2004	8	25	0.31436859
2004	8	26	0.31341008
2004	8	27	0.31406363
2004	8	28	0.31035912
2004	8	29	0.30408415
2004	8	30	0.30618834
2004	8	31	0.30322701
2004	9	1	0.29554153
2004	9	2	0.29290794
2004	9	3	0.29028546
2004	9	4	0.28766635
2004	9	5	0.28507437
2004	9	6	0.28264335
2004	9	7	0.28028375
2004	9	8	0.27794548
2004	9	9	0.27560709
2004	9	10	0.27327928
2004	9	11	0.27097195
2004	9	12	0.26868049
2004	9	13	0.26642169
2004	9	14	0.26420744
2004	9	15	0.26203767
2004	9	16	0.25990631
2004	9	17	0.25779993
2004	9	18	0.26157781
2004	9	19	0.30932587
2004	9	20	0.31835748
2004	9	21	0.27449546
2004	9	22	0.26025477
2004	9	23	0.25835241
2004	9	24	0.25683114
2004	9	25	0.25624459
2004	9	26	0.25598553
2004	9	27	0.25376061
2004	9	28	0.24819522
2004	9	29	0.24729943
2004	9	30	0.24134798
2004	10	1	0.23782432
2004	10	2	0.23804311
2004	10	3	0.23194089
2004	10	4	0.22815016
2004	10	5	0.22536310
2004	10	6	0.22326839
2004	10	7	0.22162396
2004	10	8	0.22221661
2004	10	9	0.22078962
2004	10	10	0.21807718
2004	10	11	0.21572295
2004	10	12	0.21437767
2004	10	13	0.21240166
2004	10	14	0.21038493
2004	10	15	0.20871088
2004	10	16	0.28834308
2004	10	17	0.60029674
2004	10	18	0.68271181
2004	10	19	1.46578489
2004	10	20	1.25380848
2004	10	21	0.59247373
2004	10	22	0.53038489
2004	10	23	0.98815228
2004	10	24	0.79504848
2004	10	25	1.29292730
2004	10	26	1.68616347
2004	10	27	1.14629305
2004	10	28	0.86686559
2004	10	29	0.81338433
2004	10	30	0.91311601
2004	10	31	0.81289770
2004	11	1	0.70434979
2004	11	2	0.82612074
2004	11	3	0.88010150
2004	11	4	0.64690577
2004	11	5	0.59839531
2004	11	6	0.52485177
2004	11	7	0.42419502
2004	11	8	0.36885424
2004	11	9	0.37878908
2004	11	10	0.58479381
2004	11	11	0.51668838
2004	11	12	0.39133097
2004	11	13	0.38882531
2004	11	14	0.41978296
2004	11	15	0.39735447
2004	11	16	0.35732810
2004	11	17	0.36233738
2004	11	18	0.35297010
2004	11	19	0.31890766
2004	11	20	0.29906740
2004	11	21	0.32864067
2004	11	22	0.30288647
2004	11	23	0.26609780
2004	11	24	0.25891671
2004	11	25	0.33091828
2004	11	26	0.76470091
2004	11	27	0.62975928
2004	11	28	0.35865175
2004	11	29	0.31043597
2004	11	30	0.33549780
2004	12	1	0.35809948
2004	12	2	0.35395722
2004	12	3	0.34032967
2004	12	4	0.32195784
2004	12	5	0.29819384
2004	12	6	0.83165549
2004	12	7	1.90940279
2004	12	8	2.05817133
2004	12	9	1.26480607
2004	12	10	1.39619891
2004	12	11	1.18843195
2004	12	12	1.16507219
2004	12	13	1.06535875
2004	12	14	0.94180078
2004	12	15	0.83885162
2004	12	16	0.75016884
2004	12	17	0.75257673
2004	12	18	0.76902403
2004	12	19	0.71650656
2004	12	20	0.50998948
2004	12	21	0.38196564
2004	12	22	0.35626217
2004	12	23	0.34001735
2004	12	24	0.33348830
2004	12	25	0.32802538
2004	12	26	0.34005049
2004	12	27	0.69616400
2004	12	28	1.10405773
2004	12	29	1.70408343
2004	12	30	1.34181327
2004	12	31	0.99132304
2005	1	1	1.11030182
2005	1	2	1.43483612
2005	1	3	1.11596598
2005	1	4	1.01093698
2005	1	5	0.93357045
2005	1	6	1.00177027
2005	1	7	1.99522151
2005	1	8	1.45118690
2005	1	9	0.93121947
2005	1	10	1.59822719
2005	1	11	1.19658514
2005	1	12	0.87697322
2005	1	13	0.78150013
2005	1	14	0.74654236
2005	1	15	0.72642136
2005	1	16	0.66464515
2005	1	17	0.58416569
2005	1	18	0.56823354
2005	1	19	0.52165812
2005	1	20	0.48441171
2005	1	21	0.47745419
2005	1	22	0.43926154
2005	1	23	0.40870368
2005	1	24	0.40341227
2005	1	25	0.76134717
2005	1	26	1.50043327
2005	1	27	1.43218538
2005	1	28	0.94557206
2005	1	29	0.84882155
2005	1	30	1.09383749
2005	1	31	1.30019919
2005	2	1	1.15111218
2005	2	2	1.03131898
2005	2	3	0.95667831
2005	2	4	0.84082918
2005	2	5	0.81426707
2005	2	6	0.80066727
2005	2	7	0.85107142
2005	2	8	0.71042371
2005	2	9	0.61545515
2005	2	10	0.58976984
2005	2	11	0.61054639
2005	2	12	0.61860412
2005	2	13	1.27085905
2005	2	14	0.90658060
2005	2	15	0.80140771
2005	2	16	0.95657495
2005	2	17	1.08192954
2005	2	18	1.06250354
2005	2	19	1.90891300
2005	2	20	1.48618058
2005	2	21	1.37040613
2005	2	22	1.40827411
2005	2	23	1.58325013
2005	2	24	1.44231476
2005	2	25	1.12049730
2005	2	26	1.02069960
2005	2	27	1.78161666
2005	2	28	1.40772841
2005	3	1	1.90876157
2005	3	2	1.51307774
2005	3	3	1.19875436
2005	3	4	1.23982460
2005	3	5	1.40197999
2005	3	6	1.50984750
2005	3	7	1.38939364
2005	3	8	1.52048954
2005	3	9	1.64424735
2005	3	10	1.81392073
2005	3	11	1.96634661
2005	3	12	2.06083823
2005	3	13	1.97366290
2005	3	14	1.80297354
2005	3	15	1.69990626
2005	3	16	1.68551700
2005	3	17	1.76149793
2005	3	18	2.05347580
2005	3	19	3.80952311
2005	3	20	3.93053576
2005	3	21	4.70903857
2005	3	22	4.92574833
2005	3	23	4.33970085
2005	3	24	3.51680862
2005	3	25	3.44701435
2005	3	26	3.33176846
2005	3	27	5.03229275
2005	3	28	4.49371148
2005	3	29	2.89559968
2005	3	30	2.55172397
2005	3	31	2.65922886
2005	4	1	2.77849757
2005	4	2	2.53392993
2005	4	3	3.55509457
2005	4	4	2.58880539
2005	4	5	1.75444409
2005	4	6	2.60996061
2005	4	7	3.32063816
2005	4	8	3.57167758
2005	4	9	2.34755421
2005	4	10	2.09916048
2005	4	11	2.23021706
2005	4	12	2.31401582
2005	4	13	2.08660830
2005	4	14	1.90793009
2005	4	15	1.64313359
2005	4	16	1.62542156
2005	4	17	1.67995156
2005	4	18	1.73550248
2005	4	19	1.58172817
2005	4	20	1.37380377
2005	4	21	1.33121858
2005	4	22	1.61675173
2005	4	23	1.79987599
2005	4	24	1.77945151
2005	4	25	1.57291504
2005	4	26	1.54836886
2005	4	27	1.66839184
2005	4	28	1.72280880
2005	4	29	1.70437819
2005	4	30	1.75895198
2005	5	1	1.70113275
2005	5	2	1.63569728
2005	5	3	1.64569388
2005	5	4	1.96890778
2005	5	5	2.13151678
2005	5	6	1.95666034
2005	5	7	2.15381216
2005	5	8	4.91497894
2005	5	9	4.49110615
2005	5	10	3.42997611
2005	5	11	2.81543374
2005	5	12	3.31659701
2005	5	13	3.35270848
2005	5	14	2.83004543
2005	5	15	3.41404792
2005	5	16	3.09714616
2005	5	17	3.79417670
2005	5	18	7.60829906
2005	5	19	5.82307843
2005	5	20	4.05933373
2005	5	21	4.05718967
2005	5	22	4.62827354
2005	5	23	4.03976573
2005	5	24	3.27692730
2005	5	25	2.98304113
2005	5	26	2.93157120
2005	5	27	2.73191016
2005	5	28	2.61890332
2005	5	29	2.80643606
2005	5	30	2.60731027
2005	5	31	2.34553512
2005	6	1	2.24392721
2005	6	2	2.15986778
2005	6	3	1.98843635
2005	6	4	1.84554450
2005	6	5	1.72934502
2005	6	6	1.63527952
2005	6	7	1.64851617
2005	6	8	2.64567840
2005	6	9	2.26679167
2005	6	10	1.71149556
2005	6	11	1.59315852
2005	6	12	1.57032004
2005	6	13	1.60545324
2005	6	14	1.57066520
2005	6	15	1.53939598
2005	6	16	2.08248601
2005	6	17	1.90462729
2005	6	18	1.45668360
2005	6	19	1.43606041
2005	6	20	1.42809096
2005	6	21	1.33638444
2005	6	22	1.20622788
2005	6	23	1.16854016
2005	6	24	1.12333510
2005	6	25	1.06336621
2005	6	26	1.02388663
2005	6	27	1.07244260
2005	6	28	1.04145428
2005	6	29	0.98213943
2005	6	30	0.91496157
2005	7	1	0.87410066
2005	7	2	0.85029718
2005	7	3	0.83522813
2005	7	4	0.82155004
2005	7	5	0.80731651
2005	7	6	0.79389874
2005	7	7	0.78158944
2005	7	8	0.76995550
2005	7	9	0.75844399
2005	7	10	0.74786647
2005	7	11	0.73845595
2005	7	12	0.72954027
2005	7	13	0.72051596
2005	7	14	0.71084607
2005	7	15	0.70120040
2005	7	16	0.69191999
2005	7	17	0.68295014
2005	7	18	0.67428560
2005	7	19	0.66587382
2005	7	20	0.65767770
2005	7	21	0.64972759
2005	7	22	0.64200417
2005	7	23	0.63443737
2005	7	24	0.62701039
2005	7	25	0.61971494
2005	7	26	0.61256308
2005	7	27	0.60557501
2005	7	28	0.59925403
2005	7	29	0.59211653
2005	7	30	0.58540138
2005	7	31	0.57886103
2005	8	1	0.57244504
2005	8	2	0.56618237
2005	8	3	0.56006012
2005	8	4	0.55404334
2005	8	5	0.54809981
2005	8	6	0.54219595
2005	8	7	0.53636078
2005	8	8	0.53058942
2005	8	9	0.52480941
2005	8	10	0.51911351
2005	8	11	0.51356152
2005	8	12	0.50840611
2005	8	13	0.50370244
2005	8	14	0.49829062
2005	8	15	0.49240693
2005	8	16	0.48757946
2005	8	17	0.48258624
2005	8	18	0.47733838
2005	8	19	0.47247508
2005	8	20	0.46769117
2005	8	21	0.46297335
2005	8	22	0.45831100
2005	8	23	0.45369841
2005	8	24	0.44913506
2005	8	25	0.44463435
2005	8	26	0.44021960
2005	8	27	0.43586578
2005	8	28	0.43157265
2005	8	29	0.42734866
2005	8	30	0.42320897
2005	8	31	0.41915810
2005	9	1	0.41516855
2005	9	2	0.41125096
2005	9	3	0.40739994
2005	9	4	0.40361663
2005	9	5	0.39990173
2005	9	6	0.39626299
2005	9	7	0.39267879
2005	9	8	0.39431636
2005	9	9	0.40415947
2005	9	10	0.43313677
2005	9	11	0.40424627
2005	9	12	0.38832410
2005	9	13	0.38759378
2005	9	14	0.38736126
2005	9	15	0.38807459
2005	9	16	0.38805412
2005	9	17	0.38411802
2005	9	18	0.37624691
2005	9	19	0.36581841
2005	9	20	0.36024460
2005	9	21	0.36117880
2005	9	22	0.35406186
2005	9	23	0.34627168
2005	9	24	0.34162222
2005	9	25	0.34006604
2005	9	26	0.38610704
2005	9	27	0.35744290
2005	9	28	0.33655624
2005	9	29	0.32953477
2005	9	30	0.32629434
2005	10	1	0.32456285
2005	10	2	0.32506458
2005	10	3	0.33070050
2005	10	4	0.32047543
2005	10	5	0.31614821
2005	10	6	0.31325371
2005	10	7	0.32017601
2005	10	8	0.30933536
2005	10	9	0.30420358
2005	10	10	0.30124741
2005	10	11	0.29842130
2005	10	12	0.29561461
2005	10	13	0.29782417
2005	10	14	0.36027554
2005	10	15	0.33966273
2005	10	16	0.30008501
2005	10	17	0.29125193
2005	10	18	0.29281009
2005	10	19	0.29393576
2005	10	20	0.29031005
2005	10	21	0.28847897
2005	10	22	0.28430848
2005	10	23	0.27783660
2005	10	24	0.27616477
2005	10	25	0.30234697
2005	10	26	0.41228756
2005	10	27	0.37833635
2005	10	28	0.51115993
2005	10	29	0.38058255
2005	10	30	0.32504530
2005	10	31	0.31841127
2005	11	1	0.32974017
2005	11	2	0.39074754
2005	11	3	0.75456541
2005	11	4	0.61024788
2005	11	5	0.41561661
2005	11	6	0.44167126
2005	11	7	1.22434308
2005	11	8	1.39623973
2005	11	9	0.77802688
2005	11	10	0.59813723
2005	11	11	0.65244532
2005	11	12	0.68519243
2005	11	13	0.68042750
2005	11	14	0.71240060
2005	11	15	0.58575393
2005	11	16	0.47395470
2005	11	17	0.43979991
2005	11	18	0.51377739
2005	11	19	0.48063291
2005	11	20	0.35939083
2005	11	21	0.29593436
2005	11	22	0.27088803
2005	11	23	0.26715540
2005	11	24	0.35756529
2005	11	25	0.62515040
2005	11	26	0.46289023
2005	11	27	0.32621810
2005	11	28	0.54717997
2005	11	29	0.59237926
2005	11	30	1.11627794
2005	12	1	3.96414381
2005	12	2	2.68914369
2005	12	3	1.04834988
2005	12	4	1.14997140
2005	12	5	1.04342636
2005	12	6	1.07981292
2005	12	7	1.04807911
2005	12	8	0.94641300
2005	12	9	0.81417592
2005	12	10	0.73765714
2005	12	11	0.72212529
2005	12	12	1.02992086
2005	12	13	0.59573052
2005	12	14	0.42891864
2005	12	15	0.39710410
2005	12	16	0.37462883
2005	12	17	0.66451078
2005	12	18	2.32329403
2005	12	19	2.18395710
2005	12	20	1.82837524
2005	12	21	4.43943124
2005	12	22	7.51423121
2005	12	23	4.42117299
2005	12	24	2.47791254
2005	12	25	7.21494167
2005	12	26	6.62847176
2005	12	27	8.35178241
2005	12	28	8.65314218
2005	12	29	7.22645312
2005	12	30	16.30962147
2005	12	31	16.15472437
2006	1	1	12.09107100
2006	1	2	10.48176982
2006	1	3	10.68769636
2006	1	4	9.13442855
2006	1	5	7.80614789
2006	1	6	6.91498513
2006	1	7	6.24547742
2006	1	8	5.26627315
2006	1	9	4.07044051
2006	1	10	4.38299506
2006	1	11	4.18229960
2006	1	12	2.84071416
2006	1	13	2.99484869
2006	1	14	4.12066760
2006	1	15	2.61730194
2006	1	16	1.99788144
2006	1	17	3.38788795
2006	1	18	3.61439819
2006	1	19	2.58172611
2006	1	20	2.27426557
2006	1	21	2.54193910
2006	1	22	2.44253841
2006	1	23	2.04039186
2006	1	24	1.89540475
2006	1	25	2.12582779
2006	1	26	1.72416590
2006	1	27	1.75540413
2006	1	28	2.37006416
2006	1	29	2.03701651
2006	1	30	3.31285702
2006	1	31	2.51766555
2006	2	1	3.22913573
2006	2	2	2.88082421
2006	2	3	3.22488671
2006	2	4	3.03053073
2006	2	5	2.63236450
2006	2	6	2.44240033
2006	2	7	2.29565500
2006	2	8	2.29621743
2006	2	9	2.20318807
2006	2	10	2.11765765
2006	2	11	1.95001481
2006	2	12	1.83253366
2006	2	13	1.81840896
2006	2	14	1.67498822
2006	2	15	1.45071948
2006	2	16	1.33835000
2006	2	17	1.30498532
2006	2	18	1.26558902
2006	2	19	1.21045945
2006	2	20	1.19492116
2006	2	21	1.19755676
2006	2	22	1.25151763
2006	2	23	1.32017556
2006	2	24	1.35634980
2006	2	25	1.29150597
2006	2	26	4.43065107
2006	2	27	10.60488383
2006	2	28	8.97123861
2006	3	1	5.31722225
2006	3	2	5.05896144
2006	3	3	5.92824840
2006	3	4	4.84006301
2006	3	5	6.61878147
2006	3	6	6.75769015
2006	3	7	4.90117218
2006	3	8	3.99651264
2006	3	9	4.56277567
2006	3	10	4.95423184
2006	3	11	4.09260141
2006	3	12	3.15306043
2006	3	13	3.00522784
2006	3	14	2.76177561
2006	3	15	2.17282615
2006	3	16	3.53123095
2006	3	17	3.52025410
2006	3	18	2.61271116
2006	3	19	2.46810920
2006	3	20	3.10709539
2006	3	21	2.48164479
2006	3	22	2.04827064
2006	3	23	2.28704356
2006	3	24	7.03704481
2006	3	25	6.40103474
2006	3	26	3.88677915
2006	3	27	4.48968247
2006	3	28	6.94228957
2006	3	29	5.38826325
2006	3	30	4.51549465
2006	3	31	6.18388055
2006	4	1	5.32671382
2006	4	2	8.10421162
2006	4	3	10.87920513
2006	4	4	9.45040306
2006	4	5	6.55352115
2006	4	6	6.25560386
2006	4	7	7.58827917
2006	4	8	6.93973667
2006	4	9	5.92870467
2006	4	10	5.73518572
2006	4	11	8.32998370
2006	4	12	7.68427973
2006	4	13	6.61169945
2006	4	14	6.72792623
2006	4	15	11.11597690
2006	4	16	11.80495859
2006	4	17	7.38566228
2006	4	18	5.36843023
2006	4	19	6.34829012
2006	4	20	6.50292800
2006	4	21	6.63398526
2006	4	22	6.76496932
2006	4	23	6.56615606
2006	4	24	5.44618309
2006	4	25	5.74198845
2006	4	26	6.15601125
2006	4	27	6.05881288
2006	4	28	5.90151489
2006	4	29	5.59830900
2006	4	30	5.52908549
2006	5	1	5.74871549
2006	5	2	5.90628320
2006	5	3	5.96772828
2006	5	4	5.65745062
2006	5	5	5.39569385
2006	5	6	5.41887883
2006	5	7	5.52570347
2006	5	8	5.55439065
2006	5	9	5.39435260
2006	5	10	5.32990256
2006	5	11	5.32945236
2006	5	12	5.29655783
2006	5	13	5.29893929
2006	5	14	5.35500282
2006	5	15	5.26799321
2006	5	16	5.08727231
2006	5	17	4.96759784
2006	5	18	4.89227572
2006	5	19	4.87925291
2006	5	20	4.78554084
2006	5	21	4.84706638
2006	5	22	4.74775764
2006	5	23	4.44516256
2006	5	24	4.33533555
2006	5	25	4.24531635
2006	5	26	4.31238138
2006	5	27	4.08269284
2006	5	28	3.73483103
2006	5	29	3.60988463
2006	5	30	3.63671103
2006	5	31	3.64312054
2006	6	1	3.59466796
2006	6	2	3.42230201
2006	6	3	3.19451595
2006	6	4	3.03072392
2006	6	5	2.91666893
2006	6	6	2.86659006
2006	6	7	2.87748449
2006	6	8	2.90522326
2006	6	9	2.78938967
2006	6	10	2.64537806
2006	6	11	2.56816937
2006	6	12	2.56169122
2006	6	13	2.68203239
2006	6	14	2.48889318
2006	6	15	2.31523927
2006	6	16	2.21511951
2006	6	17	2.11848941
2006	6	18	1.98335626
2006	6	19	1.89323841
2006	6	20	1.83556998
2006	6	21	1.78144756
2006	6	22	1.72562823
2006	6	23	1.68281409
2006	6	24	1.63907227
2006	6	25	1.56933510
2006	6	26	1.51614236
2006	6	27	1.45691498
2006	6	28	1.41694478
2006	6	29	1.34502874
2006	6	30	1.25187531
2006	7	1	1.19631555
2006	7	2	1.16048687
2006	7	3	1.13074921
2006	7	4	1.10432025
2006	7	5	1.08323116
2006	7	6	1.06186468
2006	7	7	1.03077209
2006	7	8	0.99856361
2006	7	9	0.98345219
2006	7	10	0.95991742
2006	7	11	0.93217327
2006	7	12	0.91407023
2006	7	13	0.89571353
2006	7	14	0.88020514
2006	7	15	0.86695577
2006	7	16	0.85498051
2006	7	17	0.84424152
2006	7	18	0.83339310
2006	7	19	0.82221862
2006	7	20	0.81309557
2006	7	21	0.80267066
2006	7	22	0.78888210
2006	7	23	0.77692151
2006	7	24	0.76691832
2006	7	25	0.75765221
2006	7	26	0.74856619
2006	7	27	0.73968037
2006	7	28	0.73159436
2006	7	29	0.72444159
2006	7	30	0.71561069
2006	7	31	0.70576660
2006	8	1	0.69940243
2006	8	2	0.69184597
2006	8	3	0.68269937
2006	8	4	0.67540749
2006	8	5	0.66821253
2006	8	6	0.66100506
2006	8	7	0.65396268
2006	8	8	0.64705035
2006	8	9	0.64027845
2006	8	10	0.63362336
2006	8	11	0.62698880
2006	8	12	0.62037096
2006	8	13	0.61384259
2006	8	14	0.60739974
2006	8	15	0.60100435
2006	8	16	0.59469588
2006	8	17	0.58857018
2006	8	18	0.58261355
2006	8	19	0.57664451
2006	8	20	0.57078445
2006	8	21	0.56494579
2006	8	22	0.55914075
2006	8	23	0.55338245
2006	8	24	0.54768402
2006	8	25	0.54206624
2006	8	26	0.53654570
2006	8	27	0.53112025
2006	8	28	0.52581063
2006	8	29	0.52058188
2006	8	30	0.51539741
2006	8	31	0.51028674
2006	9	1	0.50526007
2006	9	2	0.50033859
2006	9	3	0.49550699
2006	9	4	0.49072378
2006	9	5	0.48600459
2006	9	6	0.48133179
2006	9	7	0.47669575
2006	9	8	0.47209958
2006	9	9	0.46754754
2006	9	10	0.46309666
2006	9	11	0.45877319
2006	9	12	0.45453641
2006	9	13	0.45034852
2006	9	14	0.44615729
2006	9	15	0.44199717
2006	9	16	0.43797587
2006	9	17	0.43410337
2006	9	18	0.43030144
2006	9	19	0.42651744
2006	9	20	0.42276757
2006	9	21	0.41906037
2006	9	22	0.41538060
2006	9	23	0.41174552
2006	9	24	0.40817219
2006	9	25	0.40464513
2006	9	26	0.40115619
2006	9	27	0.39770070
2006	9	28	0.39427066
2006	9	29	0.39088512
2006	9	30	0.38756188
2006	10	1	0.39290989
2006	10	2	0.38857090
2006	10	3	0.37938702
2006	10	4	0.39717601
2006	10	5	0.40394663
2006	10	6	0.42237925
2006	10	7	0.40011567
2006	10	8	0.37519643
2006	10	9	0.37219055
2006	10	10	0.36888833
2006	10	11	0.36533555
2006	10	12	0.36484452
2006	10	13	0.36737847
2006	10	14	0.36597093
2006	10	15	0.36099432
2006	10	16	0.35472235
2006	10	17	0.35629104
2006	10	18	0.34759286
2006	10	19	0.34001314
2006	10	20	0.33598577
2006	10	21	0.33097954
2006	10	22	0.32769158
2006	10	23	0.32687393
2006	10	24	0.32601020
2006	10	25	0.32189310
2006	10	26	0.31704847
2006	10	27	0.31634310
2006	10	28	0.31381776
2006	10	29	0.30845363
2006	10	30	0.30610952
2006	10	31	0.30505992
2006	11	1	0.35450732
2006	11	2	0.66010240
2006	11	3	0.54047702
2006	11	4	0.34939858
2006	11	5	0.33242402
2006	11	6	0.35284978
2006	11	7	0.39196839
2006	11	8	0.38910521
2006	11	9	0.35360962
2006	11	10	0.39890172
2006	11	11	0.41669161
2006	11	12	0.50642033
2006	11	13	0.73965357
2006	11	14	0.55077288
2006	11	15	0.44446138
2006	11	16	0.44580253
2006	11	17	0.42162047
2006	11	18	0.41374254
2006	11	19	0.41001010
2006	11	20	0.48997452
2006	11	21	0.64101631
2006	11	22	0.63364329
2006	11	23	0.54084835
2006	11	24	0.47147473
2006	11	25	0.44509791
2006	11	26	0.66948876
2006	11	27	0.56611359
2006	11	28	0.43752888
2006	11	29	0.40171139
2006	11	30	0.40535289
2006	12	1	0.42957973
2006	12	2	0.44246324
2006	12	3	0.40524483
2006	12	4	0.35677878
2006	12	5	0.33030476
2006	12	6	0.32728804
2006	12	7	0.36283753
2006	12	8	0.67388447
2006	12	9	1.33679668
2006	12	10	1.25392452
2006	12	11	1.19578597
2006	12	12	1.29776749
2006	12	13	1.37911701
2006	12	14	1.47265946
2006	12	15	1.31628410
2006	12	16	1.13651742
2006	12	17	1.02315291
2006	12	18	0.94406221
2006	12	19	0.94809964
2006	12	20	1.04277845
2006	12	21	1.06577505
2006	12	22	0.81856665
2006	12	23	0.71036327
2006	12	24	0.68732777
2006	12	25	0.84952054
2006	12	26	2.04562897
2006	12	27	2.09722128
2006	12	28	0.98921084
2006	12	29	0.75820706
2006	12	30	0.78966838
2006	12	31	0.88193966
2007	1	1	0.92129358
2007	1	2	0.88383031
2007	1	3	1.15381981
2007	1	4	0.95933018
2007	1	5	0.74562923
2007	1	6	0.86148011
2007	1	7	0.76469043
2007	1	8	0.63384311
2007	1	9	0.55001430
2007	1	10	0.50557023
2007	1	11	0.47893356
2007	1	12	0.45698871
2007	1	13	0.44334788
2007	1	14	0.48968431
2007	1	15	0.45947766
2007	1	16	0.40978377
2007	1	17	0.39222681
2007	1	18	0.38871266
2007	1	19	0.38901423
2007	1	20	0.38856030
2007	1	21	0.38412952
2007	1	22	0.38036244
2007	1	23	0.37927827
2007	1	24	0.38559778
2007	1	25	0.39263755
2007	1	26	0.39662926
2007	1	27	0.39241407
2007	1	28	0.38318606
2007	1	29	0.38112705
2007	1	30	0.38223680
2007	1	31	0.37800237
2007	2	1	0.37125739
2007	2	2	0.36920952
2007	2	3	0.37104841
2007	2	4	0.38643167
2007	2	5	0.40000508
2007	2	6	0.43700475
2007	2	7	0.99614381
2007	2	8	2.02336775
2007	2	9	4.14171232
2007	2	10	5.49267193
2007	2	11	3.37256114
2007	2	12	2.39099307
2007	2	13	2.21364129
2007	2	14	2.24583866
2007	2	15	2.15481278
2007	2	16	1.88104551
2007	2	17	1.68156087
2007	2	18	1.60273527
2007	2	19	1.53409090
2007	2	20	1.62244647
2007	2	21	2.16645263
2007	2	22	2.22111367
2007	2	23	1.31442435
2007	2	24	1.81517392
2007	2	25	1.94144902
2007	2	26	1.89074410
2007	2	27	1.74886346
2007	2	28	1.60225763
2007	3	1	1.58945554
2007	3	2	1.48345715
2007	3	3	1.44955678
2007	3	4	1.46463946
2007	3	5	1.38233411
2007	3	6	1.33514372
2007	3	7	1.39926647
2007	3	8	1.46649510
2007	3	9	1.51881095
2007	3	10	1.49640391
2007	3	11	1.64196587
2007	3	12	1.75494573
2007	3	13	1.78702898
2007	3	14	1.69794501
2007	3	15	1.62243137
2007	3	16	1.49867517
2007	3	17	1.46939778
2007	3	18	1.43133591
2007	3	19	1.42779856
2007	3	20	1.39464117
2007	3	21	1.30635766
2007	3	22	1.27148940
2007	3	23	1.29430336
2007	3	24	1.35993481
2007	3	25	1.46836768
2007	3	26	2.32974599
2007	3	27	1.87463885
2007	3	28	1.27692148
2007	3	29	1.23183261
2007	3	30	1.31777060
2007	3	31	1.39272789
2007	4	1	1.30953505
2007	4	2	1.21997907
2007	4	3	1.15837277
2007	4	4	1.10015876
2007	4	5	1.08699288
2007	4	6	1.16835063
2007	4	7	1.10677259
2007	4	8	1.06273682
2007	4	9	0.99532507
2007	4	10	1.01542361
2007	4	11	1.35870046
2007	4	12	1.16281563
2007	4	13	1.08748153
2007	4	14	1.27487589
2007	4	15	1.04070695
2007	4	16	0.94408272
2007	4	17	1.06676891
2007	4	18	1.14391375
2007	4	19	1.04881466
2007	4	20	1.02067137
2007	4	21	2.37280935
2007	4	22	2.25060858
2007	4	23	1.36574039
2007	4	24	1.30865289
2007	4	25	1.63242620
2007	4	26	1.61682694
2007	4	27	1.29635258
2007	4	28	1.15306395
2007	4	29	1.09541669
2007	4	30	1.06737166
2007	5	1	1.28486973
2007	5	2	1.69990933
2007	5	3	1.52331165
2007	5	4	1.17659061
2007	5	5	1.06836088
2007	5	6	1.08151584
2007	5	7	1.09473358
2007	5	8	1.04113505
2007	5	9	0.97169615
2007	5	10	0.93374027
2007	5	11	0.90734585
2007	5	12	0.91576904
2007	5	13	0.93214581
2007	5	14	0.86852641
2007	5	15	0.83275008
2007	5	16	0.77713227
2007	5	17	0.71123720
2007	5	18	0.68574110
2007	5	19	0.67280927
2007	5	20	0.66375801
2007	5	21	0.64979618
2007	5	22	0.63321321
2007	5	23	0.61950825
2007	5	24	0.60671161
2007	5	25	0.59454753
2007	5	26	0.58340710
2007	5	27	0.57505797
2007	5	28	0.56957447
2007	5	29	0.56341880
2007	5	30	0.55957087
2007	5	31	0.55090183
2007	6	1	0.53994974
2007	6	2	0.53244373
2007	6	3	0.53874550
2007	6	4	0.59418120
2007	6	5	0.67834782
2007	6	6	0.58706706
2007	6	7	0.53153167
2007	6	8	0.51908830
2007	6	9	0.51708143
2007	6	10	0.51135958
2007	6	11	0.50741146
2007	6	12	0.51037939
2007	6	13	0.50350404
2007	6	14	0.48857771
2007	6	15	0.47364965
2007	6	16	0.48701192
2007	6	17	0.47222166
2007	6	18	0.45490619
2007	6	19	0.44623944
2007	6	20	0.43948528
2007	6	21	0.43336356
2007	6	22	0.42819953
2007	6	23	0.42359475
2007	6	24	0.41920815
2007	6	25	0.41495035
2007	6	26	0.41074632
2007	6	27	0.40658474
2007	6	28	0.40247497
2007	6	29	0.39844450
2007	6	30	0.39450071
2007	7	1	0.39062245
2007	7	2	0.38680051
2007	7	3	0.38300739
2007	7	4	0.37921027
2007	7	5	0.37539507
2007	7	6	0.37165852
2007	7	7	0.36784956
2007	7	8	0.36405687
2007	7	9	0.36037523
2007	7	10	0.35667626
2007	7	11	0.35302500
2007	7	12	0.34969578
2007	7	13	0.34649557
2007	7	14	0.34375244
2007	7	15	0.34023151
2007	7	16	0.33618968
2007	7	17	0.34087490
2007	7	18	0.39415167
2007	7	19	0.37307114
2007	7	20	0.34577035
2007	7	21	0.34960734
2007	7	22	0.34384005
2007	7	23	0.33786290
2007	7	24	0.33701308
2007	7	25	0.33430066
2007	7	26	0.32498553
2007	7	27	0.31680795
2007	7	28	0.31400081
2007	7	29	0.31358793
2007	7	30	0.31155575
2007	7	31	0.30470673
2007	8	1	0.29068018
2007	8	2	0.28689351
2007	8	3	0.28396602
2007	8	4	0.28124298
2007	8	5	0.27862465
2007	8	6	0.27608017
2007	8	7	0.27360678
2007	8	8	0.27117866
2007	8	9	0.26878906
2007	8	10	0.26642121
2007	8	11	0.26407885
2007	8	12	0.26176412
2007	8	13	0.25947879
2007	8	14	0.25720875
2007	8	15	0.25495326
2007	8	16	0.25271984
2007	8	17	0.25050844
2007	8	18	0.24832961
2007	8	19	0.24619522
2007	8	20	0.24409129
2007	8	21	0.24200968
2007	8	22	0.23994653
2007	8	23	0.23788852
2007	8	24	0.23585132
2007	8	25	0.23383555
2007	8	26	0.23184809
2007	8	27	0.22987744
2007	8	28	0.22792764
2007	8	29	0.22600731
2007	8	30	0.22455431
2007	8	31	0.22261482
2007	9	1	0.22048558
2007	9	2	0.21865326
2007	9	3	0.21689210
2007	9	4	0.21520679
2007	9	5	0.21353047
2007	9	6	0.21197219
2007	9	7	0.21060983
2007	9	8	0.20878912
2007	9	9	0.20663697
2007	9	10	0.20531615
2007	9	11	0.20384337
2007	9	12	0.20168102
2007	9	13	0.20011706
2007	9	14	0.19857528
2007	9	15	0.19705122
2007	9	16	0.19555411
2007	9	17	0.19409018
2007	9	18	0.19267783
2007	9	19	0.25407572
2007	9	20	0.19916567
2007	9	21	0.19364215
2007	9	22	0.26313021
2007	9	23	0.28936607
2007	9	24	0.23628556
2007	9	25	0.20331178
2007	9	26	0.20535511
2007	9	27	0.21508749
2007	9	28	0.23705154
2007	9	29	0.24355795
2007	9	30	0.27608739
2007	10	1	0.27207428
2007	10	2	0.21433526
2007	10	3	0.21125496
2007	10	4	0.38960165
2007	10	5	0.37380550
2007	10	6	0.25351206
2007	10	7	0.22408403
2007	10	8	0.21831464
2007	10	9	0.38691466
2007	10	10	0.46909010
2007	10	11	0.31327980
2007	10	12	0.27148826
2007	10	13	0.26882838
2007	10	14	0.26650484
2007	10	15	0.29978413
2007	10	16	0.39876753
2007	10	17	0.36352133
2007	10	18	0.27262877
2007	10	19	0.51390105
2007	10	20	0.52928544
2007	10	21	0.34060485
2007	10	22	0.28313922
2007	10	23	0.28712854
2007	10	24	0.28548581
2007	10	25	0.27462972
2007	10	26	0.25775855
2007	10	27	0.24861655
2007	10	28	0.23868457
2007	10	29	0.25686054
2007	10	30	0.30384233
2007	10	31	0.21903865
2007	11	1	0.19165561
2007	11	2	0.18122164
2007	11	3	0.17364297
2007	11	4	0.17459684
2007	11	5	0.17915219
2007	11	6	0.18026776
2007	11	7	0.16788745
2007	11	8	0.15355656
2007	11	9	0.18846271
2007	11	10	0.52436559
2007	11	11	0.50314065
2007	11	12	0.26516863
2007	11	13	0.20790474
2007	11	14	0.22358501
2007	11	15	0.25030767
2007	11	16	0.24926610
2007	11	17	0.25306194
2007	11	18	0.23982499
2007	11	19	0.27219738
2007	11	20	0.23413501
2007	11	21	0.24232253
2007	11	22	0.22714795
2007	11	23	0.19352810
2007	11	24	0.17707583
2007	11	25	0.16430756
2007	11	26	0.16420095
2007	11	27	0.15940450
2007	11	28	0.14607057
2007	11	29	0.14369233
2007	11	30	0.14658603
2007	12	1	0.14273820
2007	12	2	0.14616404
2007	12	3	0.42204091
2007	12	4	0.47281310
2007	12	5	0.32856448
2007	12	6	0.86838286
2007	12	7	0.65203542
2007	12	8	0.39552838
2007	12	9	0.38030172
2007	12	10	0.38906454
2007	12	11	0.38591719
2007	12	12	0.35547291
2007	12	13	0.34589415
2007	12	14	0.35485612
2007	12	15	0.33278110
2007	12	16	0.44320871
2007	12	17	0.71433687
2007	12	18	1.22748125
2007	12	19	1.31307760
2007	12	20	0.84120691
2007	12	21	0.64845208
2007	12	22	0.83560846
2007	12	23	0.73455868
2007	12	24	0.69911319
2007	12	25	0.62348206
2007	12	26	0.50931292
2007	12	27	0.48425616
2007	12	28	0.51401429
2007	12	29	0.52089758
2007	12	30	0.44417216
2007	12	31	0.31518144
2008	1	1	0.28357122
2008	1	2	0.29139986
2008	1	3	1.24751290
2008	1	4	3.80287091
2008	1	5	2.77123516
2008	1	6	0.98566901
2008	1	7	1.05147564
2008	1	8	1.41217081
2008	1	9	1.29768151
2008	1	10	1.27250536
2008	1	11	1.16079969
2008	1	12	1.04282158
2008	1	13	0.95625904
2008	1	14	0.94382753
2008	1	15	1.17862135
2008	1	16	0.79743400
2008	1	17	0.53093191
2008	1	18	0.45428930
2008	1	19	0.42327368
2008	1	20	0.41467365
2008	1	21	0.48570107
2008	1	22	0.39976604
2008	1	23	0.41799920
2008	1	24	0.54493699
2008	1	25	0.77414004
2008	1	26	1.24001332
2008	1	27	1.70020935
2008	1	28	0.89324436
2008	1	29	0.89365900
2008	1	30	0.82704381
2008	1	31	1.39264084
2008	2	1	0.96423094
2008	2	2	1.20744863
2008	2	3	0.85074689
2008	2	4	0.70875325
2008	2	5	0.71252236
2008	2	6	0.73275004
2008	2	7	0.67974494
2008	2	8	0.54953571
2008	2	9	0.59220611
2008	2	10	0.66124328
2008	2	11	0.66640467
2008	2	12	0.74744189
2008	2	13	0.69552738
2008	2	14	0.64644077
2008	2	15	0.67529669
2008	2	16	0.75654694
2008	2	17	0.70706749
2008	2	18	0.61556238
2008	2	19	0.68405169
2008	2	20	0.66915841
2008	2	21	1.25933182
2008	2	22	0.98579223
2008	2	23	1.30139412
2008	2	24	1.88515863
2008	2	25	1.08804193
2008	2	26	1.09718444
2008	2	27	1.30773627
2008	2	28	1.55200598
2008	2	29	1.41147056
2008	3	1	1.14889903
2008	3	2	0.98402004
2008	3	3	1.01158056
2008	3	4	1.16278855
2008	3	5	1.13021978
2008	3	6	1.07310608
2008	3	7	1.09799192
2008	3	8	1.21253476
2008	3	9	1.31074492
2008	3	10	1.46289328
2008	3	11	1.63228613
2008	3	12	1.71782325
2008	3	13	1.90779849
2008	3	14	1.75215545
2008	3	15	1.28597626
2008	3	16	1.20334788
2008	3	17	1.24224182
2008	3	18	1.38381458
2008	3	19	1.52397914
2008	3	20	1.34903053
2008	3	21	1.25242982
2008	3	22	1.33951972
2008	3	23	1.50646366
2008	3	24	1.59160968
2008	3	25	1.55188744
2008	3	26	1.44267614
2008	3	27	1.21200600
2008	3	28	1.20400874
2008	3	29	1.18081899
2008	3	30	1.01049296
2008	3	31	1.08691457
2008	4	1	1.19945542
2008	4	2	1.20083776
2008	4	3	1.24939085
2008	4	4	1.41368844
2008	4	5	1.36173063
2008	4	6	1.17218221
2008	4	7	1.05185041
2008	4	8	0.98523758
2008	4	9	0.90006397
2008	4	10	0.96620864
2008	4	11	1.15070492
2008	4	12	1.31076453
2008	4	13	1.46175903
2008	4	14	1.60810048
2008	4	15	1.49387533
2008	4	16	1.26198710
2008	4	17	1.29862482
2008	4	18	1.44814195
2008	4	19	1.44234026
2008	4	20	1.22647058
2008	4	21	1.15975816
2008	4	22	1.36913648
2008	4	23	1.34447823
2008	4	24	1.24951649
2008	4	25	1.25623697
2008	4	26	1.29627074
2008	4	27	1.36102620
2008	4	28	1.41221151
2008	4	29	1.45241709
2008	4	30	1.33101658
2008	5	1	1.12696602
2008	5	2	1.10630336
2008	5	3	1.14140754
2008	5	4	1.17731466
2008	5	5	1.19668650
2008	5	6	1.25018762
2008	5	7	1.28210104
2008	5	8	1.26515955
2008	5	9	1.20194771
2008	5	10	1.24600989
2008	5	11	1.25560026
2008	5	12	1.21362973
2008	5	13	1.16391915
2008	5	14	1.16785295
2008	5	15	1.24056192
2008	5	16	1.26745394
2008	5	17	1.24959778
2008	5	18	1.23382466
2008	5	19	1.24546965
2008	5	20	1.25130946
2008	5	21	1.22233280
2008	5	22	1.18498305
2008	5	23	1.30353737
2008	5	24	1.33097739
2008	5	25	1.19862544
2008	5	26	1.05650206
2008	5	27	0.97276023
2008	5	28	0.93795887
2008	5	29	0.89594203
2008	5	30	0.87402145
2008	5	31	0.85418891
2008	6	1	0.82635212
2008	6	2	0.79341697
2008	6	3	0.78272058
2008	6	4	0.75752681
2008	6	5	0.73872343
2008	6	6	0.71740219
2008	6	7	0.70410131
2008	6	8	0.66486510
2008	6	9	0.63281531
2008	6	10	0.61134661
2008	6	11	0.59770258
2008	6	12	0.58827453
2008	6	13	0.57604601
2008	6	14	0.56180657
2008	6	15	0.55157374
2008	6	16	0.54576893
2008	6	17	0.54149698
2008	6	18	0.53426853
2008	6	19	0.52348801
2008	6	20	0.51129799
2008	6	21	0.50235793
2008	6	22	0.49408288
2008	6	23	0.48614103
2008	6	24	0.47956459
2008	6	25	0.47338850
2008	6	26	0.46687479
2008	6	27	0.46040179
2008	6	28	0.45419975
2008	6	29	0.44859348
2008	6	30	0.44316607
2008	7	1	0.43733037
2008	7	2	0.43141042
2008	7	3	0.42662490
2008	7	4	0.42061032
2008	7	5	0.41545910
2008	7	6	0.41067681
2008	7	7	0.40598163
2008	7	8	0.40135503
2008	7	9	0.39676058
2008	7	10	0.39220320
2008	7	11	0.38769823
2008	7	12	0.38326847
2008	7	13	0.37892507
2008	7	14	0.37468329
2008	7	15	0.37053545
2008	7	16	0.36649691
2008	7	17	0.36269634
2008	7	18	0.35925068
2008	7	19	0.35596476
2008	7	20	0.35268136
2008	7	21	0.34871476
2008	7	22	0.34451316
2008	7	23	0.34071044
2008	7	24	0.33719146
2008	7	25	0.33389548
2008	7	26	0.33092121
2008	7	27	0.32734387
2008	7	28	0.32438546
2008	7	29	0.32107867
2008	7	30	0.31749081
2008	7	31	0.31497388
2008	8	1	0.31194471
2008	8	2	0.30811595
2008	8	3	0.30515738
2008	8	4	0.30223493
2008	8	5	0.29934779
2008	8	6	0.29651550
2008	8	7	0.29371820
2008	8	8	0.29095345
2008	8	9	0.28823109
2008	8	10	0.28556085
2008	8	11	0.28293958
2008	8	12	0.28035698
2008	8	13	0.27779707
2008	8	14	0.27526119
2008	8	15	0.27275563
2008	8	16	0.27026559
2008	8	17	0.26780530
2008	8	18	0.26537153
2008	8	19	0.26298771
2008	8	20	0.26065255
2008	8	21	0.25835099
2008	8	22	0.25607932
2008	8	23	0.25383901
2008	8	24	0.25162176
2008	8	25	0.24941582
2008	8	26	0.24724526
2008	8	27	0.24511173
2008	8	28	0.24300794
2008	8	29	0.24092362
2008	8	30	0.23886555
2008	8	31	0.23682620
2008	9	1	0.23483719
2008	9	2	0.23290888
2008	9	3	0.23101380
2008	9	4	0.22913997
2008	9	5	0.22728028
2008	9	6	0.22544005
2008	9	7	0.22361772
2008	9	8	0.22181938
2008	9	9	0.22004550
2008	9	10	0.21829374
2008	9	11	0.21656860
2008	9	12	0.21486273
2008	9	13	0.21318016
2008	9	14	0.21151419
2008	9	15	0.20987070
2008	9	16	0.20824078
2008	9	17	0.20662902
2008	9	18	0.20504151
2008	9	19	0.20347388
2008	9	20	0.20192787
2008	9	21	0.20041512
2008	9	22	0.19892365
2008	9	23	0.19744142
2008	9	24	0.19597789
2008	9	25	0.19452186
2008	9	26	0.19308269
2008	9	27	0.19165676
2008	9	28	0.19124806
2008	9	29	0.18969100
2008	9	30	0.18872621
2008	10	1	0.18662237
2008	10	2	0.20963880
2008	10	3	0.63242200
2008	10	4	0.65961562
2008	10	5	0.33775684
2008	10	6	0.24757707
2008	10	7	0.27283076
2008	10	8	0.31222640
2008	10	9	0.31220415
2008	10	10	0.30411816
2008	10	11	0.28127426
2008	10	12	0.24164638
2008	10	13	0.22733654
2008	10	14	0.25796976
2008	10	15	0.25026119
2008	10	16	0.21063261
2008	10	17	0.18573545
2008	10	18	0.17417184
2008	10	19	0.16788510
2008	10	20	0.16487191
2008	10	21	0.16319464
2008	10	22	0.16193322
2008	10	23	0.16073193
2008	10	24	0.15962288
2008	10	25	0.15853159
2008	10	26	0.15744917
2008	10	27	0.15637631
2008	10	28	0.15531272
2008	10	29	0.16841366
2008	10	30	0.36748587
2008	10	31	0.83952331
2008	11	1	2.20102536
2008	11	2	2.01828401
2008	11	3	1.45429673
2008	11	4	1.15635384
2008	11	5	0.86640270
2008	11	6	0.83889442
2008	11	7	0.87995550
2008	11	8	1.03173655
2008	11	9	0.94955417
2008	11	10	0.80368796
2008	11	11	0.78001094
2008	11	12	0.84613536
2008	11	13	0.72521038
2008	11	14	0.59858033
2008	11	15	0.44873651
2008	11	16	0.34703081
2008	11	17	0.28621295
2008	11	18	0.26025699
2008	11	19	0.26947564
2008	11	20	0.26145408
2008	11	21	0.24227442
2008	11	22	0.22810553
2008	11	23	0.21681767
2008	11	24	0.20979838
2008	11	25	0.20575278
2008	11	26	0.23408061
2008	11	27	0.22099433
2008	11	28	0.20344826
2008	11	29	0.19941226
2008	11	30	0.19767593
2008	12	1	0.19505426
2008	12	2	0.19353987
2008	12	3	0.19141039
2008	12	4	0.18914982
2008	12	5	0.18710706
2008	12	6	0.18517888
2008	12	7	0.18361863
2008	12	8	0.18130894
2008	12	9	0.18014126
2008	12	10	0.17887731
2008	12	11	0.17840715
2008	12	12	0.20421764
2008	12	13	0.21375193
2008	12	14	0.36422272
2008	12	15	0.31320215
2008	12	16	0.21720619
2008	12	17	0.20279610
2008	12	18	0.26462031
2008	12	19	0.29391534
2008	12	20	0.25131887
2008	12	21	0.51741689
2008	12	22	0.42412747
2008	12	23	0.38418206
2008	12	24	0.90251866
2008	12	25	0.68138570
2008	12	26	0.48934908
2008	12	27	0.54811107
2008	12	28	0.47534349
2008	12	29	0.50244531
2008	12	30	0.42998828
2008	12	31	0.36055661
2009	1	1	0.34696736
2009	1	2	0.41644987
2009	1	3	0.31858754
2009	1	4	0.29767028
2009	1	5	0.27431258
2009	1	6	0.27033478
2009	1	7	0.26810361
2009	1	8	0.24428842
2009	1	9	0.25507916
2009	1	10	0.27002181
2009	1	11	0.27559619
2009	1	12	0.34911153
2009	1	13	0.33808159
2009	1	14	0.34507070
2009	1	15	0.38610197
2009	1	16	0.43145455
2009	1	17	0.42156378
2009	1	18	0.44760744
2009	1	19	0.45794199
2009	1	20	0.46212523
2009	1	21	0.64069443
2009	1	22	0.85429551
2009	1	23	1.03019837
2009	1	24	1.62508385
2009	1	25	1.16358577
2009	1	26	0.72084259
2009	1	27	0.69191178
2009	1	28	0.72557523
2009	1	29	0.74726194
2009	1	30	0.74794699
2009	1	31	0.66558715
2009	2	1	0.62210497
2009	2	2	0.61861161
2009	2	3	0.68200782
2009	2	4	0.82666774
2009	2	5	0.95640496
2009	2	6	0.75376397
2009	2	7	0.52110632
2009	2	8	0.56368010
2009	2	9	0.58521838
2009	2	10	1.28145466
2009	2	11	0.91338029
2009	2	12	0.76719657
2009	2	13	0.79645388
2009	2	14	0.75897106
2009	2	15	0.99735019
2009	2	16	1.22321328
2009	2	17	1.29473294
2009	2	18	0.82676253
2009	2	19	0.83754150
2009	2	20	0.98222350
2009	2	21	1.63754419
2009	2	22	5.56604779
2009	2	23	5.16576668
2009	2	24	3.02002957
2009	2	25	3.79981106
2009	2	26	3.90811686
2009	2	27	3.33461713
2009	2	28	3.29560258
2009	3	1	6.13994869
2009	3	2	8.81407813
2009	3	3	7.68035690
2009	3	4	4.81267106
2009	3	5	4.97939989
2009	3	6	5.22847129
2009	3	7	4.36569512
2009	3	8	3.47761266
2009	3	9	2.71015319
2009	3	10	2.15451523
2009	3	11	1.88079575
2009	3	12	2.00121224
2009	3	13	2.26661383
2009	3	14	2.00174930
2009	3	15	2.11667042
2009	3	16	1.88656729
2009	3	17	1.57926541
2009	3	18	1.56773668
2009	3	19	1.93947289
2009	3	20	2.17852541
2009	3	21	2.74774846
2009	3	22	2.26181658
2009	3	23	1.49154664
2009	3	24	1.45781470
2009	3	25	1.74744588
2009	3	26	2.09273793
2009	3	27	2.10183562
2009	3	28	2.02979941
2009	3	29	2.08647107
2009	3	30	1.84330714
2009	3	31	1.67367307
2009	4	1	1.77751817
2009	4	2	1.69568315
2009	4	3	1.56341090
2009	4	4	1.42373208
2009	4	5	1.40500966
2009	4	6	1.46011104
2009	4	7	1.57111756
2009	4	8	1.82991562
2009	4	9	1.97723981
2009	4	10	1.54745152
2009	4	11	1.42179887
2009	4	12	1.39684655
2009	4	13	1.52168977
2009	4	14	1.47075368
2009	4	15	1.29531868
2009	4	16	1.16035842
2009	4	17	1.14983194
2009	4	18	1.22084560
2009	4	19	1.31437376
2009	4	20	1.35004606
2009	4	21	1.36550877
2009	4	22	1.41397101
2009	4	23	1.45405776
2009	4	24	1.51141841
2009	4	25	1.43902459
2009	4	26	1.39773008
2009	4	27	1.42856458
2009	4	28	1.41674376
2009	4	29	1.35613805
2009	4	30	1.52086462
2009	5	1	3.04086205
2009	5	2	3.84356470
2009	5	3	3.05492771
2009	5	4	4.33465156
2009	5	5	3.75496645
2009	5	6	3.01041368
2009	5	7	3.14558968
2009	5	8	3.34547907
2009	5	9	2.98618582
2009	5	10	2.38257560
2009	5	11	2.14575818
2009	5	12	2.11018583
2009	5	13	1.99399690
2009	5	14	1.93961902
2009	5	15	1.88568210
2009	5	16	1.71491965
2009	5	17	1.54903055
2009	5	18	1.44251928
2009	5	19	1.37664962
2009	5	20	1.30543764
2009	5	21	1.24699586
2009	5	22	1.18207749
2009	5	23	1.11600803
2009	5	24	1.06721625
2009	5	25	1.02973899
2009	5	26	0.99329102
2009	5	27	0.96505024
2009	5	28	0.97072710
2009	5	29	0.95189735
2009	5	30	0.89439229
2009	5	31	0.87809729
2009	6	1	0.87847654
2009	6	2	0.90411248
2009	6	3	1.18744426
2009	6	4	1.02732735
2009	6	5	0.89899687
2009	6	6	0.86820823
2009	6	7	0.86994365
2009	6	8	0.88238318
2009	6	9	0.88952647
2009	6	10	0.87506679
2009	6	11	0.85921865
2009	6	12	0.83395081
2009	6	13	0.79161823
2009	6	14	0.79087049
2009	6	15	0.78382814
2009	6	16	0.77754832
2009	6	17	0.73861007
2009	6	18	0.69939538
2009	6	19	0.66847367
2009	6	20	0.65081849
2009	6	21	0.64479632
2009	6	22	0.63316154
2009	6	23	0.62858623
2009	6	24	0.62468725
2009	6	25	0.61454240
2009	6	26	0.60236108
2009	6	27	0.59402743
2009	6	28	0.58291798
2009	6	29	0.57448687
2009	6	30	0.56720097
2009	7	1	0.56264323
2009	7	2	0.55513428
2009	7	3	0.54685688
2009	7	4	0.54044299
2009	7	5	0.53414228
2009	7	6	0.52804638
2009	7	7	0.52216487
2009	7	8	0.51647776
2009	7	9	0.51094083
2009	7	10	0.50555147
2009	7	11	0.50026339
2009	7	12	0.49499279
2009	7	13	0.48972427
2009	7	14	0.48445022
2009	7	15	0.47916509
2009	7	16	0.47385955
2009	7	17	0.46855889
2009	7	18	0.46328735
2009	7	19	0.45804969
2009	7	20	0.45286537
2009	7	21	0.44775463
2009	7	22	0.44274857
2009	7	23	0.43785758
2009	7	24	0.43305990
2009	7	25	0.42835689
2009	7	26	0.42373308
2009	7	27	0.41917055
2009	7	28	0.42206401
2009	7	29	0.42902225
2009	7	30	0.42733147
2009	7	31	0.41111164
2009	8	1	0.40132327
2009	8	2	0.39794993
2009	8	3	0.39336502
2009	8	4	0.38876780
2009	8	5	0.39291879
2009	8	6	0.40342485
2009	8	7	0.40203352
2009	8	8	0.38842584
2009	8	9	0.38149809
2009	8	10	0.38171505
2009	8	11	0.37763228
2009	8	12	0.36354162
2009	8	13	0.36010620
2009	8	14	0.35597045
2009	8	15	0.35012708
2009	8	16	0.34639043
2009	8	17	0.34376296
2009	8	18	0.34027173
2009	8	19	0.33459435
2009	8	20	0.33119971
2009	8	21	0.32801268
2009	8	22	0.32489245
2009	8	23	0.32181408
2009	8	24	0.31879817
2009	8	25	0.31584688
2009	8	26	0.31296410
2009	8	27	0.31013783
2009	8	28	0.30734904
2009	8	29	0.30458940
2009	8	30	0.30184700
2009	8	31	0.29912001
2009	9	1	0.29642536
2009	9	2	0.29378412
2009	9	3	0.29119529
2009	9	4	0.28863847
2009	9	5	0.28610562
2009	9	6	0.28360761
2009	9	7	0.28115795
2009	9	8	0.27875025
2009	9	9	0.27638053
2009	9	10	0.27404241
2009	9	11	0.27172174
2009	9	12	0.26944511
2009	9	13	0.35870715
2009	9	14	0.29493637
2009	9	15	0.27032562
2009	9	16	0.26755467
2009	9	17	0.28400374
2009	9	18	0.28921180
2009	9	19	0.27350653
2009	9	20	0.26441774
2009	9	21	0.25645942
2009	9	22	0.25183078
2009	9	23	0.24953962
2009	9	24	0.24857413
2009	9	25	0.24228791
2009	9	26	0.23955404
2009	9	27	0.23751168
2009	9	28	0.23556111
2009	9	29	0.23363149
2009	9	30	0.23174081
2009	10	1	0.22990906
2009	10	2	0.22812163
2009	10	3	0.22638343
2009	10	4	0.22484701
2009	10	5	0.22364772
2009	10	6	0.22164322
2009	10	7	0.21986178
2009	10	8	0.21824008
2009	10	9	0.21666365
2009	10	10	0.21508547
2009	10	11	0.21347734
2009	10	12	0.44540515
2009	10	13	1.63554192
2009	10	14	1.55521448
2009	10	15	0.69528940
2009	10	16	0.48762986
2009	10	17	0.53455408
2009	10	18	0.59544688
2009	10	19	0.65520048
2009	10	20	0.65961209
2009	10	21	0.61391100
2009	10	22	0.49275251
2009	10	23	0.42837486
2009	10	24	0.57583044
2009	10	25	0.51772916
2009	10	26	0.38554439
2009	10	27	0.29043493
2009	10	28	0.23905945
2009	10	29	0.21919156
2009	10	30	0.21947889
2009	10	31	0.21200408
2009	11	1	0.20639971
2009	11	2	0.20340670
2009	11	3	0.20125864
2009	11	4	0.19976747
2009	11	5	0.20822290
2009	11	6	0.30890725
2009	11	7	0.24409736
2009	11	8	0.21340510
2009	11	9	0.21415488
2009	11	10	0.25603698
2009	11	11	0.32860884
2009	11	12	0.31534858
2009	11	13	0.24571728
2009	11	14	0.22403492
2009	11	15	0.22128052
2009	11	16	0.22755329
2009	11	17	0.38633963
2009	11	18	0.35661752
2009	11	19	0.28464392
2009	11	20	0.67891898
2009	11	21	0.52654374
2009	11	22	0.34576952
2009	11	23	0.30736768
2009	11	24	0.31590721
2009	11	25	0.34974789
2009	11	26	0.34762951
2009	11	27	0.63031974
2009	11	28	0.44040036
2009	11	29	0.32226536
2009	11	30	0.29288478
2009	12	1	0.33090415
2009	12	2	0.29919767
2009	12	3	0.25507739
2009	12	4	0.24562613
2009	12	5	0.24218147
2009	12	6	0.24396090
2009	12	7	0.21637914
2009	12	8	0.22415414
2009	12	9	0.20244017
2009	12	10	0.22974968
2009	12	11	0.48181773
2009	12	12	1.39332042
2009	12	13	0.97039274
2009	12	14	0.53127448
2009	12	15	0.74766672
2009	12	16	0.73486076
2009	12	17	0.70633253
2009	12	18	0.63344861
2009	12	19	0.56262253
2009	12	20	0.60901281
2009	12	21	0.74205163
2009	12	22	0.53769678
2009	12	23	0.47261268
2009	12	24	0.41579657
2009	12	25	0.36991058
2009	12	26	0.44095500
2009	12	27	0.39479861
2009	12	28	0.30993758
2009	12	29	0.43484785
2009	12	30	0.41370726
2009	12	31	0.35591066
2010	1	1	0.38639642
2010	1	2	0.33333610
2010	1	3	0.34325818
2010	1	4	0.33228828
2010	1	5	0.30318284
2010	1	6	0.29312426
2010	1	7	0.28373782
2010	1	8	0.30974988
2010	1	9	0.29856646
2010	1	10	0.28242224
2010	1	11	0.81884795
2010	1	12	1.88657242
2010	1	13	1.56195593
2010	1	14	0.82970695
2010	1	15	0.79076955
2010	1	16	1.05757144
2010	1	17	2.19827248
2010	1	18	2.74668338
2010	1	19	2.87947381
2010	1	20	2.93134137
2010	1	21	2.47519845
2010	1	22	2.34478624
2010	1	23	2.38634544
2010	1	24	2.57157955
2010	1	25	2.77623711
2010	1	26	1.80158072
2010	1	27	1.39865743
2010	1	28	1.57892160
2010	1	29	2.13096352
2010	1	30	1.62118203
2010	1	31	1.10415674
2010	2	1	0.85978674
2010	2	2	0.87727177
2010	2	3	0.81037395
2010	2	4	1.45143847
2010	2	5	1.74048561
2010	2	6	1.42168092
2010	2	7	1.00285154
2010	2	8	1.61605683
2010	2	9	1.46561406
2010	2	10	1.27674427
2010	2	11	1.17378734
2010	2	12	1.10260333
2010	2	13	0.91867936
2010	2	14	0.75657335
2010	2	15	0.74382893
2010	2	16	0.80707727
2010	2	17	0.75553641
2010	2	18	0.67727013
2010	2	19	0.69967282
2010	2	20	0.96313110
2010	2	21	0.90164488
2010	2	22	0.69330445
2010	2	23	1.54716957
2010	2	24	1.12944645
2010	2	25	0.93456603
2010	2	26	2.09582474
2010	2	27	1.87939925
2010	2	28	1.37629216
2010	3	1	1.43713098
2010	3	2	2.60286318
2010	3	3	2.12423046
2010	3	4	1.14542214
2010	3	5	1.13773911
2010	3	6	1.49082307
2010	3	7	1.49844991
2010	3	8	1.41252315
2010	3	9	1.23212011
2010	3	10	0.86688446
2010	3	11	0.78253028
2010	3	12	2.04776622
2010	3	13	1.31280746
2010	3	14	0.89615767
2010	3	15	1.14753318
2010	3	16	1.64432322
2010	3	17	1.60475964
2010	3	18	1.54719379
2010	3	19	1.51883672
2010	3	20	1.51835036
2010	3	21	1.65619534
2010	3	22	1.73013678
2010	3	23	1.79200340
2010	3	24	1.80752929
2010	3	25	1.82564319
2010	3	26	1.55557886
2010	3	27	1.51911356
2010	3	28	1.86980375
2010	3	29	3.32623736
2010	3	30	3.51795046
2010	3	31	2.45000318
2010	4	1	1.75831254
2010	4	2	2.34660590
2010	4	3	2.05337772
2010	4	4	2.60524506
2010	4	5	2.11018562
2010	4	6	1.83768575
2010	4	7	2.03398612
2010	4	8	2.26884191
2010	4	9	2.26329488
2010	4	10	2.21233812
2010	4	11	3.01400348
2010	4	12	3.33125481
2010	4	13	1.96961057
2010	4	14	2.03640876
2010	4	15	2.76061698
2010	4	16	2.90417275
2010	4	17	2.62858697
2010	4	18	2.27425790
2010	4	19	2.51329363
2010	4	20	3.06999311
2010	4	21	2.42210991
2010	4	22	2.00347687
2010	4	23	2.18687869
2010	4	24	2.40378065
2010	4	25	2.46102958
2010	4	26	3.28175476
2010	4	27	5.22105003
2010	4	28	4.20507440
2010	4	29	2.64768401
2010	4	30	2.77065339
2010	5	1	3.26508721
2010	5	2	3.03902893
2010	5	3	2.76659988
2010	5	4	2.56558710
2010	5	5	2.39774952
2010	5	6	2.09957839
2010	5	7	2.02219211
2010	5	8	2.23439877
2010	5	9	2.07199335
2010	5	10	2.61732664
2010	5	11	2.11362346
2010	5	12	1.63220684
2010	5	13	1.68491710
2010	5	14	1.92804058
2010	5	15	2.07951854
2010	5	16	2.08792529
2010	5	17	2.11668888
2010	5	18	2.00746076
2010	5	19	1.94335246
2010	5	20	1.84615424
2010	5	21	1.92800019
2010	5	22	1.83075382
2010	5	23	1.70360902
2010	5	24	1.67578805
2010	5	25	2.37386431
2010	5	26	2.66842415
2010	5	27	2.58934660
2010	5	28	1.98458961
2010	5	29	1.90326625
2010	5	30	2.07682620
2010	5	31	2.08449791
2010	6	1	1.96070443
2010	6	2	1.85177171
2010	6	3	1.90297129
2010	6	4	1.78574119
2010	6	5	1.73769962
2010	6	6	1.77040847
2010	6	7	1.83336358
2010	6	8	1.81778638
2010	6	9	1.77273677
2010	6	10	1.70915996
2010	6	11	1.67101131
2010	6	12	1.75388112
2010	6	13	1.86237313
2010	6	14	1.87647461
2010	6	15	1.78128985
2010	6	16	1.68128448
2010	6	17	1.63168837
2010	6	18	1.59674171
2010	6	19	1.55827853
2010	6	20	1.53160230
2010	6	21	1.49956785
2010	6	22	1.41518942
2010	6	23	1.28519482
2010	6	24	1.20281977
2010	6	25	1.14391812
2010	6	26	1.10252029
2010	6	27	1.07092884
2010	6	28	1.03987345
2010	6	29	1.01589738
2010	6	30	1.00096219
2010	7	1	0.97726463
2010	7	2	0.92841006
2010	7	3	0.87644239
2010	7	4	0.84252166
2010	7	5	0.82120880
2010	7	6	0.80294809
2010	7	7	0.78830712
2010	7	8	0.77410362
2010	7	9	0.75959686
2010	7	10	0.78645739
2010	7	11	0.75462595
2010	7	12	0.72461516
2010	7	13	0.71933505
2010	7	14	0.71217689
2010	7	15	0.70388385
2010	7	16	0.69157285
2010	7	17	0.67739672
2010	7	18	0.66506552
2010	7	19	0.65505639
2010	7	20	0.64495756
2010	7	21	0.63977831
2010	7	22	0.62918924
2010	7	23	0.62161163
2010	7	24	0.61462397
2010	7	25	0.60695613
2010	7	26	0.60206461
2010	7	27	0.58672086
2010	7	28	0.57812147
2010	7	29	0.57127324
2010	7	30	0.56498255
2010	7	31	0.55998260
2010	8	1	0.55529132
2010	8	2	0.54826462
2010	8	3	0.54000930
2010	8	4	0.53369108
2010	8	5	0.52734963
2010	8	6	0.52152948
2010	8	7	0.52148792
2010	8	8	0.51519685
2010	8	9	0.50544289
2010	8	10	0.49967938
2010	8	11	0.49414323
2010	8	12	0.48837447
2010	8	13	0.48302661
2010	8	14	0.47949729
2010	8	15	0.47725969
2010	8	16	0.47109114
2010	8	17	0.46259719
2010	8	18	0.46148058
2010	8	19	0.45649003
2010	8	20	0.44728976
2010	8	21	0.44262339
2010	8	22	0.43801838
2010	8	23	0.43347479
2010	8	24	0.42906093
2010	8	25	0.42466736
2010	8	26	0.42028593
2010	8	27	0.41606211
2010	8	28	0.41266622
2010	8	29	0.44163783
2010	8	30	0.41749241
2010	8	31	0.40499055
2010	9	1	0.40251787
2010	9	2	0.39985740
2010	9	3	0.39683606
2010	9	4	0.39238976
2010	9	5	0.38702103
2010	9	6	0.38212922
2010	9	7	0.37757853
2010	9	8	0.37356920
2010	9	9	0.37433231
2010	9	10	0.37012694
2010	9	11	0.36755962
2010	9	12	0.36410733
2010	9	13	0.35786990
2010	9	14	0.35303935
2010	9	15	0.34952895
2010	9	16	0.34626318
2010	9	17	0.34342297
2010	9	18	0.34127790
2010	9	19	0.33825470
2010	9	20	0.33527075
2010	9	21	0.33199167
2010	9	22	0.32903337
2010	9	23	0.32627234
2010	9	24	0.32351785
2010	9	25	0.32058579
2010	9	26	0.31775241
2010	9	27	0.31498065
2010	9	28	0.31225535
2010	9	29	0.30958212
2010	9	30	0.30701395
