2000	1	1	0.002863
2000	1	2	0.001041
2000	1	3	0.005466
2000	1	4	0.005466
2000	1	5	0.001041
2000	1	6	0.011712
2000	1	7	0.004425
2000	1	8	0.001041
2000	1	9	0.002863
2000	1	10	0.001822
2000	1	11	0.002863
2000	1	12	0.003644
2000	1	13	0.002863
2000	1	14	0.002863
2000	1	15	0.001822
2000	1	16	0.002863
2000	1	17	0.001822
2000	1	18	0.001822
2000	1	19	0.002863
2000	1	20	0.000000
2000	1	21	0.001822
2000	1	22	0.001041
2000	1	23	0.000000
2000	1	24	0.005466
2000	1	25	0.001041
2000	1	26	0.001822
2000	1	27	0.002863
2000	1	28	0.006507
2000	1	29	0.006507
2000	1	30	0.004685
2000	1	31	0.003904
2000	2	1	0.000000
2000	2	2	0.001041
2000	2	3	0.005205
2000	2	4	0.004425
2000	2	5	0.003644
2000	2	6	0.002603
2000	2	7	0.006247
2000	2	8	0.008849
2000	2	9	0.003644
2000	2	10	0.001822
2000	2	11	0.001041
2000	2	12	0.001822
2000	2	13	0.001041
2000	2	14	0.000000
2000	2	15	0.001041
2000	2	16	0.003904
2000	2	17	0.002082
2000	2	18	0.002863
2000	2	19	0.013534
2000	2	20	0.010671
2000	2	21	0.003904
2000	2	22	0.008849
2000	2	23	0.007808
2000	2	24	0.006767
2000	2	25	0.004945
2000	2	26	0.003904
2000	2	27	0.000000
2000	2	28	0.003904
2000	2	29	0.007808
2000	3	1	0.004685
2000	3	2	0.006507
2000	3	3	0.000000
2000	3	4	0.010411
2000	3	5	0.009370
2000	3	6	0.002863
2000	3	7	0.003904
2000	3	8	0.002863
2000	3	9	0.006507
2000	3	10	0.002863
2000	3	11	0.003904
2000	3	12	0.008329
2000	3	13	0.013014
2000	3	14	0.013014
2000	3	15	0.017699
2000	3	16	0.019781
2000	3	17	0.024986
2000	3	18	0.023425
2000	3	19	0.026027
2000	3	20	0.017959
2000	3	21	0.032014
2000	3	22	0.028110
2000	3	23	0.017959
2000	3	24	0.016918
2000	3	25	0.014055
2000	3	26	0.015096
2000	3	27	0.018219
2000	3	28	0.012233
2000	3	29	0.016137
2000	3	30	0.021082
2000	3	31	0.034616
2000	4	1	0.032795
2000	4	2	0.033836
2000	4	3	0.031493
2000	4	4	0.024726
2000	4	5	0.020041
2000	4	6	0.023164
2000	4	7	0.023945
2000	4	8	0.021342
2000	4	9	0.024205
2000	4	10	0.022384
2000	4	11	0.029151
2000	4	12	0.024466
2000	4	13	0.014575
2000	4	14	0.016658
2000	4	15	0.014575
2000	4	16	0.008849
2000	4	17	0.008849
2000	4	18	0.007808
2000	4	19	0.012753
2000	4	20	0.016918
2000	4	21	0.022904
2000	4	22	0.023945
2000	4	23	0.016137
2000	4	24	0.027068
2000	4	25	0.024986
2000	4	26	0.029932
2000	4	27	0.027068
2000	4	28	0.028890
2000	4	29	0.028110
2000	4	30	0.024986
2000	5	1	0.029151
2000	5	2	0.027849
2000	5	3	0.032274
2000	5	4	0.027849
2000	5	5	0.022644
2000	5	6	0.024726
2000	5	7	0.011192
2000	5	8	0.001041
2000	5	9	0.014315
2000	5	10	0.023685
2000	5	11	0.020562
2000	5	12	0.030712
2000	5	13	0.024726
2000	5	14	0.014315
2000	5	15	0.011452
2000	5	16	0.003123
2000	5	17	0.005205
2000	5	18	0.025767
2000	5	19	0.034096
2000	5	20	0.036178
2000	5	21	0.044507
2000	5	22	0.052836
2000	5	23	0.045808
2000	5	24	0.046849
2000	5	25	0.034356
2000	5	26	0.036438
2000	5	27	0.031233
2000	5	28	0.036438
2000	5	29	0.037479
2000	5	30	0.035397
2000	5	31	0.037479
2000	6	1	0.045808
2000	6	2	0.044767
2000	6	3	0.040342
2000	6	4	0.032795
2000	6	5	0.041384
2000	6	6	0.033836
2000	6	7	0.034616
2000	6	8	0.035658
2000	6	9	0.007548
2000	6	10	0.029151
2000	6	11	0.031233
2000	6	12	0.028110
2000	6	13	0.038781
2000	6	14	0.070014
2000	6	15	0.061164
2000	6	16	0.054658
2000	6	17	0.078082
2000	6	18	0.048151
2000	6	19	0.039562
2000	6	20	0.040603
2000	6	21	0.051274
2000	6	22	0.045548
2000	6	23	0.035918
2000	6	24	0.042164
2000	6	25	0.045288
2000	6	26	0.043986
2000	6	27	0.049192
2000	6	28	0.051014
2000	6	29	0.043466
2000	6	30	0.040082
2000	7	1	0.041123
2000	7	2	0.040082
2000	7	3	0.037740
2000	7	4	0.032274
2000	7	5	0.036699
2000	7	6	0.029932
2000	7	7	0.030712
2000	7	8	0.033836
2000	7	9	0.040082
2000	7	10	0.037740
2000	7	11	0.045027
2000	7	12	0.052055
2000	7	13	0.040603
2000	7	14	0.040342
2000	7	15	0.043205
2000	7	16	0.038000
2000	7	17	0.033836
2000	7	18	0.034616
2000	7	19	0.041644
2000	7	20	0.045548
2000	7	21	0.045548
2000	7	22	0.032274
2000	7	23	0.041904
2000	7	24	0.046849
2000	7	25	0.051534
2000	7	26	0.041384
2000	7	27	0.039041
2000	7	28	0.036178
2000	7	29	0.046589
2000	7	30	0.054137
2000	7	31	0.050233
2000	8	1	0.049712
2000	8	2	0.047370
2000	8	3	0.044247
2000	8	4	0.049973
2000	8	5	0.041644
2000	8	6	0.043466
2000	8	7	0.030452
2000	8	8	0.036438
2000	8	9	0.033315
2000	8	10	0.038000
2000	8	11	0.032274
2000	8	12	0.046329
2000	8	13	0.048411
2000	8	14	0.046329
2000	8	15	0.040342
2000	8	16	0.048932
2000	8	17	0.052315
2000	8	18	0.035918
2000	8	19	0.033836
2000	8	20	0.033055
2000	8	21	0.033055
2000	8	22	0.030712
2000	8	23	0.031753
2000	8	24	0.029411
2000	8	25	0.029932
2000	8	26	0.036699
2000	8	27	0.039301
2000	8	28	0.034877
2000	8	29	0.032795
2000	8	30	0.011712
2000	8	31	0.011712
2000	9	1	0.023685
2000	9	2	0.004685
2000	9	3	0.013274
2000	9	4	0.020822
2000	9	5	0.028370
2000	9	6	0.029932
2000	9	7	0.046849
2000	9	8	0.042945
2000	9	9	0.033575
2000	9	10	0.034356
2000	9	11	0.019521
2000	9	12	0.034356
2000	9	13	0.040603
2000	9	14	0.023164
2000	9	15	0.029151
2000	9	16	0.027329
2000	9	17	0.027329
2000	9	18	0.035658
2000	9	19	0.040342
2000	9	20	0.033836
2000	9	21	0.032795
2000	9	22	0.024466
2000	9	23	0.013795
2000	9	24	0.024726
2000	9	25	0.033055
2000	9	26	0.035658
2000	9	27	0.036699
2000	9	28	0.023945
2000	9	29	0.014575
2000	9	30	0.029932
2000	10	1	0.776137
2000	10	2	0.607740
2000	10	3	0.721219
2000	10	4	0.878945
2000	10	5	0.665521
2000	10	6	0.571822
2000	10	7	0.557767
2000	10	8	0.676452
2000	10	9	0.570000
2000	10	10	0.607740
2000	10	11	0.714452
2000	10	12	0.826110
2000	10	13	0.528877
2000	10	14	0.786027
2000	10	15	0.675411
2000	10	16	0.644959
2000	10	17	0.451315
2000	10	18	0.821685
2000	10	19	0.696233
2000	10	20	0.213164
2000	10	21	0.256110
2000	10	22	0.257151
2000	10	23	0.406288
2000	10	24	0.531480
2000	10	25	0.766247
2000	10	26	0.507014
2000	10	27	0.796959
2000	10	28	0.792534
2000	10	29	1.100699
2000	10	30	0.784466
2000	10	31	0.662918
2000	11	1	0.553603
2000	11	2	0.744644
2000	11	3	0.646260
2000	11	4	0.820644
2000	11	5	0.696493
2000	11	6	0.525493
2000	11	7	0.782904
2000	11	8	0.453658
2000	11	9	0.640274
2000	11	10	0.785767
2000	11	11	0.603836
2000	11	12	0.653808
2000	11	13	0.635069
2000	11	14	0.491397
2000	11	15	0.565315
2000	11	16	0.794096
2000	11	17	0.648863
2000	11	18	0.655890
2000	11	19	0.620753
2000	11	20	0.639493
2000	11	21	0.494000
2000	11	22	0.756877
2000	11	23	0.449753
2000	11	24	0.275370
2000	11	25	0.589000
2000	11	26	0.404726
2000	11	27	0.587699
2000	11	28	0.413836
2000	11	29	0.844849
2000	11	30	0.733452
2000	12	1	0.629603
2000	12	2	0.672808
2000	12	3	0.500247
2000	12	4	0.532521
2000	12	5	0.678274
2000	12	6	0.530699
2000	12	7	0.624918
2000	12	8	0.826890
2000	12	9	0.632206
2000	12	10	0.796438
2000	12	11	0.740480
2000	12	12	0.844329
2000	12	13	0.863329
2000	12	14	1.045521
2000	12	15	0.822726
2000	12	16	0.937767
2000	12	17	0.953904
2000	12	18	0.732411
2000	12	19	0.950781
2000	12	20	0.649644
2000	12	21	0.597589
2000	12	22	0.838603
2000	12	23	0.725123
2000	12	24	0.625959
2000	12	25	0.687904
2000	12	26	0.657712
2000	12	27	0.742301
2000	12	28	0.435699
2000	12	29	0.719658
2000	12	30	0.568178
2000	12	31	0.575466
2001	1	1	0.564534
2001	1	2	0.375575
2001	1	3	0.679315
2001	1	4	0.584836
2001	1	5	0.415918
2001	1	6	0.750110
2001	1	7	0.549438
2001	1	8	0.689466
2001	1	9	0.806329
2001	1	10	0.879466
2001	1	11	0.974466
2001	1	12	0.861507
2001	1	13	0.775877
2001	1	14	0.656932
2001	1	15	0.631164
2001	1	16	0.465110
2001	1	17	0.663438
2001	1	18	0.799301
2001	1	19	0.609301
2001	1	20	0.644438
2001	1	21	0.591863
2001	1	22	0.591343
2001	1	23	0.628562
2001	1	24	0.742562
2001	1	25	0.839384
2001	1	26	0.775877
2001	1	27	0.681918
2001	1	28	0.712110
2001	1	29	0.708986
2001	1	30	0.492959
2001	1	31	0.774055
2001	2	1	0.653548
2001	2	2	0.631685
2001	2	3	0.433616
2001	2	4	0.419562
2001	2	5	0.379219
2001	2	6	0.597329
2001	2	7	0.482808
2001	2	8	0.482027
2001	2	9	0.881027
2001	2	10	0.625959
2001	2	11	1.046041
2001	2	12	0.686343
2001	2	13	0.753753
2001	2	14	0.592384
2001	2	15	0.661877
2001	2	16	0.563753
2001	2	17	0.497123
2001	2	18	0.659274
2001	2	19	1.065301
2001	2	20	1.543425
2001	2	21	2.331014
2001	2	22	1.801877
2001	2	23	1.243589
2001	2	24	1.146247
2001	2	25	1.099137
2001	2	26	0.960932
2001	2	27	0.966918
2001	2	28	0.790712
2001	3	1	0.752973
2001	3	2	0.781863
2001	3	3	0.699096
2001	3	4	1.153534
2001	3	5	2.077767
2001	3	6	1.537699
2001	3	7	1.304233
2001	3	8	1.187891
2001	3	9	1.392466
2001	3	10	1.148069
2001	3	11	0.921110
2001	3	12	1.039795
2001	3	13	0.848754
2001	3	14	0.925795
2001	3	15	0.885192
2001	3	16	0.756356
2001	3	17	0.797219
2001	3	18	0.765726
2001	3	19	0.986959
2001	3	20	1.339891
2001	3	21	1.612658
2001	3	22	1.319069
2001	3	23	1.376069
2001	3	24	1.536137
2001	3	25	2.359644
2001	3	26	2.177192
2001	3	27	1.430726
2001	3	28	1.505945
2001	3	29	1.609795
2001	3	30	1.603548
2001	3	31	1.487206
2001	4	1	1.364096
2001	4	2	1.213137
2001	4	3	1.402877
2001	4	4	0.980192
2001	4	5	0.946356
2001	4	6	0.864890
2001	4	7	1.085863
2001	4	8	0.834959
2001	4	9	0.782123
2001	4	10	0.494781
2001	4	11	0.941671
2001	4	12	0.668384
2001	4	13	0.610603
2001	4	14	0.823767
2001	4	15	0.646260
2001	4	16	0.755315
2001	4	17	0.815438
2001	4	18	0.856822
2001	4	19	1.168110
2001	4	20	1.190493
2001	4	21	1.055671
2001	4	22	1.049425
2001	4	23	0.924754
2001	4	24	0.980192
2001	4	25	1.338849
2001	4	26	1.489548
2001	4	27	1.504384
2001	4	28	1.529110
2001	4	29	1.314644
2001	4	30	1.316466
2001	5	1	1.380493
2001	5	2	1.374507
2001	5	3	1.151973
2001	5	4	1.091069
2001	5	5	1.016630
2001	5	6	1.064260
2001	5	7	0.230082
2001	5	8	2.305247
2001	5	9	1.307617
2001	5	10	1.358370
2001	5	11	1.353685
2001	5	12	1.308918
2001	5	13	1.160562
2001	5	14	0.935425
2001	5	15	1.124123
2001	5	16	0.963534
2001	5	17	0.779000
2001	5	18	0.875041
2001	5	19	0.961192
2001	5	20	0.766767
2001	5	21	0.976808
2001	5	22	0.789671
2001	5	23	0.646521
2001	5	24	0.788110
2001	5	25	0.510397
2001	5	26	0.528877
2001	5	27	0.563753
2001	5	28	0.347466
2001	5	29	0.370890
2001	5	30	0.504932
2001	5	31	0.503370
2001	6	1	0.269644
2001	6	2	0.386507
2001	6	3	0.356315
2001	6	4	0.417219
2001	6	5	0.173342
2001	6	6	0.564274
2001	6	7	0.240493
2001	6	8	0.495822
2001	6	9	0.154342
2001	6	10	0.270164
2001	6	11	0.484630
2001	6	12	0.571822
2001	6	13	0.369849
2001	6	14	0.474740
2001	6	15	0.458082
2001	6	16	0.343041
2001	6	17	0.210822
2001	6	18	0.566096
2001	6	19	0.500247
2001	6	20	0.422164
2001	6	21	0.742822
2001	6	22	0.458863
2001	6	23	0.206918
2001	6	24	0.323000
2001	6	25	0.451315
2001	6	26	0.713151
2001	6	27	0.307904
2001	6	28	0.529918
2001	6	29	0.353973
2001	6	30	0.293849
2001	7	1	0.298014
2001	7	2	0.529397
2001	7	3	0.593685
2001	7	4	0.395356
2001	7	5	0.465630
2001	7	6	0.546836
2001	7	7	0.388329
2001	7	8	0.300877
2001	7	9	0.397438
2001	7	10	0.286301
2001	7	11	0.600973
2001	7	12	0.392753
2001	7	13	0.612164
2001	7	14	0.337055
2001	7	15	0.306342
2001	7	16	0.182712
2001	7	17	0.428151
2001	7	18	0.334712
2001	7	19	0.386767
2001	7	20	0.413055
2001	7	21	0.311288
2001	7	22	0.352411
2001	7	23	0.282658
2001	7	24	0.652767
2001	7	25	0.352411
2001	7	26	0.326644
2001	7	27	0.426329
2001	7	28	0.422164
2001	7	29	0.264959
2001	7	30	0.421644
2001	7	31	0.260274
2001	8	1	0.336534
2001	8	2	0.409671
2001	8	3	0.412014
2001	8	4	0.442726
2001	8	5	0.301918
2001	8	6	0.309466
2001	8	7	0.404466
2001	8	8	0.524452
2001	8	9	0.259753
2001	8	10	0.414096
2001	8	11	0.354233
2001	8	12	0.291767
2001	8	13	0.393274
2001	8	14	0.382863
2001	8	15	0.416178
2001	8	16	0.515082
2001	8	17	0.256890
2001	8	18	0.319877
2001	8	19	0.397959
2001	8	20	0.312589
2001	8	21	0.379219
2001	8	22	0.340178
2001	8	23	0.558027
2001	8	24	0.403425
2001	8	25	0.175945
2001	8	26	0.490356
2001	8	27	0.385986
2001	8	28	0.093178
2001	8	29	0.122069
2001	8	30	0.109315
2001	8	31	0.168397
2001	9	1	0.092658
2001	9	2	0.299836
2001	9	3	0.096041
2001	9	4	-0.009370
2001	9	5	0.113740
2001	9	6	0.064548
2001	9	7	0.055178
2001	9	8	0.096041
2001	9	9	0.266260
2001	9	10	0.127795
2001	9	11	0.258192
2001	9	12	0.001822
2001	9	13	0.125192
2001	9	14	0.306603
2001	9	15	0.117904
2001	9	16	0.255069
2001	9	17	0.359178
2001	9	18	0.515863
2001	9	19	0.481767
2001	9	20	0.243096
2001	9	21	0.455740
2001	9	22	0.604877
2001	9	23	0.473699
2001	9	24	0.370630
2001	9	25	0.470575
2001	9	26	0.444027
2001	9	27	0.604877
2001	9	28	0.520808
2001	9	29	0.480466
2001	9	30	0.513000
2001	10	1	0.536164
2001	10	2	0.446630
2001	10	3	0.567658
2001	10	4	0.552822
2001	10	5	0.725123
2001	10	6	0.537986
2001	10	7	0.555425
2001	10	8	0.510658
2001	10	9	0.282918
2001	10	10	0.492959
2001	10	11	0.507274
2001	10	12	0.751671
2001	10	13	0.473699
2001	10	14	0.777438
2001	10	15	0.470836
2001	10	16	0.760000
2001	10	17	0.702740
2001	10	18	0.903671
2001	10	19	0.568178
2001	10	20	0.717055
2001	10	21	0.689206
2001	10	22	0.632986
2001	10	23	0.427370
2001	10	24	0.404986
2001	10	25	0.189740
2001	10	26	0.339658
2001	10	27	0.559849
2001	10	28	0.619712
2001	10	29	0.648863
2001	10	30	0.907836
2001	10	31	0.752973
2001	11	1	0.430493
2001	11	2	0.560110
2001	11	3	0.071575
2001	11	4	0.068192
2001	11	5	0.171781
2001	11	6	0.198329
2001	11	7	0.145233
2001	11	8	0.182452
2001	11	9	0.170479
2001	11	10	0.069233
2001	11	11	-0.017438
2001	11	12	0.619192
2001	11	13	0.544233
2001	11	14	0.250123
2001	11	15	0.391192
2001	11	16	0.363343
2001	11	17	0.334452
2001	11	18	0.251945
2001	11	19	0.382863
2001	11	20	0.505712
2001	11	21	0.998151
2001	11	22	2.329192
2001	11	23	1.115795
2001	11	24	1.912754
2001	11	25	1.332603
2001	11	26	0.762603
2001	11	27	0.469795
2001	11	28	0.798000
2001	11	29	0.929959
2001	11	30	0.570000
2001	12	1	1.249575
2001	12	2	2.798726
2001	12	3	2.035343
2001	12	4	1.032247
2001	12	5	1.185548
2001	12	6	1.390904
2001	12	7	1.287575
2001	12	8	0.926315
2001	12	9	0.873740
2001	12	10	0.729808
2001	12	11	0.760000
2001	12	12	0.822206
2001	12	13	0.587178
2001	12	14	1.387521
2001	12	15	0.792014
2001	12	16	0.717836
2001	12	17	1.616302
2001	12	18	1.461178
2001	12	19	1.136877
2001	12	20	1.592096
2001	12	21	1.363315
2001	12	22	1.143904
2001	12	23	1.443740
2001	12	24	1.117356
2001	12	25	0.897945
2001	12	26	0.911219
2001	12	27	0.927356
2001	12	28	1.354726
2001	12	29	1.611877
2001	12	30	1.844822
2001	12	31	3.520466
2002	1	1	2.559534
2002	1	2	5.053740
2002	1	3	4.602425
2002	1	4	2.857028
2002	1	5	2.158713
2002	1	6	3.984274
2002	1	7	3.221411
2002	1	8	2.519713
2002	1	9	2.057466
2002	1	10	1.823219
2002	1	11	1.636863
2002	1	12	1.429945
2002	1	13	1.202726
2002	1	14	1.351863
2002	1	15	1.102521
2002	1	16	1.017932
2002	1	17	1.025219
2002	1	18	1.135836
2002	1	19	1.020534
2002	1	20	0.899767
2002	1	21	0.977069
2002	1	22	1.029384
2002	1	23	0.906534
2002	1	24	0.903151
2002	1	25	0.815699
2002	1	26	1.356548
2002	1	27	1.138438
2002	1	28	0.957027
2002	1	29	0.950781
2002	1	30	0.778219
2002	1	31	0.844589
2002	2	1	0.736315
2002	2	2	0.844329
2002	2	3	0.887534
2002	2	4	0.771192
2002	2	5	0.672808
2002	2	6	0.749849
2002	2	7	0.951041
2002	2	8	1.402096
2002	2	9	1.061658
2002	2	10	0.881288
2002	2	11	0.905493
2002	2	12	0.940630
2002	2	13	0.801384
2002	2	14	0.899507
2002	2	15	0.731630
2002	2	16	0.852658
2002	2	17	0.843288
2002	2	18	0.894041
2002	2	19	1.305274
2002	2	20	2.429137
2002	2	21	1.967411
2002	2	22	1.773767
2002	2	23	1.879699
2002	2	24	1.629576
2002	2	25	1.438274
2002	2	26	1.441918
2002	2	27	1.239165
2002	2	28	1.229534
2002	3	1	1.127247
2002	3	2	1.106164
2002	3	3	1.003617
2002	3	4	0.988781
2002	3	5	0.996589
2002	3	6	2.031699
2002	3	7	2.639178
2002	3	8	2.198014
2002	3	9	1.920562
2002	3	10	2.088439
2002	3	11	1.758411
2002	3	12	1.670178
2002	3	13	1.854192
2002	3	14	1.547849
2002	3	15	1.536397
2002	3	16	1.328178
2002	3	17	1.312041
2002	3	18	1.223288
2002	3	19	1.295123
2002	3	20	1.229534
2002	3	21	1.145466
2002	3	22	1.392206
2002	3	23	1.630356
2002	3	24	1.449986
2002	3	25	1.543685
2002	3	26	1.397932
2002	3	27	1.318808
2002	3	28	1.371644
2002	3	29	1.264932
2002	3	30	1.764137
2002	3	31	1.604849
2002	4	1	1.689439
2002	4	2	1.850548
2002	4	3	2.012699
2002	4	4	2.008274
2002	4	5	2.119411
2002	4	6	1.707397
2002	4	7	1.860439
2002	4	8	1.682151
2002	4	9	1.691260
2002	4	10	1.885945
2002	4	11	1.874754
2002	4	12	1.823480
2002	4	13	1.910151
2002	4	14	1.977041
2002	4	15	2.130863
2002	4	16	1.641808
2002	4	17	1.607712
2002	4	18	1.371644
2002	4	19	1.993178
2002	4	20	0.971343
2002	4	21	1.234480
2002	4	22	1.215480
2002	4	23	1.100959
2002	4	24	1.153014
2002	4	25	1.377630
2002	4	26	1.345096
2002	4	27	1.391685
2002	4	28	1.255301
2002	4	29	1.183986
2002	4	30	1.176178
2002	5	1	0.973945
2002	5	2	1.004918
2002	5	3	1.099397
2002	5	4	1.348740
2002	5	5	1.313863
2002	5	6	1.152493
2002	5	7	1.212877
2002	5	8	1.066863
2002	5	9	1.052548
2002	5	10	1.268055
2002	5	11	1.035630
2002	5	12	1.170192
2002	5	13	1.016630
2002	5	14	0.875822
2002	5	15	1.214438
2002	5	16	1.026000
2002	5	17	0.960932
2002	5	18	1.085603
2002	5	19	0.994247
2002	5	20	0.991123
2002	5	21	0.988260
2002	5	22	0.774315
2002	5	23	0.808932
2002	5	24	0.924233
2002	5	25	0.638973
2002	5	26	1.006480
2002	5	27	0.721480
2002	5	28	0.698315
2002	5	29	0.958589
2002	5	30	1.037712
2002	5	31	0.934904
2002	6	1	0.691808
2002	6	2	0.944534
2002	6	3	0.689986
2002	6	4	0.685041
2002	6	5	0.633767
2002	6	6	0.868274
2002	6	7	0.456000
2002	6	8	0.288644
2002	6	9	0.496863
2002	6	10	0.480726
2002	6	11	0.408890
2002	6	12	0.330548
2002	6	13	0.371671
2002	6	14	0.361260
2002	6	15	0.415397
2002	6	16	0.342260
2002	6	17	0.544493
2002	6	18	0.121027
2002	6	19	0.407069
2002	6	20	0.215247
2002	6	21	0.437781
2002	6	22	0.326644
2002	6	23	0.157466
2002	6	24	0.411233
2002	6	25	0.305301
2002	6	26	0.289945
2002	6	27	0.295151
2002	6	28	0.068973
2002	6	29	0.303219
2002	6	30	0.254027
2002	7	1	0.396918
2002	7	2	0.270945
2002	7	3	0.230082
2002	7	4	0.222795
2002	7	5	0.205877
2002	7	6	0.305041
2002	7	7	0.320137
2002	7	8	0.467712
2002	7	9	0.539808
2002	7	10	0.518726
2002	7	11	0.485411
2002	7	12	0.513521
2002	7	13	0.709247
2002	7	14	0.070274
2002	7	15	0.342521
2002	7	16	0.459123
2002	7	17	0.133260
2002	7	18	0.327425
2002	7	19	0.332630
2002	7	20	0.295671
2002	7	21	0.256110
2002	7	22	0.303219
2002	7	23	0.321699
2002	7	24	0.348767
2002	7	25	0.587959
2002	7	26	0.281616
2002	7	27	0.476041
2002	7	28	0.089534
2002	7	29	0.368027
2002	7	30	0.368808
2002	7	31	0.430753
2002	8	1	0.377397
2002	8	2	0.381562
2002	8	3	0.352151
2002	8	4	0.121808
2002	8	5	0.511178
2002	8	6	0.590562
2002	8	7	0.262877
2002	8	8	0.548918
2002	8	9	0.448452
2002	8	10	0.478644
2002	8	11	0.447411
2002	8	12	0.342781
2002	8	13	0.190260
2002	8	14	0.556726
2002	8	15	0.272767
2002	8	16	0.387808
2002	8	17	0.452877
2002	8	18	0.601233
2002	8	19	0.292548
2002	8	20	0.434918
2002	8	21	0.266521
2002	8	22	0.446370
2002	8	23	0.411233
2002	8	24	0.434658
2002	8	25	0.420343
2002	8	26	0.397699
2002	8	27	0.426849
2002	8	28	0.436479
2002	8	29	0.542671
2002	8	30	0.463027
2002	8	31	0.566877
2002	9	1	0.596027
2002	9	2	0.551781
2002	9	3	0.678274
2002	9	4	0.328726
2002	9	5	0.517945
2002	9	6	0.522630
2002	9	7	0.349548
2002	9	8	0.432315
2002	9	9	0.543192
2002	9	10	0.626480
2002	9	11	0.506753
2002	9	12	0.566616
2002	9	13	0.551781
2002	9	14	0.707945
2002	9	15	0.568438
2002	9	16	0.566877
2002	9	17	0.285521
2002	9	18	0.680096
2002	9	19	0.444027
2002	9	20	0.597069
2002	9	21	0.635329
2002	9	22	0.692069
2002	9	23	0.632466
2002	9	24	0.409151
2002	9	25	0.590822
2002	9	26	0.429712
2002	9	27	0.868534
2002	9	28	0.631945
2002	9	29	0.708206
2002	9	30	0.399000
2002	10	1	0.680356
2002	10	2	0.459644
2002	10	3	0.538507
2002	10	4	0.574425
2002	10	5	0.379479
2002	10	6	0.454438
2002	10	7	0.614247
2002	10	8	0.588480
2002	10	9	0.651726
2002	10	10	0.706123
2002	10	11	0.597849
2002	10	12	0.454438
2002	10	13	0.779000
2002	10	14	0.528877
2002	10	15	0.518466
2002	10	16	0.518206
2002	10	17	0.585096
2002	10	18	0.497384
2002	10	19	0.166055
2002	10	20	0.526274
2002	10	21	0.228000
2002	10	22	0.389890
2002	10	23	0.330027
2002	10	24	0.360219
2002	10	25	0.405767
2002	10	26	0.537986
2002	10	27	0.253767
2002	10	28	0.486712
2002	10	29	0.442986
2002	10	30	0.457562
2002	10	31	0.491918
2002	11	1	0.439863
2002	11	2	0.385986
2002	11	3	0.403685
2002	11	4	0.362041
2002	11	5	0.391712
2002	11	6	0.387548
2002	11	7	0.852397
2002	11	8	1.338069
2002	11	9	1.301630
2002	11	10	1.206891
2002	11	11	0.950000
2002	11	12	0.724082
2002	11	13	0.489575
2002	11	14	0.562452
2002	11	15	0.779000
2002	11	16	0.575986
2002	11	17	0.543712
2002	11	18	0.632986
2002	11	19	0.584055
2002	11	20	0.541110
2002	11	21	0.770932
2002	11	22	0.616329
2002	11	23	0.597589
2002	11	24	0.435178
2002	11	25	0.760521
2002	11	26	0.471096
2002	11	27	0.570260
2002	11	28	0.434918
2002	11	29	0.522370
2002	11	30	0.499206
2002	12	1	0.631164
2002	12	2	0.477603
2002	12	3	0.550740
2002	12	4	0.567397
2002	12	5	0.540849
2002	12	6	0.529397
2002	12	7	0.408110
2002	12	8	0.440384
2002	12	9	0.513521
2002	12	10	0.619973
2002	12	11	0.551000
2002	12	12	0.640534
2002	12	13	1.564247
2002	12	14	6.986795
2002	12	15	4.650316
2002	12	16	6.936042
2002	12	17	3.674288
2002	12	18	2.134767
2002	12	19	1.968973
2002	12	20	2.081411
2002	12	21	3.304178
2002	12	22	1.705836
2002	12	23	1.051247
2002	12	24	1.193356
2002	12	25	1.131151
2002	12	26	1.183986
2002	12	27	4.632357
2002	12	28	9.626234
2002	12	29	6.399877
2002	12	30	3.963192
2002	12	31	3.973343
2003	1	1	3.009548
2003	1	2	2.538192
2003	1	3	2.101973
2003	1	4	1.890630
2003	1	5	1.645452
2003	1	6	1.827904
2003	1	7	1.658466
2003	1	8	1.478617
2003	1	9	1.854973
2003	1	10	2.813302
2003	1	11	3.890836
2003	1	12	3.143329
2003	1	13	4.113891
2003	1	14	3.686521
2003	1	15	2.970507
2003	1	16	2.458548
2003	1	17	2.374740
2003	1	18	2.211028
2003	1	19	2.165219
2003	1	20	1.904425
2003	1	21	2.100671
2003	1	22	2.630329
2003	1	23	5.270809
2003	1	24	4.276042
2003	1	25	3.777357
2003	1	26	3.151918
2003	1	27	2.961918
2003	1	28	3.098562
2003	1	29	2.791959
2003	1	30	2.601959
2003	1	31	2.411699
2003	2	1	2.372918
2003	2	2	2.294576
2003	2	3	2.125918
2003	2	4	2.118630
2003	2	5	2.010877
2003	2	6	1.956480
2003	2	7	1.808384
2003	2	8	1.812808
2003	2	9	1.811767
2003	2	10	1.644151
2003	2	11	1.645192
2003	2	12	1.426041
2003	2	13	2.069178
2003	2	14	2.129562
2003	2	15	1.486685
2003	2	16	2.382548
2003	2	17	1.638685
2003	2	18	1.704534
2003	2	19	1.988754
2003	2	20	1.580644
2003	2	21	1.747740
2003	2	22	1.427343
2003	2	23	1.483041
2003	2	24	1.330260
2003	2	25	1.638165
2003	2	26	1.511932
2003	2	27	1.238644
2003	2	28	1.132452
2003	3	1	1.149370
2003	3	2	1.481219
2003	3	3	1.097315
2003	3	4	1.097575
2003	3	5	1.027822
2003	3	6	0.957548
2003	3	7	0.925014
2003	3	8	0.864110
2003	3	9	0.689986
2003	3	10	1.024178
2003	3	11	0.967699
2003	3	12	0.961192
2003	3	13	1.104343
2003	3	14	2.677178
2003	3	15	6.631001
2003	3	16	4.532932
2003	3	17	3.097000
2003	3	18	2.542617
2003	3	19	2.157411
2003	3	20	1.972356
2003	3	21	1.768302
2003	3	22	1.818014
2003	3	23	2.496028
2003	3	24	1.465343
2003	3	25	0.966397
2003	3	26	2.638137
2003	3	27	2.600137
2003	3	28	2.269589
2003	3	29	2.125397
2003	3	30	1.906767
2003	3	31	1.946850
2003	4	1	1.539000
2003	4	2	1.723274
2003	4	3	1.627493
2003	4	4	1.735507
2003	4	5	1.397932
2003	4	6	1.404959
2003	4	7	1.309438
2003	4	8	1.434370
2003	4	9	1.480439
2003	4	10	1.406521
2003	4	11	1.509329
2003	4	12	2.007754
2003	4	13	2.519192
2003	4	14	2.427055
2003	4	15	2.042110
2003	4	16	1.999425
2003	4	17	2.034302
2003	4	18	2.133987
2003	4	19	2.017123
2003	4	20	1.810206
2003	4	21	2.006973
2003	4	22	1.921082
2003	4	23	1.998384
2003	4	24	3.649562
2003	4	25	3.492357
2003	4	26	3.273726
2003	4	27	2.845055
2003	4	28	3.512137
2003	4	29	3.622233
2003	4	30	3.404384
2003	5	1	3.042603
2003	5	2	2.883576
2003	5	3	3.924151
2003	5	4	4.345795
2003	5	5	3.849192
2003	5	6	3.695891
2003	5	7	3.247439
2003	5	8	3.263055
2003	5	9	3.026466
2003	5	10	2.835425
2003	5	11	2.787535
2003	5	12	2.768274
2003	5	13	3.053795
2003	5	14	2.628247
2003	5	15	2.982480
2003	5	16	3.107672
2003	5	17	2.828658
2003	5	18	2.641521
2003	5	19	2.447356
2003	5	20	2.440329
2003	5	21	2.449699
2003	5	22	2.464274
2003	5	23	2.741726
2003	5	24	2.766973
2003	5	25	2.749535
2003	5	26	2.625644
2003	5	27	2.195411
2003	5	28	2.530384
2003	5	29	2.455425
2003	5	30	2.454384
2003	5	31	2.297439
2003	6	1	2.180315
2003	6	2	2.077507
2003	6	3	2.116028
2003	6	4	2.052000
2003	6	5	1.947370
2003	6	6	1.697507
2003	6	7	1.926288
2003	6	8	1.834151
2003	6	9	1.721712
2003	6	10	1.543945
2003	6	11	1.384918
2003	6	12	1.332863
2003	6	13	1.078055
2003	6	14	1.478356
2003	6	15	1.201945
2003	6	16	1.151973
2003	6	17	1.047343
2003	6	18	1.104603
2003	6	19	1.036411
2003	6	20	0.990082
2003	6	21	1.208452
2003	6	22	1.008301
2003	6	23	0.918507
2003	6	24	0.895603
2003	6	25	1.259726
2003	6	26	1.120740
2003	6	27	0.654849
2003	6	28	0.978891
2003	6	29	0.745945
2003	6	30	1.076233
2003	7	1	0.691288
2003	7	2	0.793836
2003	7	3	1.084041
2003	7	4	0.505973
2003	7	5	0.543712
2003	7	6	0.813356
2003	7	7	0.400041
2003	7	8	0.687123
2003	7	9	0.687384
2003	7	10	0.698055
2003	7	11	0.706384
2003	7	12	0.840685
2003	7	13	0.472658
2003	7	14	0.717315
2003	7	15	0.736315
2003	7	16	0.752712
2003	7	17	0.591343
2003	7	18	0.835480
2003	7	19	0.437260
2003	7	20	0.622836
2003	7	21	0.578069
2003	7	22	0.781863
2003	7	23	0.582233
2003	7	24	0.346945
2003	7	25	0.722000
2003	7	26	0.629603
2003	7	27	0.738397
2003	7	28	0.921891
2003	7	29	0.441425
2003	7	30	0.480466
2003	7	31	0.630904
2003	8	1	0.619452
2003	8	2	0.592384
2003	8	3	0.691548
2003	8	4	0.307904
2003	8	5	0.609562
2003	8	6	0.561411
2003	8	7	0.674890
2003	8	8	0.864370
2003	8	9	0.316493
2003	8	10	0.575726
2003	8	11	0.553863
2003	8	12	0.657452
2003	8	13	0.638973
2003	8	14	0.786288
2003	8	15	0.500247
2003	8	16	0.652247
2003	8	17	0.502849
2003	8	18	0.632466
2003	8	19	0.666822
2003	8	20	0.755055
2003	8	21	0.290466
2003	8	22	0.455479
2003	8	23	0.502849
2003	8	24	0.538247
2003	8	25	0.584055
2003	8	26	0.607219
2003	8	27	0.964575
2003	8	28	0.577808
2003	8	29	0.906795
2003	8	30	0.656932
2003	8	31	0.515863
2003	9	1	0.642617
2003	9	2	0.735534
2003	9	3	0.711849
2003	9	4	0.790712
2003	9	5	0.544233
2003	9	6	0.478123
2003	9	7	0.532260
2003	9	8	0.610863
2003	9	9	0.624658
2003	9	10	0.614767
2003	9	11	0.631945
2003	9	12	0.790712
2003	9	13	0.579630
2003	9	14	0.688164
2003	9	15	0.706384
2003	9	16	0.880507
2003	9	17	0.396918
2003	9	18	0.788890
2003	9	19	0.587178
2003	9	20	0.667343
2003	9	21	0.638192
2003	9	22	0.514041
2003	9	23	0.355795
2003	9	24	0.488274
2003	9	25	0.520808
2003	9	26	0.793055
2003	9	27	0.565315
2003	9	28	0.635329
2003	9	29	0.277452
2003	9	30	0.389370
2003	10	1	0.501288
2003	10	2	0.472137
2003	10	3	0.328986
2003	10	4	0.294630
2003	10	5	0.498685
2003	10	6	0.448452
2003	10	7	0.616589
2003	10	8	0.213425
2003	10	9	0.689466
2003	10	10	0.466411
2003	10	11	0.352151
2003	10	12	0.567397
2003	10	13	0.619712
2003	10	14	0.317014
2003	10	15	0.545795
2003	10	16	0.511438
2003	10	17	0.628301
2003	10	18	0.649384
2003	10	19	0.327425
2003	10	20	0.725123
2003	10	21	0.415918
2003	10	22	0.535384
2003	10	23	0.482548
2003	10	24	0.586918
2003	10	25	0.796699
2003	10	26	0.634027
2003	10	27	0.429712
2003	10	28	0.779260
2003	10	29	0.498685
2003	10	30	0.374795
2003	10	31	0.782123
2003	11	1	0.663699
2003	11	2	0.619712
2003	11	3	0.459123
2003	11	4	0.827411
2003	11	5	0.609562
2003	11	6	0.461726
2003	11	7	0.844849
2003	11	8	0.545795
2003	11	9	0.987740
2003	11	10	0.705082
2003	11	11	0.670206
2003	11	12	0.384425
2003	11	13	0.807890
2003	11	14	0.542151
2003	11	15	0.640274
2003	11	16	0.881548
2003	11	17	0.456781
2003	11	18	0.641575
2003	11	19	0.622055
2003	11	20	0.799301
2003	11	21	0.636630
2003	11	22	0.585096
2003	11	23	0.608260
2003	11	24	0.580151
2003	11	25	0.458863
2003	11	26	0.580411
2003	11	27	0.673849
2003	11	28	0.725123
2003	11	29	0.646260
2003	11	30	0.444027
2003	12	1	0.735014
2003	12	2	0.754274
2003	12	3	0.717315
2003	12	4	0.879726
2003	12	5	0.543973
2003	12	6	2.112384
2003	12	7	2.529082
2003	12	8	1.039274
2003	12	9	0.900288
2003	12	10	1.459356
2003	12	11	1.319069
2003	12	12	1.105384
2003	12	13	1.608493
2003	12	14	3.199548
2003	12	15	1.491370
2003	12	16	1.333904
2003	12	17	1.560343
2003	12	18	1.318548
2003	12	19	1.317247
2003	12	20	1.260247
2003	12	21	1.733165
2003	12	22	1.427603
2003	12	23	1.495534
2003	12	24	3.695110
2003	12	25	2.777384
2003	12	26	2.023370
2003	12	27	1.632178
2003	12	28	1.601726
2003	12	29	2.635535
2003	12	30	2.176932
2003	12	31	1.828685
2004	1	1	3.541028
2004	1	2	2.234713
2004	1	3	1.863041
2004	1	4	1.562165
2004	1	5	1.509849
2004	1	6	1.491630
2004	1	7	1.813849
2004	1	8	1.624891
2004	1	9	1.808384
2004	1	10	1.853411
2004	1	11	1.898439
2004	1	12	1.736028
2004	1	13	1.657945
2004	1	14	1.419014
2004	1	15	1.661069
2004	1	16	1.583767
2004	1	17	1.525726
2004	1	18	1.521041
2004	1	19	1.410165
2004	1	20	1.508288
2004	1	21	1.466384
2004	1	22	1.460918
2004	1	23	1.357589
2004	1	24	1.362534
2004	1	25	1.263110
2004	1	26	1.168110
2004	1	27	1.624630
2004	1	28	1.319329
2004	1	29	1.439315
2004	1	30	1.223548
2004	1	31	0.956767
2004	2	1	1.106685
2004	2	2	1.765959
2004	2	3	1.682411
2004	2	4	1.621247
2004	2	5	1.420575
2004	2	6	1.320110
2004	2	7	1.276384
2004	2	8	0.327685
2004	2	9	0.980712
2004	2	10	0.877904
2004	2	11	0.808671
2004	2	12	0.958849
2004	2	13	0.835219
2004	2	14	0.758959
2004	2	15	0.854480
2004	2	16	2.740945
2004	2	17	10.718864
2004	2	18	14.371029
2004	2	19	7.040151
2004	2	20	4.489726
2004	2	21	3.571480
2004	2	22	2.993932
2004	2	23	2.489521
2004	2	24	2.882535
2004	2	25	5.222918
2004	2	26	5.718220
2004	2	27	4.390302
2004	2	28	3.395535
2004	2	29	2.994192
2004	3	1	3.077740
2004	3	2	2.310973
2004	3	3	2.692795
2004	3	4	2.049918
2004	3	5	1.952055
2004	3	6	1.570754
2004	3	7	1.867986
2004	3	8	2.243822
2004	3	9	2.296918
2004	3	10	2.432781
2004	3	11	2.540274
2004	3	12	2.567603
2004	3	13	2.637096
2004	3	14	2.553808
2004	3	15	2.382808
2004	3	16	2.996014
2004	3	17	2.791699
2004	3	18	2.768014
2004	3	19	2.867959
2004	3	20	2.846617
2004	3	21	2.565000
2004	3	22	3.063946
2004	3	23	2.933548
2004	3	24	2.797165
2004	3	25	2.869000
2004	3	26	2.692274
2004	3	27	2.449959
2004	3	28	2.224562
2004	3	29	1.922644
2004	3	30	2.089219
2004	3	31	2.085576
2004	4	1	2.032219
2004	4	2	1.865384
2004	4	3	1.730041
2004	4	4	1.901041
2004	4	5	1.695425
2004	4	6	1.968452
2004	4	7	1.822699
2004	4	8	1.863041
2004	4	9	1.951014
2004	4	10	1.941123
2004	4	11	2.124096
2004	4	12	1.648055
2004	4	13	1.840658
2004	4	14	1.757370
2004	4	15	1.950754
2004	4	16	1.325836
2004	4	17	1.679028
2004	4	18	1.339370
2004	4	19	1.480178
2004	4	20	1.831548
2004	4	21	1.811247
2004	4	22	1.663411
2004	4	23	1.525986
2004	4	24	1.720671
2004	4	25	1.548110
2004	4	26	1.456754
2004	4	27	1.893493
2004	4	28	1.909370
2004	4	29	1.521041
2004	4	30	1.521302
2004	5	1	1.768822
2004	5	2	1.682671
2004	5	3	1.740452
2004	5	4	1.584548
2004	5	5	1.716767
2004	5	6	1.468206
2004	5	7	1.366178
2004	5	8	1.469247
2004	5	9	1.373986
2004	5	10	1.263891
2004	5	11	1.315685
2004	5	12	1.161343
2004	5	13	1.111110
2004	5	14	1.027562
2004	5	15	1.082219
2004	5	16	1.087685
2004	5	17	0.877904
2004	5	18	1.183986
2004	5	19	0.968480
2004	5	20	0.675932
2004	5	21	0.879986
2004	5	22	1.150411
2004	5	23	0.942973
2004	5	24	0.626219
2004	5	25	1.035110
2004	5	26	0.863849
2004	5	27	0.805288
2004	5	28	0.942712
2004	5	29	1.081959
2004	5	30	0.888315
2004	5	31	0.772493
2004	6	1	0.863589
2004	6	2	0.792014
2004	6	3	0.540589
2004	6	4	0.900027
2004	6	5	0.673589
2004	6	6	0.412014
2004	6	7	0.606438
2004	6	8	0.872178
2004	6	9	0.278493
2004	6	10	0.321959
2004	6	11	0.467452
2004	6	12	0.694671
2004	6	13	0.548918
2004	6	14	0.607740
2004	6	15	0.729808
2004	6	16	0.690507
2004	6	17	0.529397
2004	6	18	0.754795
2004	6	19	0.613986
2004	6	20	0.511959
2004	6	21	0.343562
2004	6	22	0.617110
2004	6	23	0.564014
2004	6	24	0.787849
2004	6	25	0.588219
2004	6	26	0.299055
2004	6	27	0.773534
2004	6	28	0.410712
2004	6	29	0.469534
2004	6	30	0.641836
2004	7	1	0.488534
2004	7	2	0.541370
2004	7	3	0.465890
2004	7	4	0.491918
2004	7	5	0.537726
2004	7	6	0.541110
2004	7	7	0.394575
2004	7	8	0.375315
2004	7	9	0.446110
2004	7	10	0.393274
2004	7	11	0.392753
2004	7	12	0.507795
2004	7	13	0.695452
2004	7	14	0.429712
2004	7	15	0.437521
2004	7	16	0.823247
2004	7	17	0.577288
2004	7	18	0.392753
2004	7	19	0.521069
2004	7	20	0.608260
2004	7	21	0.568699
2004	7	22	0.808151
2004	7	23	0.656671
2004	7	24	0.801904
2004	7	25	0.489055
2004	7	26	0.673849
2004	7	27	0.707685
2004	7	28	0.834699
2004	7	29	0.579890
2004	7	30	0.425288
2004	7	31	0.605918
2004	8	1	0.497644
2004	8	2	0.558027
2004	8	3	0.653808
2004	8	4	0.590041
2004	8	5	0.872178
2004	8	6	0.416959
2004	8	7	0.651206
2004	8	8	0.639233
2004	8	9	0.817781
2004	8	10	0.610343
2004	8	11	0.433616
2004	8	12	0.849795
2004	8	13	0.421123
2004	8	14	0.576247
2004	8	15	0.553082
2004	8	16	0.716795
2004	8	17	0.637411
2004	8	18	0.705082
2004	8	19	0.647822
2004	8	20	0.673329
2004	8	21	0.596808
2004	8	22	0.519767
2004	8	23	0.791493
2004	8	24	0.697014
2004	8	25	0.783945
2004	8	26	0.486192
2004	8	27	0.542932
2004	8	28	0.628562
2004	8	29	0.778740
2004	8	30	0.484630
2004	8	31	0.773534
2004	9	1	0.639233
2004	9	2	0.383644
2004	9	3	0.501548
2004	9	4	0.355014
2004	9	5	0.687384
2004	9	6	0.459644
2004	9	7	0.773014
2004	9	8	0.465370
2004	9	9	0.725644
2004	9	10	0.253767
2004	9	11	0.642356
2004	9	12	0.092137
2004	9	13	0.399781
2004	9	14	0.409932
2004	9	15	0.444548
2004	9	16	0.699877
2004	9	17	0.469014
2004	9	18	0.403425
2004	9	19	0.448712
2004	9	20	0.364644
2004	9	21	0.271986
2004	9	22	0.842507
2004	9	23	0.475000
2004	9	24	0.774575
2004	9	25	0.504151
2004	9	26	0.272767
2004	9	27	0.536945
2004	9	28	0.644699
2004	9	29	0.575726
2004	9	30	0.447671
2004	10	1	0.447932
2004	10	2	0.318836
2004	10	3	0.404466
2004	10	4	0.540069
2004	10	5	0.358918
2004	10	6	0.523932
2004	10	7	0.389630
2004	10	8	0.298274
2004	10	9	0.465110
2004	10	10	0.679055
2004	10	11	0.215247
2004	10	12	0.549699
2004	10	13	0.390932
2004	10	14	0.462767
2004	10	15	0.286822
2004	10	16	0.547096
2004	10	17	0.566356
2004	10	18	0.402123
2004	10	19	0.823247
2004	10	20	1.059836
2004	10	21	0.346164
2004	10	22	0.500507
2004	10	23	0.833918
2004	10	24	0.774055
2004	10	25	0.419562
2004	10	26	1.243849
2004	10	27	0.598110
2004	10	28	0.845370
2004	10	29	0.935685
2004	10	30	0.387288
2004	10	31	0.755315
2004	11	1	0.812836
2004	11	2	0.504932
2004	11	3	0.765206
2004	11	4	0.587178
2004	11	5	0.671767
2004	11	6	0.834699
2004	11	7	0.460164
2004	11	8	0.710288
2004	11	9	0.698315
2004	11	10	0.573904
2004	11	11	0.585096
2004	11	12	0.748027
2004	11	13	0.582753
2004	11	14	0.616849
2004	11	15	0.717055
2004	11	16	0.744644
2004	11	17	0.680617
2004	11	18	0.659534
2004	11	19	0.686603
2004	11	20	0.662397
2004	11	21	0.451575
2004	11	22	0.731370
2004	11	23	0.723301
2004	11	24	0.618151
2004	11	25	0.460685
2004	11	26	0.640534
2004	11	27	0.733452
2004	11	28	0.659795
2004	11	29	0.646781
2004	11	30	0.698315
2004	12	1	0.803206
2004	12	2	0.712630
2004	12	3	0.688425
2004	12	4	0.713932
2004	12	5	0.606959
2004	12	6	0.544233
2004	12	7	1.124123
2004	12	8	2.904658
2004	12	9	1.976781
2004	12	10	1.462219
2004	12	11	1.163945
2004	12	12	1.134014
2004	12	13	1.011685
2004	12	14	0.821685
2004	12	15	0.576507
2004	12	16	0.419301
2004	12	17	1.084041
2004	12	18	0.580932
2004	12	19	0.833918
2004	12	20	0.842507
2004	12	21	0.798781
2004	12	22	0.934123
2004	12	23	0.807110
2004	12	24	0.466411
2004	12	25	0.729027
2004	12	26	0.823507
2004	12	27	0.824027
2004	12	28	1.265192
2004	12	29	1.383877
2004	12	30	1.963767
2004	12	31	1.494233
2005	1	1	1.346658
2005	1	2	1.647274
2005	1	3	1.140521
2005	1	4	1.168891
2005	1	5	1.231356
2005	1	6	1.033027
2005	1	7	1.525206
2005	1	8	1.323754
2005	1	9	1.501521
2005	1	10	1.321151
2005	1	11	1.715466
2005	1	12	1.367219
2005	1	13	1.225891
2005	1	14	1.109808
2005	1	15	0.894301
2005	1	16	0.916945
2005	1	17	1.029123
2005	1	18	0.904712
2005	1	19	0.969521
2005	1	20	1.035630
2005	1	21	0.994247
2005	1	22	0.994247
2005	1	23	0.988000
2005	1	24	1.009343
2005	1	25	1.032247
2005	1	26	1.764918
2005	1	27	1.998904
2005	1	28	2.106918
2005	1	29	1.440356
2005	1	30	1.518959
2005	1	31	1.297466
2005	2	1	1.178000
2005	2	2	1.074932
2005	2	3	1.072329
2005	2	4	0.990343
2005	2	5	0.940891
2005	2	6	0.924754
2005	2	7	0.985658
2005	2	8	0.799822
2005	2	9	1.219384
2005	2	10	0.990863
2005	2	11	0.988260
2005	2	12	0.742562
2005	2	13	1.116315
2005	2	14	1.542384
2005	2	15	1.426562
2005	2	16	1.458055
2005	2	17	1.308658
2005	2	18	1.321411
2005	2	19	1.181123
2005	2	20	2.321124
2005	2	21	1.859397
2005	2	22	1.953617
2005	2	23	1.822439
2005	2	24	1.665493
2005	2	25	1.574397
2005	2	26	1.241507
2005	2	27	1.656123
2005	2	28	1.699849
2005	3	1	1.645452
2005	3	2	2.073082
2005	3	3	1.783658
2005	3	4	1.402617
2005	3	5	1.728219
2005	3	6	1.493452
2005	3	7	1.521302
2005	3	8	1.474712
2005	3	9	1.619425
2005	3	10	1.716247
2005	3	11	1.854973
2005	3	12	1.812288
2005	3	13	1.904685
2005	3	14	1.720151
2005	3	15	1.384658
2005	3	16	1.472370
2005	3	17	1.218603
2005	3	18	1.233959
2005	3	19	1.514274
2005	3	20	2.493425
2005	3	21	2.598836
2005	3	22	4.519398
2005	3	23	5.076905
2005	3	24	3.937165
2005	3	25	3.074096
2005	3	26	2.508000
2005	3	27	2.584781
2005	3	28	3.961891
2005	3	29	3.615726
2005	3	30	3.217247
2005	3	31	2.553028
2005	4	1	2.188904
2005	4	2	2.313055
2005	4	3	2.326069
2005	4	4	2.423411
2005	4	5	2.032740
2005	4	6	1.586110
2005	4	7	2.351836
2005	4	8	2.736000
2005	4	9	2.452041
2005	4	10	2.210507
2005	4	11	1.959863
2005	4	12	1.837014
2005	4	13	2.098850
2005	4	14	1.751904
2005	4	15	1.783658
2005	4	16	1.685014
2005	4	17	1.811767
2005	4	18	1.974178
2005	4	19	1.828945
2005	4	20	1.755288
2005	4	21	1.683452
2005	4	22	1.746439
2005	4	23	1.960904
2005	4	24	2.048096
2005	4	25	1.901562
2005	4	26	1.822178
2005	4	27	1.908850
2005	4	28	2.030137
2005	4	29	1.970014
2005	4	30	1.938260
2005	5	1	1.940343
2005	5	2	1.914315
2005	5	3	1.863562
2005	5	4	2.041589
2005	5	5	2.399726
2005	5	6	2.680822
2005	5	7	2.474945
2005	5	8	2.987945
2005	5	9	5.152384
2005	5	10	3.646439
2005	5	11	3.438220
2005	5	12	2.897891
2005	5	13	2.836726
2005	5	14	2.785192
2005	5	15	3.025165
2005	5	16	4.430384
2005	5	17	3.596466
2005	5	18	8.000823
2005	5	19	13.785412
2005	5	20	7.849343
2005	5	21	5.498809
2005	5	22	4.682850
2005	5	23	4.258083
2005	5	24	3.814315
2005	5	25	3.546493
2005	5	26	3.429891
2005	5	27	3.257329
2005	5	28	2.844274
2005	5	29	NaN
2005	5	30	2.313836
2005	5	31	2.129041
2005	6	1	2.342726
2005	6	2	1.780534
2005	6	3	2.034822
2005	6	4	2.123836
2005	6	5	1.491891
2005	6	6	1.960904
2005	6	7	1.536918
2005	6	8	1.723795
2005	6	9	2.439808
2005	6	10	1.491370
2005	6	11	1.811247
2005	6	12	1.878397
2005	6	13	1.599904
2005	6	14	1.508028
2005	6	15	1.494233
2005	6	16	1.302411
2005	6	17	1.644411
2005	6	18	1.541863
2005	6	19	1.514274
2005	6	20	0.904452
2005	6	21	1.100438
2005	6	22	1.067123
2005	6	23	1.101740
2005	6	24	0.939069
2005	6	25	0.849014
2005	6	26	1.149370
2005	6	27	1.157959
2005	6	28	0.773534
2005	6	29	0.874260
2005	6	30	1.004918
2005	7	1	1.223288
2005	7	2	0.647041
2005	7	3	1.078575
2005	7	4	0.754795
2005	7	5	0.880767
2005	7	6	0.658493
2005	7	7	0.740740
2005	7	8	0.924233
2005	7	9	0.641315
2005	7	10	0.516123
2005	7	11	0.852397
2005	7	12	0.534343
2005	7	13	0.726685
2005	7	14	0.970041
2005	7	15	0.750370
2005	7	16	0.655890
2005	7	17	0.847712
2005	7	18	0.831315
2005	7	19	0.813617
2005	7	20	1.008562
2005	7	21	0.483849
2005	7	22	0.769630
2005	7	23	0.844849
2005	7	24	0.774836
2005	7	25	0.959630
2005	7	26	0.612685
2005	7	27	0.833918
2005	7	28	0.906534
2005	7	29	0.612425
2005	7	30	0.852918
2005	7	31	0.895082
2005	8	1	0.871397
2005	8	2	0.802164
2005	8	3	0.914082
2005	8	4	0.907315
2005	8	5	0.682178
2005	8	6	0.951562
2005	8	7	0.782384
2005	8	8	0.600452
2005	8	9	0.793315
2005	8	10	0.942452
2005	8	11	0.424247
2005	8	12	0.863849
2005	8	13	0.918247
2005	8	14	0.783164
2005	8	15	0.513260
2005	8	16	0.715233
2005	8	17	0.761562
2005	8	18	0.655110
2005	8	19	0.830014
2005	8	20	0.794877
2005	8	21	0.993986
2005	8	22	0.631945
2005	8	23	0.985658
2005	8	24	0.529137
2005	8	25	0.763384
2005	8	26	1.033808
2005	8	27	0.515343
2005	8	28	0.719918
2005	8	29	0.791493
2005	8	30	0.835740
2005	8	31	0.707945
2005	9	1	0.780041
2005	9	2	0.958329
2005	9	3	0.745164
2005	9	4	0.692069
2005	9	5	0.687123
2005	9	6	0.470836
2005	9	7	0.726945
2005	9	8	0.739178
2005	9	9	0.749589
2005	9	10	0.982795
2005	9	11	0.655110
2005	9	12	0.815699
2005	9	13	0.458863
2005	9	14	0.512740
2005	9	15	0.708986
2005	9	16	0.749849
2005	9	17	0.557247
2005	9	18	0.660836
2005	9	19	0.546575
2005	9	20	0.703260
2005	9	21	0.827151
2005	9	22	0.851617
2005	9	23	0.460425
2005	9	24	0.687904
2005	9	25	0.717836
2005	9	26	0.700397
2005	9	27	0.783425
2005	9	28	0.679575
2005	9	29	0.821945
2005	9	30	0.517945
2005	10	1	0.784986
2005	10	2	0.484630
2005	10	3	0.470575
2005	10	4	0.420343
2005	10	5	0.605137
2005	10	6	0.787589
2005	10	7	0.439082
2005	10	8	0.417219
2005	10	9	0.775617
2005	10	10	0.585096
2005	10	11	0.398219
2005	10	12	0.757658
2005	10	13	0.586918
2005	10	14	0.418260
2005	10	15	0.627260
2005	10	16	0.761041
2005	10	17	0.589260
2005	10	18	0.265740
2005	10	19	0.612945
2005	10	20	0.583795
2005	10	21	0.617630
2005	10	22	0.785247
2005	10	23	0.552301
2005	10	24	0.457562
2005	10	25	0.141329
2005	10	26	0.478123
2005	10	27	0.463027
2005	10	28	0.844329
2005	10	29	0.454699
2005	10	30	0.463027
2005	10	31	0.214726
2005	11	1	0.344082
2005	11	2	0.358397
2005	11	3	0.756096
2005	11	4	0.743082
2005	11	5	0.539027
2005	11	6	0.442986
2005	11	7	0.673849
2005	11	8	1.955699
2005	11	9	0.726164
2005	11	10	0.587438
2005	11	11	0.381562
2005	11	12	0.718356
2005	11	13	0.348247
2005	11	14	0.504151
2005	11	15	0.744644
2005	11	16	0.440384
2005	11	17	0.615548
2005	11	18	0.516644
2005	11	19	0.517425
2005	11	20	0.684260
2005	11	21	0.308945
2005	11	22	0.535384
2005	11	23	0.672808
2005	11	24	0.420343
2005	11	25	0.326123
2005	11	26	0.518466
2005	11	27	0.484890
2005	11	28	0.349027
2005	11	29	0.911740
2005	11	30	0.639233
2005	12	1	5.873603
2005	12	2	4.337987
2005	12	3	1.690480
2005	12	4	1.118137
2005	12	5	0.989562
2005	12	6	0.936726
2005	12	7	0.844589
2005	12	8	0.790452
2005	12	9	0.837041
2005	12	10	0.678534
2005	12	11	0.710548
2005	12	12	0.776918
2005	12	13	0.863069
2005	12	14	0.760781
2005	12	15	0.763384
2005	12	16	0.611384
2005	12	17	0.589781
2005	12	18	2.120452
2005	12	19	4.721631
2005	12	20	2.998096
2005	12	21	4.444439
2005	12	22	13.628467
2005	12	23	7.768138
2005	12	24	4.209411
2005	12	25	6.408987
2005	12	26	7.026877
2005	12	27	4.980603
2005	12	28	15.095371
2005	12	29	9.006261
2005	12	30	12.119138
2005	12	31	33.279414
2006	1	1	17.431330
2006	1	2	12.647234
2006	1	3	8.597371
2006	1	4	6.958425
2006	1	5	5.452740
2006	1	6	4.543343
2006	1	7	4.173494
2006	1	8	3.970740
2006	1	9	3.496261
2006	1	10	3.233124
2006	1	11	3.573041
2006	1	12	3.019439
2006	1	13	3.170137
2006	1	14	3.816398
2006	1	15	3.343220
2006	1	16	2.877850
2006	1	17	3.024384
2006	1	18	3.487672
2006	1	19	3.224795
2006	1	20	2.836726
2006	1	21	2.776603
2006	1	22	2.472082
2006	1	23	2.484836
2006	1	24	2.365110
2006	1	25	2.360945
2006	1	26	2.356781
2006	1	27	2.078808
2006	1	28	2.800028
2006	1	29	2.613151
2006	1	30	3.135000
2006	1	31	3.100384
2006	2	1	3.484809
2006	2	2	4.915014
2006	2	3	3.998589
2006	2	4	4.529809
2006	2	5	4.059754
2006	2	6	3.646178
2006	2	7	3.302096
2006	2	8	3.106110
2006	2	9	2.946822
2006	2	10	2.787795
2006	2	11	2.433302
2006	2	12	2.178754
2006	2	13	2.142055
2006	2	14	2.014781
2006	2	15	1.740973
2006	2	16	1.887507
2006	2	17	2.170165
2006	2	18	1.871630
2006	2	19	1.591315
2006	2	20	1.984589
2006	2	21	1.685534
2006	2	22	1.668356
2006	2	23	1.667836
2006	2	24	1.702452
2006	2	25	1.336247
2006	2	26	1.903384
2006	2	27	7.567727
2006	2	28	13.845536
2006	3	1	8.689508
2006	3	2	7.051083
2006	3	3	5.664083
2006	3	4	4.873370
2006	3	5	4.947288
2006	3	6	6.552658
2006	3	7	5.780685
2006	3	8	4.836151
2006	3	9	4.240905
2006	3	10	3.791932
2006	3	11	3.349726
2006	3	12	3.193562
2006	3	13	3.196946
2006	3	14	3.515521
2006	3	15	2.852082
2006	3	16	3.132398
2006	3	17	4.032425
2006	3	18	3.168055
2006	3	19	3.228699
2006	3	20	3.042343
2006	3	21	2.582178
2006	3	22	2.911685
2006	3	23	2.453603
2006	3	24	3.434055
2006	3	25	8.881590
2006	3	26	6.803042
2006	3	27	5.531343
2006	3	28	6.414453
2006	3	29	5.719261
2006	3	30	4.920740
2006	3	31	5.081850
2006	4	1	4.507425
2006	4	2	4.363754
2006	4	3	11.320878
2006	4	4	11.438261
2006	4	5	9.287878
2006	4	6	7.593494
2006	4	7	6.461302
2006	4	8	6.369425
2006	4	9	5.474603
2006	4	10	5.367370
2006	4	11	5.627124
2006	4	12	7.565384
2006	4	13	6.595083
2006	4	14	5.987343
2006	4	15	6.849631
2006	4	16	10.514289
2006	4	17	8.147357
2006	4	18	6.913658
2006	4	19	6.641932
2006	4	20	6.317370
2006	4	21	6.249179
2006	4	22	6.439699
2006	4	23	6.315549
2006	4	24	6.340535
2006	4	25	6.135179
2006	4	26	6.220288
2006	4	27	6.181768
2006	4	28	6.815795
2006	4	29	7.284028
2006	4	30	7.560960
2006	5	1	7.237439
2006	5	2	6.701535
2006	5	3	6.137261
2006	5	4	5.830138
2006	5	5	5.590946
2006	5	6	5.404329
2006	5	7	5.257535
2006	5	8	5.176590
2006	5	9	5.201055
2006	5	10	5.070918
2006	5	11	5.063370
2006	5	12	5.188302
2006	5	13	4.846302
2006	5	14	4.764836
2006	5	15	4.527726
2006	5	16	5.119329
2006	5	17	5.223699
2006	5	18	5.272631
2006	5	19	5.038384
2006	5	20	5.069357
2006	5	21	4.473069
2006	5	22	4.932973
2006	5	23	4.326274
2006	5	24	4.039973
2006	5	25	3.826288
2006	5	26	3.494178
2006	5	27	3.385124
2006	5	28	3.242754
2006	5	29	2.958014
2006	5	30	2.877589
2006	5	31	2.902836
2006	6	1	2.826836
2006	6	2	2.711014
2006	6	3	2.677959
2006	6	4	2.734178
2006	6	5	2.675356
2006	6	6	2.542096
2006	6	7	2.418726
2006	6	8	2.289110
2006	6	9	1.999165
2006	6	10	1.881521
2006	6	11	1.930452
2006	6	12	1.899480
2006	6	13	1.906507
2006	6	14	1.540041
2006	6	15	1.794329
2006	6	16	1.607192
2006	6	17	1.359671
2006	6	18	1.739671
2006	6	19	1.401575
2006	6	20	1.448425
2006	6	21	1.239945
2006	6	22	1.347699
2006	6	23	1.475493
2006	6	24	1.097575
2006	6	25	1.091589
2006	6	26	1.499439
2006	6	27	1.329219
2006	6	28	1.161082
2006	6	29	0.903932
2006	6	30	1.065301
2006	7	1	1.063219
2006	7	2	1.142603
2006	7	3	0.897425
2006	7	4	0.852658
2006	7	5	0.823507
2006	7	6	0.686082
2006	7	7	0.811795
2006	7	8	0.814918
2006	7	9	1.077014
2006	7	10	0.784466
2006	7	11	0.632466
2006	7	12	0.786027
2006	7	13	0.892480
2006	7	14	0.598890
2006	7	15	0.766767
2006	7	16	0.889356
2006	7	17	0.581452
2006	7	18	0.965877
2006	7	19	0.604096
2006	7	20	0.791233
2006	7	21	0.941671
2006	7	22	0.542671
2006	7	23	0.944534
2006	7	24	0.912000
2006	7	25	0.778219
2006	7	26	0.915644
2006	7	27	0.734753
2006	7	28	0.983836
2006	7	29	0.709247
2006	7	30	0.573123
2006	7	31	0.695452
2006	8	1	0.764685
2006	8	2	0.702219
2006	8	3	0.677493
2006	8	4	0.625178
2006	8	5	0.619712
2006	8	6	0.769890
2006	8	7	0.727206
2006	8	8	0.789151
2006	8	9	1.016630
2006	8	10	0.544493
2006	8	11	0.879986
2006	8	12	0.701699
2006	8	13	0.668904
2006	8	14	1.026781
2006	8	15	0.544493
2006	8	16	0.711849
2006	8	17	0.831836
2006	8	18	0.888575
2006	8	19	0.766767
2006	8	20	0.772493
2006	8	21	0.545274
2006	8	22	0.596808
2006	8	23	0.711589
2006	8	24	0.565055
2006	8	25	0.636110
2006	8	26	0.536945
2006	8	27	0.910438
2006	8	28	0.902370
2006	8	29	0.659014
2006	8	30	0.798521
2006	8	31	0.969781
2006	9	1	0.546575
2006	9	2	0.765986
2006	9	3	0.732932
2006	9	4	0.873219
2006	9	5	0.301918
2006	9	6	0.639493
2006	9	7	0.920589
2006	9	8	0.264178
2006	9	9	0.870096
2006	9	10	0.653808
2006	9	11	0.571822
2006	9	12	0.662137
2006	9	13	0.472137
2006	9	14	0.710288
2006	9	15	0.570260
2006	9	16	0.607480
2006	9	17	0.406027
2006	9	18	0.722000
2006	9	19	0.618932
2006	9	20	0.735274
2006	9	21	0.336795
2006	9	22	0.842247
2006	9	23	0.580932
2006	9	24	0.604616
2006	9	25	0.400301
2006	9	26	0.712370
2006	9	27	0.678795
2006	9	28	0.639493
2006	9	29	0.121548
2006	9	30	0.201192
2006	10	1	0.676712
2006	10	2	0.505452
2006	10	3	0.630384
2006	10	4	0.547877
2006	10	5	0.589260
2006	10	6	0.300877
2006	10	7	0.887795
2006	10	8	0.653288
2006	10	9	0.567918
2006	10	10	0.399260
2006	10	11	0.470055
2006	10	12	0.565836
2006	10	13	0.769110
2006	10	14	0.698055
2006	10	15	0.864890
2006	10	16	0.590822
2006	10	17	0.825589
2006	10	18	0.818301
2006	10	19	0.713671
2006	10	20	0.744384
2006	10	21	0.750630
2006	10	22	0.744644
2006	10	23	0.733712
2006	10	24	0.612685
2006	10	25	0.580411
2006	10	26	0.947397
2006	10	27	0.734233
2006	10	28	0.774836
2006	10	29	0.729808
2006	10	30	0.538767
2006	10	31	0.833918
2006	11	1	0.900808
2006	11	2	0.670466
2006	11	3	0.998151
2006	11	4	0.631945
2006	11	5	0.798260
2006	11	6	0.616329
2006	11	7	0.516123
2006	11	8	0.577288
2006	11	9	0.805288
2006	11	10	0.486452
2006	11	11	0.864630
2006	11	12	0.912260
2006	11	13	0.845630
2006	11	14	0.911480
2006	11	15	0.789671
2006	11	16	0.674110
2006	11	17	1.004658
2006	11	18	1.080658
2006	11	19	1.102521
2006	11	20	1.114233
2006	11	21	0.917986
2006	11	22	0.992945
2006	11	23	1.022877
2006	11	24	0.868014
2006	11	25	0.869575
2006	11	26	0.932822
2006	11	27	0.771712
2006	11	28	0.904712
2006	11	29	0.804767
2006	11	30	0.549438
2006	12	1	1.066863
2006	12	2	0.761041
2006	12	3	0.810754
2006	12	4	0.726685
2006	12	5	0.684260
2006	12	6	0.860726
2006	12	7	0.839123
2006	12	8	0.653808
2006	12	9	1.701151
2006	12	10	1.681110
2006	12	11	1.284712
2006	12	12	2.019466
2006	12	13	2.387754
2006	12	14	2.370576
2006	12	15	2.471041
2006	12	16	1.677466
2006	12	17	1.073630
2006	12	18	1.339630
2006	12	19	1.041877
2006	12	20	1.115274
2006	12	21	1.318028
2006	12	22	1.245411
2006	12	23	1.365397
2006	12	24	1.151712
2006	12	25	0.862548
2006	12	26	1.191534
2006	12	27	2.429397
2006	12	28	1.738110
2006	12	29	1.264932
2006	12	30	1.123603
2006	12	31	1.163685
2007	1	1	1.113452
2007	1	2	1.166288
2007	1	3	1.060877
2007	1	4	1.877617
2007	1	5	1.319589
2007	1	6	1.123863
2007	1	7	0.889617
2007	1	8	0.861247
2007	1	9	0.822466
2007	1	10	0.632206
2007	1	11	0.729288
2007	1	12	0.740480
2007	1	13	0.515603
2007	1	14	0.889356
2007	1	15	0.420082
2007	1	16	0.703000
2007	1	17	0.786288
2007	1	18	0.701699
2007	1	19	0.502849
2007	1	20	0.895343
2007	1	21	0.838603
2007	1	22	0.479425
2007	1	23	0.596548
2007	1	24	0.565055
2007	1	25	0.496863
2007	1	26	0.592904
2007	1	27	0.874000
2007	1	28	0.638712
2007	1	29	0.295411
2007	1	30	0.547616
2007	1	31	0.433877
2007	2	1	0.514301
2007	2	2	0.629082
2007	2	3	0.653027
2007	2	4	0.510918
2007	2	5	0.425548
2007	2	6	0.386507
2007	2	7	0.724082
2007	2	8	1.128808
2007	2	9	3.762261
2007	2	10	7.083357
2007	2	11	6.544069
2007	2	12	3.331247
2007	2	13	2.164959
2007	2	14	1.926028
2007	2	15	1.642069
2007	2	16	1.308137
2007	2	17	1.249575
2007	2	18	1.182685
2007	2	19	1.024959
2007	2	20	1.100438
2007	2	21	1.005178
2007	2	22	1.457534
2007	2	23	1.195699
2007	2	24	1.478877
2007	2	25	2.146480
2007	2	26	1.686055
2007	2	27	2.130082
2007	2	28	1.263891
2007	3	1	1.486685
2007	3	2	0.961973
2007	3	3	1.118918
2007	3	4	1.366959
2007	3	5	0.958849
2007	3	6	1.450247
2007	3	7	1.269356
2007	3	8	1.402096
2007	3	9	1.490589
2007	3	10	1.388562
2007	3	11	1.306836
2007	3	12	1.370343
2007	3	13	1.944507
2007	3	14	1.820877
2007	3	15	1.934617
2007	3	16	1.851849
2007	3	17	1.847685
2007	3	18	1.724315
2007	3	19	1.629315
2007	3	20	1.724055
2007	3	21	1.532754
2007	3	22	1.392466
2007	3	23	1.337808
2007	3	24	1.172534
2007	3	25	1.242548
2007	3	26	1.595219
2007	3	27	1.528589
2007	3	28	1.347699
2007	3	29	1.205329
2007	3	30	1.263110
2007	3	31	1.168110
2007	4	1	1.103822
2007	4	2	1.113973
2007	4	3	1.092891
2007	4	4	1.095233
2007	4	5	1.073370
2007	4	6	0.954685
2007	4	7	0.933343
2007	4	8	1.122562
2007	4	9	0.936726
2007	4	10	0.665521
2007	4	11	1.026000
2007	4	12	1.091849
2007	4	13	0.749849
2007	4	14	0.963274
2007	4	15	0.708726
2007	4	16	0.586137
2007	4	17	0.598890
2007	4	18	1.166288
2007	4	19	0.737096
2007	4	20	0.406808
2007	4	21	1.133493
2007	4	22	1.193877
2007	4	23	0.972644
2007	4	24	0.963534
2007	4	25	0.925014
2007	4	26	0.944014
2007	4	27	0.680617
2007	4	28	0.971603
2007	4	29	1.144425
2007	4	30	0.844069
2007	5	1	1.005959
2007	5	2	1.219644
2007	5	3	1.419014
2007	5	4	1.001534
2007	5	5	0.938027
2007	5	6	0.906274
2007	5	7	0.668904
2007	5	8	1.047343
2007	5	9	0.633507
2007	5	10	0.991384
2007	5	11	0.724863
2007	5	12	0.695973
2007	5	13	0.718877
2007	5	14	0.519507
2007	5	15	0.699877
2007	5	16	0.408890
2007	5	17	0.546575
2007	5	18	0.753493
2007	5	19	0.339658
2007	5	20	0.427890
2007	5	21	0.563493
2007	5	22	0.771452
2007	5	23	0.306082
2007	5	24	0.645219
2007	5	25	0.519767
2007	5	26	0.567658
2007	5	27	0.611644
2007	5	28	0.417479
2007	5	29	0.406808
2007	5	30	0.824548
2007	5	31	0.545534
2007	6	1	0.503370
2007	6	2	0.480726
2007	6	3	0.473699
2007	6	4	0.272507
2007	6	5	0.552301
2007	6	6	0.565836
2007	6	7	0.232685
2007	6	8	0.566096
2007	6	9	0.235288
2007	6	10	0.453397
2007	6	11	0.554644
2007	6	12	0.431534
2007	6	13	0.236069
2007	6	14	0.441164
2007	6	15	0.547877
2007	6	16	0.279014
2007	6	17	0.319877
2007	6	18	0.308425
2007	6	19	0.289425
2007	6	20	0.563493
2007	6	21	0.125452
2007	6	22	0.305041
2007	6	23	0.300096
2007	6	24	0.265740
2007	6	25	0.379740
2007	6	26	0.445069
2007	6	27	0.314151
2007	6	28	0.357356
2007	6	29	0.355534
2007	6	30	0.403945
2007	7	1	0.348247
2007	7	2	0.463288
2007	7	3	0.457041
2007	7	4	0.447411
2007	7	5	0.545534
2007	7	6	0.446110
2007	7	7	0.314671
2007	7	8	0.283178
2007	7	9	0.268863
2007	7	10	0.276151
2007	7	11	0.276671
2007	7	12	0.337315
2007	7	13	0.251685
2007	7	14	0.566616
2007	7	15	0.688945
2007	7	16	0.331069
2007	7	17	0.413575
2007	7	18	0.621795
2007	7	19	0.841986
2007	7	20	0.494260
2007	7	21	0.663438
2007	7	22	0.320658
2007	7	23	0.559589
2007	7	24	0.444548
2007	7	25	0.453397
2007	7	26	0.548918
2007	7	27	0.568959
2007	7	28	0.446630
2007	7	29	0.526795
2007	7	30	0.684781
2007	7	31	0.578069
2007	8	1	0.398479
2007	8	2	0.551521
2007	8	3	0.517164
2007	8	4	0.752712
2007	8	5	0.350329
2007	8	6	0.170740
2007	8	7	0.530699
2007	8	8	0.686343
2007	8	9	0.311548
2007	8	10	0.615288
2007	8	11	0.488795
2007	8	12	0.282137
2007	8	13	0.616849
2007	8	14	0.311548
2007	8	15	0.436740
2007	8	16	0.440384
2007	8	17	0.530699
2007	8	18	0.335493
2007	8	19	0.411233
2007	8	20	0.490616
2007	8	21	0.391452
2007	8	22	0.734753
2007	8	23	0.349808
2007	8	24	0.410452
2007	8	25	0.542411
2007	8	26	0.461206
2007	8	27	0.479164
2007	8	28	0.196767
2007	8	29	0.402644
2007	8	30	0.483589
2007	8	31	0.435178
2007	9	1	0.437521
2007	9	2	0.434658
2007	9	3	0.258712
2007	9	4	0.182973
2007	9	5	0.254808
2007	9	6	0.173863
2007	9	7	0.149658
2007	9	8	0.516644
2007	9	9	0.186096
2007	9	10	0.287082
2007	9	11	0.390411
2007	9	12	0.393014
2007	9	13	0.405767
2007	9	14	0.390932
2007	9	15	0.258192
2007	9	16	0.436479
2007	9	17	0.103849
2007	9	18	0.231384
2007	9	19	0.473699
2007	9	20	0.105671
2007	9	21	-0.028110
2007	9	22	0.509356
2007	9	23	0.405247
2007	9	24	0.392233
2007	9	25	0.276671
2007	9	26	0.424507
2007	9	27	0.534863
2007	9	28	0.692329
2007	9	29	0.533562
2007	9	30	0.436479
2007	10	1	0.524452
2007	10	2	0.283959
2007	10	3	0.493219
2007	10	4	0.635069
2007	10	5	0.560890
2007	10	6	0.338616
2007	10	7	0.476301
2007	10	8	0.462247
2007	10	9	0.445589
2007	10	10	0.663438
2007	10	11	0.689206
2007	10	12	0.419562
2007	10	13	0.581452
2007	10	14	0.384425
2007	10	15	0.417219
2007	10	16	0.744123
2007	10	17	0.423206
2007	10	18	0.462247
2007	10	19	0.676452
2007	10	20	0.948959
2007	10	21	0.356315
2007	10	22	0.476301
2007	10	23	0.616589
2007	10	24	0.456521
2007	10	25	0.308945
2007	10	26	0.498425
2007	10	27	0.434658
2007	10	28	0.532521
2007	10	29	0.388069
2007	10	30	0.356055
2007	10	31	0.214206
2007	11	1	0.286041
2007	11	2	0.480986
2007	11	3	0.545795
2007	11	4	0.475521
2007	11	5	0.546575
2007	11	6	0.478644
2007	11	7	0.442986
2007	11	8	0.478123
2007	11	9	0.377658
2007	11	10	0.765726
2007	11	11	0.544753
2007	11	12	0.459384
2007	11	13	0.383644
2007	11	14	0.454178
2007	11	15	0.697534
2007	11	16	0.342781
2007	11	17	0.482808
2007	11	18	0.541370
2007	11	19	0.559849
2007	11	20	0.689726
2007	11	21	0.571041
2007	11	22	0.370370
2007	11	23	0.543712
2007	11	24	0.172562
2007	11	25	0.275110
2007	11	26	0.487753
2007	11	27	0.653288
2007	11	28	1.010904
2007	11	29	0.236329
2007	11	30	0.332110
2007	12	1	0.884671
2007	12	2	-0.191822
2007	12	3	-0.680356
2007	12	4	1.769863
2007	12	5	0.511699
2007	12	6	0.693890
2007	12	7	0.668384
2007	12	8	0.313110
2007	12	9	1.084562
2007	12	10	0.327685
2007	12	11	0.015096
2007	12	12	0.530699
2007	12	13	0.523151
2007	12	14	0.669425
2007	12	15	-0.080164
2007	12	16	0.695452
2007	12	17	0.957808
2007	12	18	0.255069
2007	12	19	1.464822
2007	12	20	0.732932
2007	12	21	0.710027
2007	12	22	0.491397
2007	12	23	0.917466
2007	12	24	0.203795
2007	12	25	0.583534
2007	12	26	0.729027
2007	12	27	0.790452
2007	12	28	0.464069
2007	12	29	0.339397
2007	12	30	0.725904
2007	12	31	0.168658
2008	1	1	0.424507
2008	1	2	0.450795
2008	1	3	0.626740
2008	1	4	0.796959
2008	1	5	2.522315
2008	1	6	1.850028
2008	1	7	0.668384
2008	1	8	0.934644
2008	1	9	0.643137
2008	1	10	1.410685
2008	1	11	0.630904
2008	1	12	0.491918
2008	1	13	0.526274
2008	1	14	0.541630
2008	1	15	0.692329
2008	1	16	0.387027
2008	1	17	0.557247
2008	1	18	0.610343
2008	1	19	0.188438
2008	1	20	0.417740
2008	1	21	0.603836
2008	1	22	0.669685
2008	1	23	0.330027
2008	1	24	0.629082
2008	1	25	0.568959
2008	1	26	0.949219
2008	1	27	1.036932
2008	1	28	1.852110
2008	1	29	1.026260
2008	1	30	0.794096
2008	1	31	0.928137
2008	2	1	0.971082
2008	2	2	0.979932
2008	2	3	1.116575
2008	2	4	0.702740
2008	2	5	0.836260
2008	2	6	0.538767
2008	2	7	0.863069
2008	2	8	0.600712
2008	2	9	0.586918
2008	2	10	0.637151
2008	2	11	0.575466
2008	2	12	0.749849
2008	2	13	0.673329
2008	2	14	0.805288
2008	2	15	0.589000
2008	2	16	0.573904
2008	2	17	0.786548
2008	2	18	0.625438
2008	2	19	0.698055
2008	2	20	0.761562
2008	2	21	0.762343
2008	2	22	0.861767
2008	2	23	1.088986
2008	2	24	1.831288
2008	2	25	1.785740
2008	2	26	1.464041
2008	2	27	1.074932
2008	2	28	1.226932
2008	2	29	1.254000
2008	3	1	1.154055
2008	3	2	1.238644
2008	3	3	1.158480
2008	3	4	0.963014
2008	3	5	1.093151
2008	3	6	0.955466
2008	3	7	0.825069
2008	3	8	0.942973
2008	3	9	1.061397
2008	3	10	0.881288
2008	3	11	0.834178
2008	3	12	1.011685
2008	3	13	1.394808
2008	3	14	1.757110
2008	3	15	1.536137
2008	3	16	1.287315
2008	3	17	1.158740
2008	3	18	1.087945
2008	3	19	1.170192
2008	3	20	1.281849
2008	3	21	1.199603
2008	3	22	1.110589
2008	3	23	1.087685
2008	3	24	1.350041
2008	3	25	1.436712
2008	3	26	1.598603
2008	3	27	1.419534
2008	3	28	1.223028
2008	3	29	1.284973
2008	3	30	1.176438
2008	3	31	1.091589
2008	4	1	0.981754
2008	4	2	0.972123
2008	4	3	0.933863
2008	4	4	0.961973
2008	4	5	1.016370
2008	4	6	0.992164
2008	4	7	1.137918
2008	4	8	0.795918
2008	4	9	0.992164
2008	4	10	0.807630
2008	4	11	0.786288
2008	4	12	1.184507
2008	4	13	1.307617
2008	4	14	1.448685
2008	4	15	1.373466
2008	4	16	1.143904
2008	4	17	0.949219
2008	4	18	1.151452
2008	4	19	1.276644
2008	4	20	1.143904
2008	4	21	0.934904
2008	4	22	1.204548
2008	4	23	1.040315
2008	4	24	0.892480
2008	4	25	0.825589
2008	4	26	0.763644
2008	4	27	1.392206
2008	4	28	1.262069
2008	4	29	1.584808
2008	4	30	1.648055
2008	5	1	1.432028
2008	5	2	0.976548
2008	5	3	1.229274
2008	5	4	1.146247
2008	5	5	1.305014
2008	5	6	1.647274
2008	5	7	1.571014
2008	5	8	1.556699
2008	5	9	1.588192
2008	5	10	1.410165
2008	5	11	1.517397
2008	5	12	1.524945
2008	5	13	1.343795
2008	5	14	1.361233
2008	5	15	1.658726
2008	5	16	2.048877
2008	5	17	1.927069
2008	5	18	1.673562
2008	5	19	1.623849
2008	5	20	1.337288
2008	5	21	1.210795
2008	5	22	0.985137
2008	5	23	0.898986
2008	5	24	1.021315
2008	5	25	0.897685
2008	5	26	0.953123
2008	5	27	0.641575
2008	5	28	1.003096
2008	5	29	0.557767
2008	5	30	0.686603
2008	5	31	0.852918
2008	6	1	0.641575
2008	6	2	0.488534
2008	6	3	0.798000
2008	6	4	0.423206
2008	6	5	0.723562
2008	6	6	0.561671
2008	6	7	0.420863
2008	6	8	0.462247
2008	6	9	0.486712
2008	6	10	0.529658
2008	6	11	0.404206
2008	6	12	0.385986
2008	6	13	0.356836
2008	6	14	0.221493
2008	6	15	0.365425
2008	6	16	0.224877
2008	6	17	0.438301
2008	6	18	0.399781
2008	6	19	0.429973
2008	6	20	0.101507
2008	6	21	0.137164
2008	6	22	0.366206
2008	6	23	0.346425
2008	6	24	0.178027
2008	6	25	0.453397
2008	6	26	0.082767
2008	6	27	0.366466
2008	6	28	0.073658
2008	6	29	0.224096
2008	6	30	0.203534
2008	7	1	0.266781
2008	7	2	0.418781
2008	7	3	-0.046329
2008	7	4	0.317534
2008	7	5	0.137945
2008	7	6	0.232685
2008	7	7	0.154082
2008	7	8	0.249082
2008	7	9	0.285521
2008	7	10	0.320137
2008	7	11	0.278753
2008	7	12	0.209000
2008	7	13	0.345384
2008	7	14	0.108534
2008	7	15	0.414096
2008	7	16	0.098384
2008	7	17	0.350849
2008	7	18	0.128315
2008	7	19	0.235288
2008	7	20	0.222274
2008	7	21	0.439082
2008	7	22	0.278753
2008	7	23	0.224096
2008	7	24	0.353973
2008	7	25	0.231644
2008	7	26	0.338616
2008	7	27	0.424247
2008	7	28	0.434918
2008	7	29	0.157726
2008	7	30	0.349548
2008	7	31	0.150438
2008	8	1	0.332890
2008	8	2	0.589260
2008	8	3	0.681918
2008	8	4	0.040082
2008	8	5	0.057260
2008	8	6	0.433877
2008	8	7	0.193904
2008	8	8	0.281356
2008	8	9	0.187658
2008	8	10	0.338616
2008	8	11	0.632466
2008	8	12	0.326384
2008	8	13	0.459384
2008	8	14	0.572082
2008	8	15	0.200151
2008	8	16	0.199370
2008	8	17	0.246479
2008	8	18	0.356836
2008	8	19	0.341479
2008	8	20	0.439082
2008	8	21	0.421904
2008	8	22	0.725904
2008	8	23	0.304521
2008	8	24	0.188959
2008	8	25	0.638452
2008	8	26	0.838603
2008	8	27	0.763904
2008	8	28	0.555685
2008	8	29	0.459904
2008	8	30	0.317795
2008	8	31	0.167096
2008	9	1	0.204055
2008	9	2	0.649384
2008	9	3	0.273548
2008	9	4	0.774315
2008	9	5	0.289685
2008	9	6	0.652767
2008	9	7	0.704562
2008	9	8	0.202753
2008	9	9	0.853699
2008	9	10	0.685562
2008	9	11	0.925795
2008	9	12	0.672027
2008	9	13	0.758699
2008	9	14	-0.066630
2008	9	15	1.052027
2008	9	16	0.890397
2008	9	17	0.548658
2008	9	18	0.490096
2008	9	19	0.198069
2008	9	20	0.545274
2008	9	21	0.604877
2008	9	22	0.556986
2008	9	23	0.498685
2008	9	24	0.581973
2008	9	25	0.979151
2008	9	26	0.034356
2008	9	27	0.523932
2008	9	28	0.406288
2008	9	29	0.627781
2008	9	30	0.068192
2008	10	1	0.448452
2008	10	2	0.389370
2008	10	3	0.580151
2008	10	4	0.761822
2008	10	5	0.696493
2008	10	6	0.289425
2008	10	7	0.240233
2008	10	8	0.296192
2008	10	9	0.600712
2008	10	10	0.622575
2008	10	11	-0.232425
2008	10	12	0.486712
2008	10	13	0.428932
2008	10	14	0.286041
2008	10	15	0.386767
2008	10	16	-0.009630
2008	10	17	0.738137
2008	10	18	0.753233
2008	10	19	0.413575
2008	10	20	0.989041
2008	10	21	-0.124151
2008	10	22	0.292027
2008	10	23	0.162151
2008	10	24	-0.024986
2008	10	25	-0.085110
2008	10	26	0.473178
2008	10	27	0.483069
2008	10	28	0.355274
2008	10	29	0.161110
2008	10	30	-0.261575
2008	10	31	0.475260
2008	11	1	0.340699
2008	11	2	1.807343
2008	11	3	1.002055
2008	11	4	0.849274
2008	11	5	0.680096
2008	11	6	0.726945
2008	11	7	0.165534
2008	11	8	0.541890
2008	11	9	0.548658
2008	11	10	0.472397
2008	11	11	0.419822
2008	11	12	1.000233
2008	11	13	0.768849
2008	11	14	0.451575
2008	11	15	0.468753
2008	11	16	0.196247
2008	11	17	0.597849
2008	11	18	-0.057000
2008	11	19	0.491137
2008	11	20	0.320918
2008	11	21	0.241795
2008	11	22	0.483069
2008	11	23	0.424767
2008	11	24	0.377137
2008	11	25	0.411233
2008	11	26	0.437781
2008	11	27	0.396397
2008	11	28	0.453397
2008	11	29	0.503630
2008	11	30	0.103329
2008	12	1	0.884411
2008	12	2	0.662918
2008	12	3	0.050493
2008	12	4	0.596027
2008	12	5	0.115041
2008	12	6	0.621534
2008	12	7	-0.041904
2008	12	8	0.313630
2008	12	9	0.559849
2008	12	10	0.177507
2008	12	11	0.214466
2008	12	12	0.399000
2008	12	13	0.014836
2008	12	14	0.423726
2008	12	15	0.618411
2008	12	16	0.175685
2008	12	17	0.303740
2008	12	18	0.420603
2008	12	19	0.131438
2008	12	20	0.307384
2008	12	21	0.514822
2008	12	22	0.616069
2008	12	23	0.717575
2008	12	24	0.459904
2008	12	25	1.198041
2008	12	26	1.165767
2008	12	27	0.465630
2008	12	28	0.669945
2008	12	29	0.441425
2008	12	30	0.392493
2008	12	31	0.408370
2009	1	1	0.375315
2009	1	2	0.671767
2009	1	3	0.375315
2009	1	4	0.388589
2009	1	5	0.466932
2009	1	6	0.333151
2009	1	7	0.404466
2009	1	8	0.309986
2009	1	9	-0.150438
2009	1	10	0.355534
2009	1	11	0.361521
2009	1	12	0.352671
2009	1	13	0.460164
2009	1	14	0.587438
2009	1	15	0.609822
2009	1	16	0.333671
2009	1	17	0.168397
2009	1	18	0.538507
2009	1	19	0.679836
2009	1	20	-0.284740
2009	1	21	0.371932
2009	1	22	0.258452
2009	1	23	0.822726
2009	1	24	0.915904
2009	1	25	2.124877
2009	1	26	1.347178
2009	1	27	1.005438
2009	1	28	1.084822
2009	1	29	0.644438
2009	1	30	0.590822
2009	1	31	0.696753
2009	2	1	0.522630
2009	2	2	0.532260
2009	2	3	0.260014
2009	2	4	0.460425
2009	2	5	0.523151
2009	2	6	0.683740
2009	2	7	0.539808
2009	2	8	0.529137
2009	2	9	0.619192
2009	2	10	0.630644
2009	2	11	0.578329
2009	2	12	0.783945
2009	2	13	0.711069
2009	2	14	0.568699
2009	2	15	0.996589
2009	2	16	1.287055
2009	2	17	1.493452
2009	2	18	1.103041
2009	2	19	0.851096
2009	2	20	0.588219
2009	2	21	0.735534
2009	2	22	2.861452
2009	2	23	9.476837
2009	2	24	8.569261
2009	2	25	4.607891
2009	2	26	4.215658
2009	2	27	3.219069
2009	2	28	2.411699
2009	3	1	3.365863
2009	3	2	10.153289
2009	3	3	9.375069
2009	3	4	5.770014
2009	3	5	3.979069
2009	3	6	3.090754
2009	3	7	2.665206
2009	3	8	2.241480
2009	3	9	2.085576
2009	3	10	1.832849
2009	3	11	1.705315
2009	3	12	1.606932
2009	3	13	1.497617
2009	3	14	1.491370
2009	3	15	1.553575
2009	3	16	2.125658
2009	3	17	2.479370
2009	3	18	2.376562
2009	3	19	2.155069
2009	3	20	2.089740
2009	3	21	2.206343
2009	3	22	2.347411
2009	3	23	1.982767
2009	3	24	1.788082
2009	3	25	1.718589
2009	3	26	1.737069
2009	3	27	1.821137
2009	3	28	1.953096
2009	3	29	2.006973
2009	3	30	1.875534
2009	3	31	1.774808
2009	4	1	1.620726
2009	4	2	1.428644
2009	4	3	1.632178
2009	4	4	1.428123
2009	4	5	1.476795
2009	4	6	1.197521
2009	4	7	1.378671
2009	4	8	1.476534
2009	4	9	1.515575
2009	4	10	1.391685
2009	4	11	1.348740
2009	4	12	0.648082
2009	4	13	1.957000
2009	4	14	1.245151
2009	4	15	1.435932
2009	4	16	1.303192
2009	4	17	1.244370
2009	4	18	1.234480
2009	4	19	1.438534
2009	4	20	1.675123
2009	4	21	1.831548
2009	4	22	1.717028
2009	4	23	2.217534
2009	4	24	1.567891
2009	4	25	1.567891
2009	4	26	1.638165
2009	4	27	1.366438
2009	4	28	1.396891
2009	4	29	1.017151
2009	4	30	1.326356
2009	5	1	1.271438
2009	5	2	3.752110
2009	5	3	3.956425
2009	5	4	3.397877
2009	5	5	7.260603
2009	5	6	4.549850
2009	5	7	3.554041
2009	5	8	3.141507
2009	5	9	2.709713
2009	5	10	2.400247
2009	5	11	2.346110
2009	5	12	2.113685
2009	5	13	1.905726
2009	5	14	1.665754
2009	5	15	1.671219
2009	5	16	1.729781
2009	5	17	1.645452
2009	5	18	1.818014
2009	5	19	1.562945
2009	5	20	1.464041
2009	5	21	1.294603
2009	5	22	1.180082
2009	5	23	1.233178
2009	5	24	0.991123
2009	5	25	1.048384
2009	5	26	0.944534
2009	5	27	0.872699
2009	5	28	0.889617
2009	5	29	0.875301
2009	5	30	0.739699
2009	5	31	0.628301
2009	6	1	0.829493
2009	6	2	0.615288
2009	6	3	0.679836
2009	6	4	0.814397
2009	6	5	0.879206
2009	6	6	0.651466
2009	6	7	0.726685
2009	6	8	0.337315
2009	6	9	0.761041
2009	6	10	0.357356
2009	6	11	0.633247
2009	6	12	0.380781
2009	6	13	0.708986
2009	6	14	0.608260
2009	6	15	0.519767
2009	6	16	0.569740
2009	6	17	0.661617
2009	6	18	0.341219
2009	6	19	0.467192
2009	6	20	0.404726
2009	6	21	0.513781
2009	6	22	0.567397
2009	6	23	0.406288
2009	6	24	0.506233
2009	6	25	0.479164
2009	6	26	0.370890
2009	6	27	0.710027
2009	6	28	0.270425
2009	6	29	0.387288
2009	6	30	0.583534
2009	7	1	0.418260
2009	7	2	0.722781
2009	7	3	0.393014
2009	7	4	0.447932
2009	7	5	0.438562
2009	7	6	0.515863
2009	7	7	0.337315
2009	7	8	0.525493
2009	7	9	0.553343
2009	7	10	0.470055
2009	7	11	0.472137
2009	7	12	0.421904
2009	7	13	0.463808
2009	7	14	0.509096
2009	7	15	0.461986
2009	7	16	0.591603
2009	7	17	0.653288
2009	7	18	0.571041
2009	7	19	0.404986
2009	7	20	0.687644
2009	7	21	0.553603
2009	7	22	0.590562
2009	7	23	0.522890
2009	7	24	0.538767
2009	7	25	0.645740
2009	7	26	0.610343
2009	7	27	0.635849
2009	7	28	0.530959
2009	7	29	0.443767
2009	7	30	0.602795
2009	7	31	0.486712
2009	8	1	0.607480
2009	8	2	0.479685
2009	8	3	0.539548
2009	8	4	0.597329
2009	8	5	0.526014
2009	8	6	0.632206
2009	8	7	0.736315
2009	8	8	0.552562
2009	8	9	0.562452
2009	8	10	0.616069
2009	8	11	0.428151
2009	8	12	0.751932
2009	8	13	0.436219
2009	8	14	0.426069
2009	8	15	0.692849
2009	8	16	0.491137
2009	8	17	0.513260
2009	8	18	0.624658
2009	8	19	0.611384
2009	8	20	0.558808
2009	8	21	0.612425
2009	8	22	0.478123
2009	8	23	0.725904
2009	8	24	0.619712
2009	8	25	0.595507
2009	8	26	0.683740
2009	8	27	0.618151
2009	8	28	0.610603
2009	8	29	0.591343
2009	8	30	0.555164
2009	8	31	0.397178
2009	9	1	0.398479
2009	9	2	0.745945
2009	9	3	0.451055
2009	9	4	0.472918
2009	9	5	0.359959
2009	9	6	0.579110
2009	9	7	0.347466
2009	9	8	0.579890
2009	9	9	0.493740
2009	9	10	0.468233
2009	9	11	0.225397
2009	9	12	0.445069
2009	9	13	0.451315
2009	9	14	0.481247
2009	9	15	0.491658
2009	9	16	0.484890
2009	9	17	0.438562
2009	9	18	0.224356
2009	9	19	0.675151
2009	9	20	0.530959
2009	9	21	0.376356
2009	9	22	0.528616
2009	9	23	0.405507
2009	9	24	0.613206
2009	9	25	0.421904
2009	9	26	0.413575
2009	9	27	0.642356
2009	9	28	0.280575
2009	9	29	0.730329
2009	9	30	0.379479
2009	10	1	0.609822
2009	10	2	0.418521
2009	10	3	0.437000
2009	10	4	0.585616
2009	10	5	0.225397
2009	10	6	0.486712
2009	10	7	0.790452
2009	10	8	0.537726
2009	10	9	0.455740
2009	10	10	0.634288
2009	10	11	0.479164
2009	10	12	0.518726
2009	10	13	0.760260
2009	10	14	1.078315
2009	10	15	0.853438
2009	10	16	0.664219
2009	10	17	0.604356
2009	10	18	0.481507
2009	10	19	0.597589
2009	10	20	0.547096
2009	10	21	0.555164
2009	10	22	0.531740
2009	10	23	0.473438
2009	10	24	0.750110
2009	10	25	0.577288
2009	10	26	0.551781
2009	10	27	0.605658
2009	10	28	0.551000
2009	10	29	0.723822
2009	10	30	0.501548
2009	10	31	0.678014
2009	11	1	0.771712
2009	11	2	0.428411
2009	11	3	0.865151
2009	11	4	0.410452
2009	11	5	0.844589
2009	11	6	0.485932
2009	11	7	0.375055
2009	11	8	0.594726
2009	11	9	0.650685
2009	11	10	0.424767
2009	11	11	0.199630
2009	11	12	0.305822
2009	11	13	0.258192
2009	11	14	0.209521
2009	11	15	0.340959
2009	11	16	0.030192
2009	11	17	0.213685
2009	11	18	0.380521
2009	11	19	0.230082
2009	11	20	0.407589
2009	11	21	0.242836
2009	11	22	0.316233
2009	11	23	0.263918
2009	11	24	0.278493
2009	11	25	0.374795
2009	11	26	0.441945
2009	11	27	0.263918
2009	11	28	0.275110
2009	11	29	0.249603
2009	11	30	0.501288
2009	12	1	0.194685
2009	12	2	0.264959
2009	12	3	0.250123
2009	12	4	0.357356
2009	12	5	0.401082
2009	12	6	0.296712
2009	12	7	0.121808
2009	12	8	0.539288
2009	12	9	0.188699
2009	12	10	0.262877
2009	12	11	0.398479
2009	12	12	0.831575
2009	12	13	0.841726
2009	12	14	0.344863
2009	12	15	0.478904
2009	12	16	0.497904
2009	12	17	0.437260
2009	12	18	0.228260
2009	12	19	0.410973
2009	12	20	0.425808
2009	12	21	0.334712
2009	12	22	0.517164
2009	12	23	0.457562
2009	12	24	0.355274
2009	12	25	0.360740
2009	12	26	0.305562
2009	12	27	0.506493
2009	12	28	0.137945
2009	12	29	0.501288
2009	12	30	0.444808
2009	12	31	0.414356
2010	1	1	0.378178
2010	1	2	0.511959
2010	1	3	0.420082
2010	1	4	0.251164
2010	1	5	0.294630
2010	1	6	0.441425
2010	1	7	0.254288
2010	1	8	0.355274
2010	1	9	0.480726
2010	1	10	0.372192
2010	1	11	0.170740
2010	1	12	1.034069
2010	1	13	2.323726
2010	1	14	1.400274
2010	1	15	0.942192
2010	1	16	0.741000
2010	1	17	1.183726
2010	1	18	2.234973
2010	1	19	3.119644
2010	1	20	3.109493
2010	1	21	2.452302
2010	1	22	1.637123
2010	1	23	1.297726
2010	1	24	1.121260
2010	1	25	1.231617
2010	1	26	1.751123
2010	1	27	1.466384
2010	1	28	1.210274
2010	1	29	1.060356
2010	1	30	1.153274
2010	1	31	1.053069
2010	2	1	0.936206
2010	2	2	0.768069
2010	2	3	0.931260
2010	2	4	0.924493
2010	2	5	1.389603
2010	2	6	1.923945
2010	2	7	1.593658
2010	2	8	1.430726
2010	2	9	1.424219
2010	2	10	1.167589
2010	2	11	1.037452
2010	2	12	1.010644
2010	2	13	1.076233
2010	2	14	1.018192
2010	2	15	1.021315
2010	2	16	0.996849
2010	2	17	1.145206
2010	2	18	1.131671
2010	2	19	1.070767
2010	2	20	1.150411
2010	2	21	1.231356
2010	2	22	1.086644
2010	2	23	1.096274
2010	2	24	1.478617
2010	2	25	1.428384
2010	2	26	1.548110
2010	2	27	1.796411
2010	2	28	1.872671
2010	3	1	1.639726
2010	3	2	1.839356
2010	3	3	2.212329
2010	3	4	1.907808
2010	3	5	1.509589
2010	3	6	1.431507
2010	3	7	1.294082
2010	3	8	1.044740
2010	3	9	1.413808
2010	3	10	1.169932
2010	3	11	0.873480
2010	3	12	1.550712
2010	3	13	1.557219
2010	3	14	1.289137
2010	3	15	1.295904
2010	3	16	1.224849
2010	3	17	1.185288
2010	3	18	1.311000
2010	3	19	1.330781
2010	3	20	1.286014
2010	3	21	1.254521
2010	3	22	1.308918
2010	3	23	1.446603
2010	3	24	1.423178
2010	3	25	1.538219
2010	3	26	1.334165
2010	3	27	1.395849
2010	3	28	1.297206
2010	3	29	1.406260
2010	3	30	2.902576
2010	3	31	2.634233
2010	4	1	2.042630
2010	4	2	2.025973
2010	4	3	1.838055
2010	4	4	1.939562
2010	4	5	1.782617
2010	4	6	1.583247
2010	4	7	1.639726
2010	4	8	1.737589
2010	4	9	1.732123
2010	4	10	1.850808
2010	4	11	1.930452
2010	4	12	2.351576
2010	4	13	2.089219
2010	4	14	1.924466
2010	4	15	1.685274
2010	4	16	1.672000
2010	4	17	1.643891
2010	4	18	1.720671
2010	4	19	1.810726
2010	4	20	2.358082
2010	4	21	2.493945
2010	4	22	1.989534
2010	4	23	2.071000
2010	4	24	1.952836
2010	4	25	2.176151
2010	4	26	2.086356
2010	4	27	4.461617
2010	4	28	4.722932
2010	4	29	3.566535
2010	4	30	3.051713
2010	5	1	2.835165
2010	5	2	2.818767
2010	5	3	2.714398
2010	5	4	2.863274
2010	5	5	2.862493
2010	5	6	2.681863
2010	5	7	2.425233
2010	5	8	2.342466
2010	5	9	2.473644
2010	5	10	2.470781
2010	5	11	2.334137
2010	5	12	2.067096
2010	5	13	2.169123
2010	5	14	2.320343
2010	5	15	2.230288
2010	5	16	2.499411
2010	5	17	2.613151
2010	5	18	2.618356
2010	5	19	1.785480
2010	5	20	1.948151
2010	5	21	2.547041
2010	5	22	2.236014
2010	5	23	1.869028
2010	5	24	1.837534
2010	5	25	1.808384
2010	5	26	2.132425
2010	5	27	2.300302
2010	5	28	1.910671
2010	5	29	1.999425
2010	5	30	1.923425
2010	5	31	2.095987
2010	6	1	2.313055
2010	6	2	2.280781
2010	6	3	2.699822
2010	6	4	3.152178
2010	6	5	3.002521
2010	6	6	2.905699
2010	6	7	2.799507
2010	6	8	2.701384
2010	6	9	2.529863
2010	6	10	2.185000
2010	6	11	1.907288
2010	6	12	1.906767
2010	6	13	1.947630
2010	6	14	1.943466
2010	6	15	1.978082
2010	6	16	1.830507
2010	6	17	1.744877
2010	6	18	1.648055
2010	6	19	1.478356
2010	6	20	1.651439
2010	6	21	1.329740
2010	6	22	1.068164
2010	6	23	1.337028
2010	6	24	1.227192
2010	6	25	1.260507
2010	6	26	1.345096
2010	6	27	1.623849
2010	6	28	1.440877
2010	6	29	1.257644
2010	6	30	1.210274
2010	7	1	1.013767
2010	7	2	1.215480
2010	7	3	1.295904
2010	7	4	0.945575
2010	7	5	1.021315
2010	7	6	1.015849
2010	7	7	1.114754
2010	7	8	1.117096
2010	7	9	1.092110
2010	7	10	1.093932
2010	7	11	0.842767
2010	7	12	0.906274
2010	7	13	0.822466
2010	7	14	0.901069
2010	7	15	0.977069
2010	7	16	0.781082
2010	7	17	0.986959
2010	7	18	0.561671
2010	7	19	0.705603
2010	7	20	0.719137
2010	7	21	0.643137
2010	7	22	0.684781
2010	7	23	0.578069
2010	7	24	0.817260
2010	7	25	2.896329
2010	7	26	0.662137
2010	7	27	0.726164
2010	7	28	1.333644
2010	7	29	0.610082
2010	7	30	0.744384
2010	7	31	0.796959
2010	8	1	0.831575
2010	8	2	0.857863
2010	8	3	0.895343
2010	8	4	0.861767
2010	8	5	0.830534
2010	8	6	1.126726
2010	8	7	0.479945
2010	8	8	0.714192
2010	8	9	1.057233
2010	8	10	0.587699
2010	8	11	0.776137
2010	8	12	0.493480
2010	8	13	0.950000
2010	8	14	0.628041
2010	8	15	0.686863
2010	8	16	0.965877
2010	8	17	0.750110
2010	8	18	0.532000
2010	8	19	0.817781
2010	8	20	0.753233
2010	8	21	0.534863
2010	8	22	0.622575
2010	8	23	0.951041
2010	8	24	0.617630
2010	8	25	0.626480
2010	8	26	0.793836
2010	8	27	0.881808
2010	8	28	0.565055
2010	8	29	0.591343
2010	8	30	0.568699
2010	8	31	0.631685
2010	9	1	0.987740
2010	9	2	0.696753
2010	9	3	0.518466
2010	9	4	0.670466
2010	9	5	0.556206
2010	9	6	0.592384
2010	9	7	0.592123
2010	9	8	0.679575
2010	9	9	0.660315
2010	9	10	0.952863
2010	9	11	0.499726
2010	9	12	0.666041
2010	9	13	0.944014
2010	9	14	0.479685
2010	9	15	0.759219
2010	9	16	0.782384
2010	9	17	0.659795
2010	9	18	0.447151
2010	9	19	0.866712
2010	9	20	0.468753
2010	9	21	0.933863
2010	9	22	0.686603
2010	9	23	0.494781
2010	9	24	0.857863
2010	9	25	0.704562
2010	9	26	0.530178
2010	9	27	0.720438
2010	9	28	0.833397
2010	9	29	0.644959
2010	9	30	0.790452
2010	10	1	0.462247
2010	10	2	0.627260
2010	10	3	0.810233
2010	10	4	0.609041
2010	10	5	0.613206
2010	10	6	0.694151
2010	10	7	0.733452
2010	10	8	0.655890
2010	10	9	0.464849
2010	10	10	0.714192
2010	10	11	0.614507
2010	10	12	0.496082
2010	10	13	0.597329
2010	10	14	0.831836
2010	10	15	0.536945
2010	10	16	0.494000
2010	10	17	0.723041
2010	10	18	0.322219
2010	10	19	0.661356
2010	10	20	0.217069
2010	10	21	0.735014
2010	10	22	0.584315
2010	10	23	0.707425
2010	10	24	2.935630
2010	10	25	1.659247
2010	10	26	0.708726
2010	10	27	0.502849
2010	10	28	0.494521
2010	10	29	0.917726
2010	10	30	0.665521
2010	10	31	0.842247
2010	11	1	0.260014
2010	11	2	0.944534
2010	11	3	0.656932
2010	11	4	0.667863
2010	11	5	0.697014
2010	11	6	0.160069
2010	11	7	0.836260
2010	11	8	1.219384
2010	11	9	0.578589
2010	11	10	0.999452
2010	11	11	0.670466
2010	11	12	1.020014
2010	11	13	0.414877
2010	11	14	0.779521
2010	11	15	0.771192
2010	11	16	0.614507
2010	11	17	0.684260
2010	11	18	0.762082
2010	11	19	0.814397
2010	11	20	1.023397
2010	11	21	0.739178
2010	11	22	1.002315
2010	11	23	0.981233
2010	11	24	1.155096
2010	11	25	0.707164
2010	11	26	0.958329
2010	11	27	0.748288
2010	11	28	0.907055
2010	11	29	0.715493
2010	11	30	0.856822
2010	12	1	0.572603
2010	12	2	0.678274
2010	12	3	0.938288
2010	12	4	1.087164
2010	12	5	1.216521
2010	12	6	3.397356
2010	12	7	2.376822
2010	12	8	1.747219
2010	12	9	1.905726
2010	12	10	2.680562
2010	12	11	2.089740
2010	12	12	1.857576
2010	12	13	1.702192
2010	12	14	2.898411
2010	12	15	3.325000
2010	12	16	2.236274
2010	12	17	2.038466
2010	12	18	5.760905
2010	12	19	9.625193
2010	12	20	6.948535
2010	12	21	4.912411
2010	12	22	3.991041
2010	12	23	3.531398
2010	12	24	2.740685
2010	12	25	2.642822
2010	12	26	2.698781
2010	12	27	2.575671
2010	12	28	2.957493
2010	12	29	4.175576
2010	12	30	2.990548
2010	12	31	2.471041
