   1 1
     6 1.000000 0.10 0.10 1.00 0.65 1.00 0.25
   2 3
     1 0.091973 0.10 0.05 1.00 0.45 5.00 0.50
     6 0.907776 0.10 0.10 1.00 0.65 1.00 0.25
     7 0.000250 0.10 0.10 1.00 0.65 1.00 0.25
   3 1
     6 1.000000 0.10 0.10 1.00 0.65 1.00 0.25
   4 2
     1 0.199620 0.10 0.05 1.00 0.45 5.00 0.50
     6 0.800380 0.10 0.10 1.00 0.65 1.00 0.25
   5 2
     6 0.792017 0.10 0.10 1.00 0.65 1.00 0.25
     7 0.207983 0.10 0.10 1.00 0.65 1.00 0.25
   6 3
     6 0.513185 0.10 0.10 1.00 0.65 1.00 0.25
     7 0.179208 0.10 0.10 1.00 0.65 1.00 0.25
     8 0.019298 0.10 0.10 1.00 0.65 0.50 0.25
   7 3
     1 0.390187 0.10 0.05 1.00 0.45 5.00 0.50
     6 0.523422 0.10 0.10 1.00 0.65 1.00 0.25
     7 0.013821 0.10 0.10 1.00 0.65 1.00 0.25
   8 3
     1 0.907194 0.10 0.05 1.00 0.45 5.00 0.50
     5 0.063642 0.10 0.05 1.00 0.45 5.00 0.50
     6 0.024995 0.10 0.10 1.00 0.65 1.00 0.25
   9 2
     1 0.800971 0.10 0.05 1.00 0.45 5.00 0.50
     6 0.066838 0.10 0.10 1.00 0.65 1.00 0.25
  10 6
     1 0.535216 0.10 0.05 1.00 0.45 5.00 0.50
     5 0.009730 0.10 0.05 1.00 0.45 5.00 0.50
     6 0.253209 0.10 0.10 1.00 0.65 1.00 0.25
     7 0.141048 0.10 0.10 1.00 0.65 1.00 0.25
    10 0.014590 0.10 0.10 1.00 0.70 0.50 0.20
    11 0.046206 0.10 0.10 0.75 0.60 0.50 0.30
  11 5
     1 0.165182 0.10 0.05 1.00 0.45 5.00 0.50
     6 0.565355 0.10 0.10 1.00 0.65 1.00 0.25
     7 0.167367 0.10 0.10 1.00 0.65 1.00 0.25
    10 0.020086 0.10 0.10 1.00 0.70 0.50 0.20
    11 0.082010 0.10 0.10 0.75 0.60 0.50 0.30
  12 3
     1 0.289014 0.10 0.05 1.00 0.45 5.00 0.50
     6 0.677170 0.10 0.10 1.00 0.65 1.00 0.25
     7 0.033817 0.10 0.10 1.00 0.65 1.00 0.25
  13 3
     1 0.381969 0.10 0.05 1.00 0.45 5.00 0.50
     6 0.482434 0.10 0.10 1.00 0.65 1.00 0.25
     7 0.135597 0.10 0.10 1.00 0.65 1.00 0.25
  14 2
     6 0.793603 0.10 0.10 1.00 0.65 1.00 0.25
     7 0.117104 0.10 0.10 1.00 0.65 1.00 0.25
  15 3
     1 0.409520 0.10 0.05 1.00 0.45 5.00 0.50
     5 0.032001 0.10 0.05 1.00 0.45 5.00 0.50
     6 0.475247 0.10 0.10 1.00 0.65 1.00 0.25
  16 4
     1 0.780692 0.10 0.05 1.00 0.45 5.00 0.50
     4 0.012795 0.10 0.05 1.00 0.45 5.00 0.50
     5 0.006400 0.10 0.05 1.00 0.45 5.00 0.50
     6 0.200113 0.10 0.10 1.00 0.65 1.00 0.25
  17 4
     1 0.772855 0.10 0.05 1.00 0.45 5.00 0.50
     4 0.019190 0.10 0.05 1.00 0.45 5.00 0.50
     5 0.047987 0.10 0.05 1.00 0.45 5.00 0.50
     6 0.159968 0.10 0.10 1.00 0.65 1.00 0.25
  18 4
     1 0.681886 0.10 0.05 1.00 0.45 5.00 0.50
     4 0.014470 0.10 0.05 1.00 0.45 5.00 0.50
     5 0.007238 0.10 0.05 1.00 0.45 5.00 0.50
     6 0.289175 0.10 0.10 1.00 0.65 1.00 0.25
  19 4
     1 0.510570 0.10 0.05 1.00 0.45 5.00 0.50
     4 0.035729 0.10 0.05 1.00 0.45 5.00 0.50
     5 0.035745 0.10 0.05 1.00 0.45 5.00 0.50
     6 0.203515 0.10 0.10 1.00 0.65 1.00 0.25
  20 3
     1 0.750188 0.10 0.05 1.00 0.45 5.00 0.50
     4 0.048464 0.10 0.05 1.00 0.45 5.00 0.50
     6 0.201348 0.10 0.10 1.00 0.65 1.00 0.25
  21 5
     1 0.830217 0.10 0.05 1.00 0.45 5.00 0.50
     4 0.005067 0.10 0.05 1.00 0.45 5.00 0.50
     5 0.012242 0.10 0.05 1.00 0.45 5.00 0.50
     6 0.138442 0.10 0.10 1.00 0.65 1.00 0.25
     7 0.001777 0.10 0.10 1.00 0.65 1.00 0.25
  22 6
     1 0.467805 0.10 0.05 1.00 0.45 5.00 0.50
     5 0.040183 0.10 0.05 1.00 0.45 5.00 0.50
     6 0.441815 0.10 0.10 1.00 0.65 1.00 0.25
     7 0.010040 0.10 0.10 1.00 0.65 1.00 0.25
    10 0.030119 0.10 0.10 1.00 0.70 0.50 0.20
    11 0.010039 0.10 0.10 0.75 0.60 0.50 0.30
  23 7
     1 0.126388 0.10 0.05 1.00 0.45 5.00 0.50
     5 0.006461 0.10 0.05 1.00 0.45 5.00 0.50
     6 0.416599 0.10 0.10 1.00 0.65 1.00 0.25
     7 0.145314 0.10 0.10 1.00 0.65 1.00 0.25
     8 0.041991 0.10 0.10 1.00 0.65 0.50 0.25
    10 0.232539 0.10 0.10 1.00 0.70 0.50 0.20
    11 0.030707 0.10 0.10 0.75 0.60 0.50 0.30
  24 5
     6 0.268945 0.10 0.10 1.00 0.65 1.00 0.25
     7 0.051231 0.10 0.10 1.00 0.65 1.00 0.25
     8 0.118369 0.10 0.10 1.00 0.65 0.50 0.25
    10 0.463885 0.10 0.10 1.00 0.70 0.50 0.20
    11 0.097570 0.10 0.10 0.75 0.60 0.50 0.30
  25 6
     1 0.012444 0.10 0.05 1.00 0.45 5.00 0.50
     6 0.296273 0.10 0.10 1.00 0.65 1.00 0.25
     7 0.269639 0.10 0.10 1.00 0.65 1.00 0.25
     8 0.035731 0.10 0.10 1.00 0.65 0.50 0.25
    10 0.335862 0.10 0.10 1.00 0.70 0.50 0.20
    11 0.050051 0.10 0.10 0.75 0.60 0.50 0.30
  26 2
     6 0.812639 0.10 0.10 1.00 0.65 1.00 0.25
     7 0.187361 0.10 0.10 1.00 0.65 1.00 0.25
  27 2
     1 0.492417 0.10 0.05 1.00 0.45 5.00 0.50
     6 0.507583 0.10 0.10 1.00 0.65 1.00 0.25
  28 4
     1 0.694459 0.10 0.05 1.00 0.45 5.00 0.50
     4 0.054387 0.10 0.05 1.00 0.45 5.00 0.50
     5 0.041596 0.10 0.05 1.00 0.45 5.00 0.50
     6 0.209558 0.10 0.10 1.00 0.65 1.00 0.25
  29 4
     1 0.835280 0.10 0.05 1.00 0.45 5.00 0.50
     4 0.044794 0.10 0.05 1.00 0.45 5.00 0.50
     5 0.031985 0.10 0.05 1.00 0.45 5.00 0.50
     6 0.087941 0.10 0.10 1.00 0.65 1.00 0.25
  30 4
     1 0.782424 0.10 0.05 1.00 0.45 5.00 0.50
     4 0.051216 0.10 0.05 1.00 0.45 5.00 0.50
     5 0.086369 0.10 0.05 1.00 0.45 5.00 0.50
     6 0.076794 0.10 0.10 1.00 0.65 1.00 0.25
  31 4
     1 0.807989 0.10 0.05 1.00 0.45 5.00 0.50
     4 0.006403 0.10 0.05 1.00 0.45 5.00 0.50
     5 0.025588 0.10 0.05 1.00 0.45 5.00 0.50
     6 0.160020 0.10 0.10 1.00 0.65 1.00 0.25
  32 3
     1 0.737907 0.10 0.05 1.00 0.45 5.00 0.50
     5 0.013270 0.10 0.05 1.00 0.45 5.00 0.50
     6 0.248823 0.10 0.10 1.00 0.65 1.00 0.25
  33 4
     1 0.635232 0.10 0.05 1.00 0.45 5.00 0.50
     4 0.019905 0.10 0.05 1.00 0.45 5.00 0.50
     5 0.046467 0.10 0.05 1.00 0.45 5.00 0.50
     6 0.298395 0.10 0.10 1.00 0.65 1.00 0.25
  34 4
     1 0.329736 0.10 0.05 1.00 0.45 5.00 0.50
     5 0.019208 0.10 0.05 1.00 0.45 5.00 0.50
     6 0.609461 0.10 0.10 1.00 0.65 1.00 0.25
     7 0.041595 0.10 0.10 1.00 0.65 1.00 0.25
  35 4
     1 0.070356 0.10 0.05 1.00 0.45 5.00 0.50
     4 0.006396 0.10 0.05 1.00 0.45 5.00 0.50
     6 0.798408 0.10 0.10 1.00 0.65 1.00 0.25
     7 0.124840 0.10 0.10 1.00 0.65 1.00 0.25
  36 4
     6 0.491264 0.10 0.10 1.00 0.65 1.00 0.25
     7 0.409537 0.10 0.10 1.00 0.65 1.00 0.25
     8 0.012800 0.10 0.10 1.00 0.65 0.50 0.25
    10 0.086398 0.10 0.10 1.00 0.70 0.50 0.20
  37 5
     6 0.033573 0.10 0.10 1.00 0.65 1.00 0.25
     7 0.163088 0.10 0.10 1.00 0.65 1.00 0.25
     8 0.198408 0.10 0.10 1.00 0.65 0.50 0.25
    10 0.432048 0.10 0.10 1.00 0.70 0.50 0.20
    11 0.172883 0.10 0.10 0.75 0.60 0.50 0.30
  38 6
     6 0.092739 0.10 0.10 1.00 0.65 1.00 0.25
     7 0.183945 0.10 0.10 1.00 0.65 1.00 0.25
     8 0.131193 0.10 0.10 1.00 0.65 0.50 0.25
     9 0.006398 0.10 0.10 1.00 0.65 0.50 0.25
    10 0.368067 0.10 0.10 1.00 0.70 0.50 0.20
    11 0.217657 0.10 0.10 0.75 0.60 0.50 0.30
  39 5
     7 0.354587 0.10 0.10 1.00 0.65 1.00 0.25
     8 0.164327 0.10 0.10 1.00 0.65 0.50 0.25
     9 0.052464 0.10 0.10 1.00 0.65 0.50 0.25
    10 0.323652 0.10 0.10 1.00 0.70 0.50 0.20
    11 0.104970 0.10 0.10 0.75 0.60 0.50 0.30
  40 3
     1 0.982234 0.10 0.05 1.00 0.45 5.00 0.50
     4 0.013763 0.10 0.05 1.00 0.45 5.00 0.50
     6 0.004003 0.10 0.10 1.00 0.65 1.00 0.25
  41 5
     1 0.518407 0.10 0.05 1.00 0.45 5.00 0.50
     4 0.067178 0.10 0.05 1.00 0.45 5.00 0.50
     5 0.019207 0.10 0.05 1.00 0.45 5.00 0.50
     6 0.379213 0.10 0.10 1.00 0.65 1.00 0.25
     7 0.015995 0.10 0.10 1.00 0.65 1.00 0.25
  42 5
     1 0.633599 0.10 0.05 1.00 0.45 5.00 0.50
     4 0.038385 0.10 0.05 1.00 0.45 5.00 0.50
     5 0.003203 0.10 0.05 1.00 0.45 5.00 0.50
     6 0.321616 0.10 0.10 1.00 0.65 1.00 0.25
     7 0.003198 0.10 0.10 1.00 0.65 1.00 0.25
  43 4
     1 0.727973 0.10 0.05 1.00 0.45 5.00 0.50
     4 0.032003 0.10 0.05 1.00 0.45 5.00 0.50
     5 0.064031 0.10 0.05 1.00 0.45 5.00 0.50
     6 0.140767 0.10 0.10 1.00 0.65 1.00 0.25
  44 3
     1 0.465720 0.10 0.05 1.00 0.45 5.00 0.50
     5 0.009608 0.10 0.05 1.00 0.45 5.00 0.50
     6 0.524672 0.10 0.10 1.00 0.65 1.00 0.25
  45 6
     1 0.363383 0.10 0.05 1.00 0.45 5.00 0.50
     5 0.006404 0.10 0.05 1.00 0.45 5.00 0.50
     6 0.521443 0.10 0.10 1.00 0.65 1.00 0.25
     7 0.051174 0.10 0.10 1.00 0.65 1.00 0.25
    10 0.006399 0.10 0.10 1.00 0.70 0.50 0.20
    11 0.025593 0.10 0.10 0.75 0.60 0.50 0.30
  46 4
     1 0.219198 0.10 0.05 1.00 0.45 5.00 0.50
     5 0.006397 0.10 0.05 1.00 0.45 5.00 0.50
     6 0.768007 0.10 0.10 1.00 0.65 1.00 0.25
     7 0.006397 0.10 0.10 1.00 0.65 1.00 0.25
  47 4
     1 0.281516 0.10 0.05 1.00 0.45 5.00 0.50
     5 0.006402 0.10 0.05 1.00 0.45 5.00 0.50
     6 0.705680 0.10 0.10 1.00 0.65 1.00 0.25
     7 0.006402 0.10 0.10 1.00 0.65 1.00 0.25
  48 4
     1 0.086390 0.10 0.05 1.00 0.45 5.00 0.50
     6 0.824014 0.10 0.10 1.00 0.65 1.00 0.25
     7 0.063990 0.10 0.10 1.00 0.65 1.00 0.25
    10 0.006401 0.10 0.10 1.00 0.70 0.50 0.20
  49 4
     6 0.571304 0.10 0.10 1.00 0.65 1.00 0.25
     7 0.326326 0.10 0.10 1.00 0.65 1.00 0.25
     8 0.006397 0.10 0.10 1.00 0.65 0.50 0.25
    10 0.095973 0.10 0.10 1.00 0.70 0.50 0.20
  50 3
     1 0.134351 0.10 0.05 1.00 0.45 5.00 0.50
     6 0.651220 0.10 0.10 1.00 0.65 1.00 0.25
     7 0.214429 0.10 0.10 1.00 0.65 1.00 0.25
  51 4
     1 0.033740 0.10 0.05 1.00 0.45 5.00 0.50
     6 0.514659 0.10 0.10 1.00 0.65 1.00 0.25
     7 0.387166 0.10 0.10 1.00 0.65 1.00 0.25
    10 0.007163 0.10 0.10 1.00 0.70 0.50 0.20
  52 4
     1 0.063370 0.10 0.05 1.00 0.45 5.00 0.50
     6 0.638797 0.10 0.10 1.00 0.65 1.00 0.25
     7 0.272399 0.10 0.10 1.00 0.65 1.00 0.25
    10 0.025434 0.10 0.10 1.00 0.70 0.50 0.20
  53 2
     1 0.950212 0.10 0.05 1.00 0.45 5.00 0.50
     6 0.049788 0.10 0.10 1.00 0.65 1.00 0.25
  54 4
     1 0.710948 0.10 0.05 1.00 0.45 5.00 0.50
     4 0.045973 0.10 0.05 1.00 0.45 5.00 0.50
     5 0.039882 0.10 0.05 1.00 0.45 5.00 0.50
     6 0.203197 0.10 0.10 1.00 0.65 1.00 0.25
  55 4
     1 0.867640 0.10 0.05 1.00 0.45 5.00 0.50
     4 0.035427 0.10 0.05 1.00 0.45 5.00 0.50
     5 0.048629 0.10 0.05 1.00 0.45 5.00 0.50
     6 0.048305 0.10 0.10 1.00 0.65 1.00 0.25
  56 3
     1 0.457546 0.10 0.05 1.00 0.45 5.00 0.50
     4 0.006401 0.10 0.05 1.00 0.45 5.00 0.50
     6 0.532856 0.10 0.10 1.00 0.65 1.00 0.25
  57 4
     1 0.470318 0.10 0.05 1.00 0.45 5.00 0.50
     4 0.006404 0.10 0.05 1.00 0.45 5.00 0.50
     5 0.006398 0.10 0.05 1.00 0.45 5.00 0.50
     6 0.516880 0.10 0.10 1.00 0.65 1.00 0.25
  58 5
     1 0.287923 0.10 0.05 1.00 0.45 5.00 0.50
     5 0.015997 0.10 0.05 1.00 0.45 5.00 0.50
     6 0.617703 0.10 0.10 1.00 0.65 1.00 0.25
     7 0.025611 0.10 0.10 1.00 0.65 1.00 0.25
    11 0.052767 0.10 0.10 0.75 0.60 0.50 0.30
  59 6
     1 0.348915 0.10 0.05 1.00 0.45 5.00 0.50
     4 0.006404 0.10 0.05 1.00 0.45 5.00 0.50
     5 0.009597 0.10 0.05 1.00 0.45 5.00 0.50
     6 0.575923 0.10 0.10 1.00 0.65 1.00 0.25
     7 0.006394 0.10 0.10 1.00 0.65 1.00 0.25
    11 0.052768 0.10 0.10 0.75 0.60 0.50 0.30
  60 3
     1 0.172793 0.10 0.05 1.00 0.45 5.00 0.50
     6 0.820807 0.10 0.10 1.00 0.65 1.00 0.25
     7 0.006401 0.10 0.10 1.00 0.65 1.00 0.25
  61 4
     1 0.060844 0.10 0.05 1.00 0.45 5.00 0.50
     6 0.689592 0.10 0.10 1.00 0.65 1.00 0.25
     7 0.217571 0.10 0.10 1.00 0.65 1.00 0.25
    10 0.031992 0.10 0.10 1.00 0.70 0.50 0.20
  62 4
     6 0.623965 0.10 0.10 1.00 0.65 1.00 0.25
     7 0.323278 0.10 0.10 1.00 0.65 1.00 0.25
     8 0.009592 0.10 0.10 1.00 0.65 0.50 0.25
    10 0.043165 0.10 0.10 1.00 0.70 0.50 0.20
  63 5
     1 0.006963 0.10 0.05 1.00 0.45 5.00 0.50
     6 0.491672 0.10 0.10 1.00 0.65 1.00 0.25
     7 0.274471 0.10 0.10 1.00 0.65 1.00 0.25
     8 0.013914 0.10 0.10 1.00 0.65 0.50 0.25
    10 0.212980 0.10 0.10 1.00 0.70 0.50 0.20
  64 4
     6 0.107640 0.10 0.10 1.00 0.65 1.00 0.25
     7 0.411831 0.10 0.10 1.00 0.65 1.00 0.25
     8 0.067586 0.10 0.10 1.00 0.65 0.50 0.25
    10 0.412943 0.10 0.10 1.00 0.70 0.50 0.20
  65 3
     1 0.783037 0.10 0.05 1.00 0.45 5.00 0.50
     5 0.214796 0.10 0.05 1.00 0.45 5.00 0.50
     6 0.002168 0.10 0.10 1.00 0.65 1.00 0.25
  66 4
     1 0.606964 0.10 0.05 1.00 0.45 5.00 0.50
     4 0.026307 0.10 0.05 1.00 0.45 5.00 0.50
     5 0.057585 0.10 0.05 1.00 0.45 5.00 0.50
     6 0.309144 0.10 0.10 1.00 0.65 1.00 0.25
  67 2
     1 0.211271 0.10 0.05 1.00 0.45 5.00 0.50
     6 0.622389 0.10 0.10 1.00 0.65 1.00 0.25
  68 2
     1 0.396888 0.10 0.05 1.00 0.45 5.00 0.50
     6 0.420802 0.10 0.10 1.00 0.65 1.00 0.25
  69 6
     1 0.361563 0.10 0.05 1.00 0.45 5.00 0.50
     4 0.012797 0.10 0.05 1.00 0.45 5.00 0.50
     5 0.025582 0.10 0.05 1.00 0.45 5.00 0.50
     6 0.566438 0.10 0.10 1.00 0.65 1.00 0.25
     7 0.003202 0.10 0.10 1.00 0.65 1.00 0.25
    11 0.004804 0.10 0.10 0.75 0.60 0.50 0.30
  70 4
     1 0.371087 0.10 0.05 1.00 0.45 5.00 0.50
     6 0.608097 0.10 0.10 1.00 0.65 1.00 0.25
     7 0.009608 0.10 0.10 1.00 0.65 1.00 0.25
    11 0.011208 0.10 0.10 0.75 0.60 0.50 0.30
  71 3
     1 0.403240 0.10 0.05 1.00 0.45 5.00 0.50
     4 0.006400 0.10 0.05 1.00 0.45 5.00 0.50
     6 0.590360 0.10 0.10 1.00 0.65 1.00 0.25
  72 3
     1 0.042087 0.10 0.05 1.00 0.45 5.00 0.50
     6 0.873692 0.10 0.10 1.00 0.65 1.00 0.25
     7 0.064795 0.10 0.10 1.00 0.65 1.00 0.25
  73 5
     6 0.290248 0.10 0.10 1.00 0.65 1.00 0.25
     7 0.408687 0.10 0.10 1.00 0.65 1.00 0.25
     8 0.037039 0.10 0.10 1.00 0.65 0.50 0.25
    10 0.263746 0.10 0.10 1.00 0.70 0.50 0.20
    11 0.000279 0.10 0.10 0.75 0.60 0.50 0.30
  74 2
     7 0.273365 0.10 0.10 1.00 0.65 1.00 0.25
    10 0.726635 0.10 0.10 1.00 0.70 0.50 0.20
  75 3
     1 0.211738 0.10 0.05 1.00 0.45 5.00 0.50
     4 0.033794 0.10 0.05 1.00 0.45 5.00 0.50
     6 0.754468 0.10 0.10 1.00 0.65 1.00 0.25
  76 4
     1 0.241238 0.10 0.05 1.00 0.45 5.00 0.50
     4 0.021337 0.10 0.05 1.00 0.45 5.00 0.50
     5 0.035541 0.10 0.05 1.00 0.45 5.00 0.50
     6 0.701884 0.10 0.10 1.00 0.65 1.00 0.25
  77 4
     1 0.070350 0.10 0.05 1.00 0.45 5.00 0.50
     5 0.006395 0.10 0.05 1.00 0.45 5.00 0.50
     6 0.590322 0.10 0.10 1.00 0.65 1.00 0.25
     7 0.025600 0.10 0.10 1.00 0.65 1.00 0.25
  78 3
     1 0.236772 0.10 0.05 1.00 0.45 5.00 0.50
     4 0.031981 0.10 0.05 1.00 0.45 5.00 0.50
     6 0.622378 0.10 0.10 1.00 0.65 1.00 0.25
  79 3
     1 0.195192 0.10 0.05 1.00 0.45 5.00 0.50
     6 0.644736 0.10 0.10 1.00 0.65 1.00 0.25
     7 0.006404 0.10 0.10 1.00 0.65 1.00 0.25
  80 3
     1 0.693224 0.10 0.05 1.00 0.45 5.00 0.50
     4 0.022133 0.10 0.05 1.00 0.45 5.00 0.50
     6 0.284643 0.10 0.10 1.00 0.65 1.00 0.25
  81 2
     1 0.291668 0.10 0.05 1.00 0.45 5.00 0.50
     6 0.708332 0.10 0.10 1.00 0.65 1.00 0.25
  82 2
     1 0.270553 0.10 0.05 1.00 0.45 5.00 0.50
     6 0.729447 0.10 0.10 1.00 0.65 1.00 0.25
  83 1
     1 1.000000 0.10 0.05 1.00 0.45 5.00 0.50
  84 4
     1 0.460894 0.10 0.05 1.00 0.45 5.00 0.50
     4 0.008170 0.10 0.05 1.00 0.45 5.00 0.50
     5 0.040806 0.10 0.05 1.00 0.45 5.00 0.50
     6 0.490130 0.10 0.10 1.00 0.65 1.00 0.25
  85 4
     1 0.453865 0.10 0.05 1.00 0.45 5.00 0.50
     4 0.008575 0.10 0.05 1.00 0.45 5.00 0.50
     5 0.025732 0.10 0.05 1.00 0.45 5.00 0.50
     6 0.494685 0.10 0.10 1.00 0.65 1.00 0.25
  86 4
     1 0.451878 0.10 0.05 1.00 0.45 5.00 0.50
     4 0.020219 0.10 0.05 1.00 0.45 5.00 0.50
     5 0.060665 0.10 0.05 1.00 0.45 5.00 0.50
     6 0.467238 0.10 0.10 1.00 0.65 1.00 0.25
  87 3
     1 0.316039 0.10 0.05 1.00 0.45 5.00 0.50
     5 0.015263 0.10 0.05 1.00 0.45 5.00 0.50
     6 0.668698 0.10 0.10 1.00 0.65 1.00 0.25
  88 2
     1 0.622326 0.10 0.05 1.00 0.45 5.00 0.50
     6 0.377674 0.10 0.10 1.00 0.65 1.00 0.25
  89 1
     6 1.000000 0.10 0.10 1.00 0.65 1.00 0.25
  90 4
     1 0.529020 0.10 0.05 1.00 0.45 5.00 0.50
     4 0.034818 0.10 0.05 1.00 0.45 5.00 0.50
     5 0.403274 0.10 0.05 1.00 0.45 5.00 0.50
     6 0.032887 0.10 0.10 1.00 0.65 1.00 0.25
  91 2
     1 0.219254 0.10 0.05 1.00 0.45 5.00 0.50
     6 0.780746 0.10 0.10 1.00 0.65 1.00 0.25
