   1 1
     6 1.000000 0.10 0.10 1.00 0.65 1.00 0.25
   2 1
     6 1.000000 0.10 0.10 1.00 0.65 1.00 0.25
   3 2
     6 0.901882 0.10 0.10 1.00 0.65 1.00 0.25
     7 0.098118 0.10 0.10 1.00 0.65 1.00 0.25
   4 2
     6 0.801725 0.10 0.10 1.00 0.65 1.00 0.25
     7 0.198275 0.10 0.10 1.00 0.65 1.00 0.25
   5 1
     6 1.000000 0.10 0.10 1.00 0.65 1.00 0.25
   6 2
     6 0.884444 0.10 0.10 1.00 0.65 1.00 0.25
     7 0.115556 0.10 0.10 1.00 0.65 1.00 0.25
   7 3
     1 0.310776 0.10 0.05 1.00 0.45 5.00 0.50
     6 0.642972 0.10 0.10 1.00 0.65 1.00 0.25
     7 0.046252 0.10 0.10 1.00 0.65 1.00 0.25
   8 3
     1 0.743454 0.10 0.05 1.00 0.45 5.00 0.50
     5 0.057039 0.10 0.05 1.00 0.45 5.00 0.50
     6 0.199506 0.10 0.10 1.00 0.65 1.00 0.25
   9 3
     1 0.706266 0.10 0.05 1.00 0.45 5.00 0.50
     5 0.055514 0.10 0.05 1.00 0.45 5.00 0.50
     6 0.238220 0.10 0.10 1.00 0.65 1.00 0.25
  10 2
     6 0.931079 0.10 0.10 1.00 0.65 1.00 0.25
     7 0.068921 0.10 0.10 1.00 0.65 1.00 0.25
  11 2
     1 0.393608 0.10 0.05 1.00 0.45 5.00 0.50
     6 0.606392 0.10 0.10 1.00 0.65 1.00 0.25
  12 3
     1 0.897625 0.10 0.05 1.00 0.45 5.00 0.50
     5 0.019202 0.10 0.05 1.00 0.45 5.00 0.50
     6 0.083173 0.10 0.10 1.00 0.65 1.00 0.25
  13 3
     1 0.708114 0.10 0.05 1.00 0.45 5.00 0.50
     5 0.041409 0.10 0.05 1.00 0.45 5.00 0.50
     6 0.250477 0.10 0.10 1.00 0.65 1.00 0.25
  14 3
     1 0.950475 0.10 0.05 1.00 0.45 5.00 0.50
     5 0.009419 0.10 0.05 1.00 0.45 5.00 0.50
     6 0.040106 0.10 0.10 1.00 0.65 1.00 0.25
  15 1
     6 1.000000 0.10 0.10 1.00 0.65 1.00 0.25
  16 2
     1 0.560700 0.10 0.05 1.00 0.45 5.00 0.50
     6 0.439300 0.10 0.10 1.00 0.65 1.00 0.25
  17 2
     1 0.478065 0.10 0.05 1.00 0.45 5.00 0.50
     6 0.521935 0.10 0.10 1.00 0.65 1.00 0.25
  18 3
     1 0.750396 0.10 0.05 1.00 0.45 5.00 0.50
     4 0.025608 0.10 0.05 1.00 0.45 5.00 0.50
     6 0.223996 0.10 0.10 1.00 0.65 1.00 0.25
  19 3
     1 0.836522 0.10 0.05 1.00 0.45 5.00 0.50
     4 0.149799 0.10 0.05 1.00 0.45 5.00 0.50
     6 0.013679 0.10 0.10 1.00 0.65 1.00 0.25
  20 3
     1 0.688127 0.10 0.05 1.00 0.45 5.00 0.50
     4 0.175923 0.10 0.05 1.00 0.45 5.00 0.50
     6 0.135950 0.10 0.10 1.00 0.65 1.00 0.25
  21 1
     1 1.000000 0.10 0.05 1.00 0.45 5.00 0.50
  22 2
     1 0.677192 0.10 0.05 1.00 0.45 5.00 0.50
     6 0.322808 0.10 0.10 1.00 0.65 1.00 0.25
  23 2
     1 0.915390 0.10 0.05 1.00 0.45 5.00 0.50
     6 0.084610 0.10 0.10 1.00 0.65 1.00 0.25
  24 1
     1 1.000000 0.10 0.05 1.00 0.45 5.00 0.50
  25 2
     1 0.962806 0.10 0.05 1.00 0.45 5.00 0.50
     6 0.037194 0.10 0.10 1.00 0.65 1.00 0.25
  26 4
     1 0.324213 0.10 0.05 1.00 0.45 5.00 0.50
     4 0.082197 0.10 0.05 1.00 0.45 5.00 0.50
     5 0.081709 0.10 0.05 1.00 0.45 5.00 0.50
     6 0.511881 0.10 0.10 1.00 0.65 1.00 0.25
  27 3
     1 0.889584 0.10 0.05 1.00 0.45 5.00 0.50
     4 0.008003 0.10 0.05 1.00 0.45 5.00 0.50
     6 0.102413 0.10 0.10 1.00 0.65 1.00 0.25
  28 4
     1 0.854361 0.10 0.05 1.00 0.45 5.00 0.50
     4 0.004802 0.10 0.05 1.00 0.45 5.00 0.50
     5 0.051210 0.10 0.05 1.00 0.45 5.00 0.50
     6 0.089627 0.10 0.10 1.00 0.65 1.00 0.25
  29 2
     1 0.611142 0.10 0.05 1.00 0.45 5.00 0.50
     6 0.388858 0.10 0.10 1.00 0.65 1.00 0.25
  30 3
     1 0.635001 0.10 0.05 1.00 0.45 5.00 0.50
     4 0.078208 0.10 0.05 1.00 0.45 5.00 0.50
     6 0.286792 0.10 0.10 1.00 0.65 1.00 0.25
  31 3
     1 0.411229 0.10 0.05 1.00 0.45 5.00 0.50
     6 0.550374 0.10 0.10 1.00 0.65 1.00 0.25
     7 0.038397 0.10 0.10 1.00 0.65 1.00 0.25
  32 4
     1 0.431419 0.10 0.05 1.00 0.45 5.00 0.50
     4 0.033410 0.10 0.05 1.00 0.45 5.00 0.50
     6 0.418247 0.10 0.10 1.00 0.65 1.00 0.25
     7 0.116923 0.10 0.10 1.00 0.65 1.00 0.25
  33 4
     1 0.673686 0.10 0.05 1.00 0.45 5.00 0.50
     6 0.276040 0.10 0.10 1.00 0.65 1.00 0.25
     7 0.040486 0.10 0.10 1.00 0.65 1.00 0.25
    11 0.009789 0.10 0.10 0.75 0.60 0.50 0.30
  34 4
     1 0.403806 0.10 0.05 1.00 0.45 5.00 0.50
     6 0.476644 0.10 0.10 1.00 0.65 1.00 0.25
     7 0.065628 0.10 0.10 1.00 0.65 1.00 0.25
    11 0.053921 0.10 0.10 0.75 0.60 0.50 0.30
  35 1
     6 1.000000 0.10 0.10 1.00 0.65 1.00 0.25
  36 2
     1 0.382854 0.10 0.05 1.00 0.45 5.00 0.50
     6 0.617146 0.10 0.10 1.00 0.65 1.00 0.25
  37 3
     1 0.670708 0.10 0.05 1.00 0.45 5.00 0.50
     6 0.325426 0.10 0.10 1.00 0.65 1.00 0.25
     7 0.003866 0.10 0.10 1.00 0.65 1.00 0.25
  38 3
     1 0.397732 0.10 0.05 1.00 0.45 5.00 0.50
     6 0.508444 0.10 0.10 1.00 0.65 1.00 0.25
     7 0.093824 0.10 0.10 1.00 0.65 1.00 0.25
  39 5
     1 0.302328 0.10 0.05 1.00 0.45 5.00 0.50
     4 0.075003 0.10 0.05 1.00 0.45 5.00 0.50
     5 0.037507 0.10 0.05 1.00 0.45 5.00 0.50
     6 0.552045 0.10 0.10 1.00 0.65 1.00 0.25
     7 0.033117 0.10 0.10 1.00 0.65 1.00 0.25
  40 5
     1 0.128983 0.10 0.05 1.00 0.45 5.00 0.50
     4 0.119056 0.10 0.05 1.00 0.45 5.00 0.50
     5 0.039678 0.10 0.05 1.00 0.45 5.00 0.50
     6 0.373384 0.10 0.10 1.00 0.65 1.00 0.25
     7 0.338899 0.10 0.10 1.00 0.65 1.00 0.25
  41 3
     1 0.350031 0.10 0.05 1.00 0.45 5.00 0.50
     6 0.646813 0.10 0.10 1.00 0.65 1.00 0.25
     7 0.003157 0.10 0.10 1.00 0.65 1.00 0.25
  42 4
     1 0.481124 0.10 0.05 1.00 0.45 5.00 0.50
     4 0.070696 0.10 0.05 1.00 0.45 5.00 0.50
     6 0.399629 0.10 0.10 1.00 0.65 1.00 0.25
     7 0.048551 0.10 0.10 1.00 0.65 1.00 0.25
  43 3
     1 0.385529 0.10 0.05 1.00 0.45 5.00 0.50
     6 0.306236 0.10 0.10 1.00 0.65 1.00 0.25
     7 0.308235 0.10 0.10 1.00 0.65 1.00 0.25
  44 2
     6 0.159705 0.10 0.10 1.00 0.65 1.00 0.25
     7 0.840295 0.10 0.10 1.00 0.65 1.00 0.25
  45 3
     1 0.293063 0.10 0.05 1.00 0.45 5.00 0.50
     6 0.277530 0.10 0.10 1.00 0.65 1.00 0.25
     7 0.429407 0.10 0.10 1.00 0.65 1.00 0.25
  46 1
     6 1.000000 0.10 0.10 1.00 0.65 1.00 0.25
